156022 0
156022 1
156022 2
156022 3
156022 5
156036 1
156037 0
156037 2
156037 4
156038 3
156052 0
156052 1
156052 2
156052 3
156052 5
156066 1
156067 0
156067 2
156067 4
156068 3
156082 0
156082 1
156082 2
156082 3
156082 5
156096 1
156097 0
156097 2
156097 4
156098 3
156112 0
156112 1
156112 2
156112 3
156112 5
156126 1
156127 0
156127 2
156127 4
156128 3
156142 0
156142 1
156142 2
156142 3
156142 5
156156 1
156157 0
156157 2
156157 4
156158 3
156172 0
156172 1
156172 2
156172 3
156172 5
156186 1
156187 0
156187 2
156187 4
156188 3
156202 0
156202 1
156202 2
156202 3
156202 5
156216 1
156217 0
156217 2
156217 4
156218 3
156232 0
156232 1
156232 2
156232 3
156232 5
156246 1
156247 0
156247 2
156247 4
156248 3
156262 0
156262 1
156262 2
156262 3
156262 4
156276 3
156277 0
156277 2
156277 5
156278 1
156292 0
156292 1
156292 2
156292 3
156292 4
156306 3
156307 0
156307 2
156307 5
156308 1
156322 0
156322 1
156322 2
156322 3
156322 4
156336 3
156337 0
156337 2
156337 5
156338 1
156352 0
156352 1
156352 2
156352 3
156352 4
156366 3
156367 0
156367 2
156367 5
156368 1
156382 0
156382 1
156382 2
156382 3
156382 4
156396 3
156397 0
156397 2
156397 5
156398 1
156412 0
156412 1
156412 2
156412 3
156412 4
156426 3
156427 0
156427 2
156427 5
156428 1
156442 0
156442 1
156442 2
156442 3
156442 4
156456 3
156457 0
156457 2
156457 5
156458 1
156472 0
156472 1
156472 2
156472 3
156472 5
156486 1
156487 0
156487 2
156487 4
156488 3
156502 0
156502 1
156502 2
156502 3
156502 5
156516 1
156517 0
156517 2
156517 4
156518 3
156532 0
156532 1
156532 2
156532 3
156532 5
156546 1
156547 0
156547 2
156547 4
156548 3
156562 0
156562 1
156562 2
156562 3
156562 5
156576 1
156577 0
156577 2
156577 4
156577 5
156578 3
156590 1
156591 4
156592 0
156592 2
156592 4
156594 3
156606 1
156607 0
156607 2
156607 4
156608 3
156622 0
156622 1
156622 2
156622 3
156622 5
156636 1
156637 0
156637 2
156637 4
156638 3
156652 0
156652 1
156652 2
156652 3
156652 4
156666 3
156667 0
156667 2
156667 5
156668 1
156682 0
156682 1
156682 2
156682 3
156682 5
156696 1
156697 0
156697 2
156697 4
156698 3
156712 0
156712 1
156712 2
156712 3
156712 4
156726 3
156727 0
156727 2
156727 5
156728 1
156742 0
156742 1
156742 2
156742 3
156742 4
156756 3
156757 0
156757 2
156757 5
156758 1
156772 0
156772 1
156772 2
156772 3
156772 4
156786 3
156787 0
156787 2
156787 5
156788 1
156802 0
156802 1
156802 2
156802 3
156802 4
156816 3
156817 0
156817 2
156817 5
156818 1
156832 0
156832 1
156832 2
156832 3
156832 4
156846 3
156847 0
156847 2
156847 5
156848 1
156862 0
156862 1
156862 2
156862 3
156862 4
156876 3
156877 0
156877 2
156877 5
156878 1
156892 0
156892 1
156892 2
156892 3
156892 4
156906 3
156907 0
156907 2
156907 5
156908 1
156922 0
156922 1
156922 2
156922 3
156922 4
156936 3
156937 0
156937 2
156937 5
156938 1
156952 0
156952 1
156952 2
156952 3
156952 4
156966 3
156967 0
156967 2
156967 5
156968 1
156982 0
156982 1
156982 2
156982 3
156982 4
156996 3
156997 0
156997 2
156997 5
156998 1
157012 0
157012 1
157012 2
157012 3
157012 5
157026 1
157027 0
157027 2
157027 4
157028 3
157042 0
157042 1
157042 2
157042 3
157042 5
157056 1
157057 0
157057 2
157057 4
157058 3
157072 0
157072 1
157072 2
157072 3
157072 5
157086 1
157087 0
157087 2
157087 4
157088 3
157102 0
157102 1
157102 2
157102 3
157102 5
157116 1
157117 0
157117 2
157117 4
157118 3
157132 0
157132 1
157132 2
157132 3
157132 5
157146 1
157147 0
157147 2
157147 4
157148 3
157162 0
157162 1
157162 2
157162 3
157162 5
157176 1
157177 0
157177 2
157177 4
157178 3
157192 0
157192 1
157192 2
157192 3
157192 5
157206 1
157207 0
157207 2
157207 4
157208 3
157222 0
157222 1
157222 2
157222 3
157222 5
157236 1
157237 0
157237 2
157237 4
157238 3
157252 0
157252 1
157252 2
157252 3
157252 5
157266 1
157267 0
157267 2
157267 4
157268 3
157282 0
157282 1
157282 2
157282 3
157282 5
157296 1
157297 0
157297 2
157297 4
157298 3
157312 0
157312 1
157312 2
157312 3
157312 5
157326 1
157327 0
157327 2
157327 4
157328 3
157342 0
157342 1
157342 2
157342 3
157342 5
157356 1
157357 0
157357 2
157357 4
157358 3
157372 0
157372 1
157372 2
157372 3
157372 5
157386 1
157387 0
157387 2
157387 4
157388 3
157402 0
157402 1
157402 2
157402 3
157402 5
157416 1
157417 0
157417 2
157417 4
157418 3
157432 0
157432 1
157432 2
157432 3
157432 5
157446 1
157447 0
157447 2
157447 4
157448 3
157462 0
157462 1
157462 2
157462 3
157462 5
157476 1
157477 0
157477 2
157477 4
157478 3
157492 0
157492 1
157492 2
157492 3
157492 4
157506 3
157507 0
157507 2
157507 5
157508 1
157522 0
157522 1
157522 2
157522 3
157522 5
157536 1
157537 0
157537 2
157537 4
157538 3
157552 0
157552 1
157552 2
157552 3
157552 4
157566 0
157566 3
157567 5
157568 1
157568 2
157582 0
157582 1
157582 2
157582 3
157582 4
157596 3
157597 0
157597 2
157597 5
157598 1
157612 0
157612 1
157612 2
157612 3
157612 4
157626 3
157627 0
157627 2
157627 5
157628 1
157642 0
157642 1
157642 2
157642 3
157642 4
157656 3
157657 0
157657 2
157657 5
157658 1
157672 0
157672 1
157672 2
157672 3
157672 4
157686 3
157687 0
157687 2
157687 4
157687 5
157688 1
157700 3
157701 5
157702 0
157702 2
157702 5
157704 1
157716 3
157717 0
157717 2
157717 4
157717 5
157718 1
157730 3
157731 5
157732 0
157732 2
157732 5
157734 1
157746 3
157747 0
157747 2
157747 4
157747 5
157748 1
157760 3
157761 5
157762 0
157762 2
157762 5
157764 1
157776 3
157777 0
157777 2
157777 4
157777 5
157778 1
157790 3
157791 2
157791 5
157792 5
157793 0
157794 1
157806 2
157806 3
157807 5
157808 0
157808 1
157821 2
157822 1
157822 3
157822 4
157823 0
157836 2
157836 3
157837 5
157838 0
157838 1
157851 2
157852 1
157852 3
157852 4
157853 0
157866 2
157866 3
157867 5
157868 0
157868 1
157881 2
157882 1
157882 3
157882 5
157883 0
157896 1
157896 2
157897 4
157898 0
157898 3
157911 2
157912 1
157912 3
157912 4
157913 0
157926 2
157926 3
157927 5
157928 0
157928 1
157941 2
157942 1
157942 3
157942 5
157943 0
157956 1
157956 2
157957 5
157958 0
157958 3
157970 1
157971 2
157972 4
157973 0
157974 3
157986 1
157986 2
157987 5
157988 0
157988 3
158000 1
158001 2
158002 4
158003 0
158004 3
158016 2
158017 1
158017 3
158017 5
158018 0
158031 1
158031 2
158032 5
158033 0
158033 3
158045 1
158047 0
158047 2
158047 4
158049 3
158061 1
158062 0
158062 2
158062 4
158062 5
158063 3
158075 1
158076 4
158077 0
158077 2
158077 4
158079 3
158091 1
158092 0
158092 2
158092 4
158092 5
158093 3
158105 1
158106 4
158107 0
158107 2
158107 4
158109 3
158121 0
158121 1
158122 4
158123 2
158123 3
158136 0
158137 1
158137 3
158137 5
158138 2
158151 0
158151 1
158152 4
158153 2
158153 3
158166 0
158167 1
158167 3
158167 5
158168 2
158180 1
158181 0
158181 4
158182 4
158183 2
158184 3
158196 0
158196 1
158197 4
158197 5
158198 2
158198 3
158210 1
158211 0
158211 4
158212 4
158213 2
158214 3
158226 0
158226 1
158227 4
158228 2
158228 3
158241 0
158242 1
158242 3
158242 5
158243 2
158256 0
158256 1
158257 4
158258 2
158258 3
158271 0
158272 1
158272 3
158272 4
158273 2
158286 0
158286 3
158287 5
158288 1
158288 2
158301 0
158302 1
158302 3
158302 4
158303 2
158316 0
158316 3
158317 4
158318 1
158318 2
158330 3
158331 0
158332 5
158333 2
158334 1
158346 0
158346 3
158347 4
158348 1
158348 2
158360 3
158361 0
158362 5
158363 2
158364 1
158376 0
158376 3
158377 4
158378 1
158378 2
158391 0
158391 3
158392 4
158393 1
158393 2
158405 3
158406 0
158406 5
158407 5
158408 2
158409 1
158421 3
158422 0
158422 2
158422 4
158422 5
158423 1
158435 3
158436 5
158437 0
158437 2
158437 5
158439 1
158451 3
158452 0
158452 2
158452 4
158452 5
158453 1
158465 3
158466 5
158467 0
158467 2
158467 5
158469 1
158481 3
158482 0
158482 2
158482 4
158482 5
158483 1
158495 3
158496 5
158497 0
158497 2
158497 5
158499 1
158511 2
158511 3
158512 4
158512 5
158513 0
158513 1
158525 3
158526 2
158526 5
158527 5
158528 0
158529 1
158541 2
158541 3
158542 5
158543 0
158543 1
158556 2
158556 3
158557 4
158557 5
158558 0
158558 1
158570 3
158571 2
158571 5
158572 5
158573 0
158574 1
158586 2
158586 3
158587 5
158588 0
158588 1
158601 2
158602 1
158602 3
158602 4
158603 0
158616 2
158616 3
158617 4
158617 5
158618 0
158618 1
158630 2
158630 3
158631 5
158632 5
158634 0
158634 1
158635 4
158645 2
158646 3
158647 5
158648 1
158649 0
158650 4
158660 2
158662 1
158662 3
158662 5
158664 0
158675 2
158676 1
158677 5
158678 3
158679 0
158690 1
158690 2
158692 4
158694 0
158694 3
158705 2
158707 1
158707 3
158707 5
158709 0
158720 2
158721 1
158722 5
158723 3
158724 0
158735 1
158736 2
158737 4
158738 0
158739 3
158751 1
158751 2
158752 4
158753 0
158753 3
158766 2
158767 1
158767 3
158767 5
158768 0
158781 1
158781 2
158782 5
158783 0
158783 3
158795 1
158796 2
158797 5
158798 0
158799 3
158809 1
158811 2
158812 4
158813 0
158815 3
158825 1
158827 0
158827 2
158827 5
158829 3
158839 1
158842 0
158842 2
158842 5
158845 3
158853 1
158857 0
158857 2
158857 4
158861 3
158869 1
158872 0
158872 2
158872 4
158875 3
158885 1
158886 0
158887 4
158887 5
158888 2
158889 3
158899 1
158901 0
158902 4
158903 2
158905 3
158906 5
158915 1
158916 0
158917 4
158917 5
158918 2
158919 3
158929 1
158931 0
158932 4
158933 2
158935 3
158936 5
158945 0
158945 1
158946 4
158947 4
158949 2
158949 3
158950 5
158960 0
158961 1
158962 4
158962 5
158963 3
158964 2
158975 0
158975 1
158976 4
158977 4
158979 2
158979 3
158980 5
158990 0
158991 1
158992 4
158993 3
158994 2
158995 5
159005 0
159006 1
159006 4
159007 4
159008 3
159009 2
159020 0
159021 4
159022 1
159022 3
159022 4
159024 2
