249982 0
249982 1
249982 2
249982 3
249982 4
249996 3
249997 0
249997 2
249997 5
249998 1
250012 0
250012 1
250012 2
250012 3
250012 4
250026 3
250027 0
250027 2
250027 5
250028 1
250041 2
250042 1
250042 3
250042 4
250043 0
250056 2
250056 3
250057 5
250058 0
250058 1
250071 2
250072 1
250072 3
250072 4
250073 0
250086 2
250086 3
250087 5
250088 0
250088 1
250101 2
250102 1
250102 3
250102 5
250103 0
250116 1
250116 2
250117 4
250118 0
250118 3
250131 2
250132 1
250132 3
250132 5
250133 0
250146 1
250146 2
250147 4
250148 0
250148 3
250161 2
250162 1
250162 3
250162 5
250163 0
250176 1
250176 2
250177 5
250178 0
250178 3
250190 1
250191 2
250191 4
250192 4
250193 0
250194 3
250206 1
250207 0
250207 2
250207 4
250207 5
250208 3
250220 1
250221 4
250222 0
250222 2
250222 4
250224 3
250236 1
250237 0
250237 2
250237 4
250237 5
250238 3
250250 1
250251 4
250252 0
250252 2
250252 4
250254 3
250267 0
250267 1
250267 2
250267 3
250267 5
250280 1
250281 4
250282 0
250282 2
250282 4
250284 3
250297 0
250297 1
250297 2
250297 3
250297 5
250310 1
250311 4
250312 0
250312 2
250312 4
250314 3
250326 1
250327 0
250327 2
250327 4
250327 5
250328 3
250340 1
250341 4
250342 0
250342 2
250342 4
250344 3
250356 0
250356 1
250357 4
250358 2
250358 3
250371 0
250372 1
250372 3
250372 5
250373 2
250386 0
250386 1
250387 4
250388 2
250388 3
250401 0
250402 1
250402 3
250402 5
250403 2
250416 0
250416 1
250417 4
250418 2
250418 3
250431 0
250432 1
250432 3
250432 5
250433 2
250446 0
250446 1
250447 4
250448 2
250448 3
250461 0
250462 1
250462 3
250462 5
250463 2
250476 0
250476 1
250477 4
250478 2
250478 3
250491 0
250492 1
250492 3
250492 4
250493 2
250506 0
250506 3
250507 5
250508 1
250508 2
250521 0
250522 1
250522 3
250522 4
250523 2
250536 0
250536 3
250537 5
250538 1
250538 2
250551 0
250552 1
250552 3
250552 4
250553 2
250566 0
250566 3
250567 5
250568 1
250568 2
250582 0
250582 1
250582 2
250582 3
250582 4
250596 3
250597 0
250597 2
250597 4
250598 1
250610 3
250611 5
250612 0
250612 2
250612 5
250614 1
250626 3
250627 0
250627 2
250627 4
250627 5
250628 1
250640 3
250641 5
250642 0
250642 2
250642 5
250644 1
250656 3
250657 0
250657 2
250657 4
250657 5
250658 1
250670 3
250671 5
250672 0
250672 2
250672 5
250674 1
250686 3
250687 0
250687 2
250687 4
250687 5
250688 1
250700 3
250701 5
250702 0
250702 2
250702 5
250704 1
250716 2
250716 3
250717 5
250718 0
250718 1
250731 2
250732 1
250732 3
250732 4
250733 0
250746 2
250746 3
250747 5
250748 0
250748 1
250761 2
250762 1
250762 3
250762 4
250763 0
250776 2
250776 3
250777 5
250778 0
250778 1
250791 2
250792 1
250792 3
250792 4
250793 0
250806 2
250806 3
250807 5
250808 0
250808 1
250821 2
250822 1
250822 3
250822 5
250823 0
250836 1
250836 2
250837 4
250838 0
250838 3
250851 2
250852 1
250852 3
250852 5
250853 0
250866 1
250866 2
250867 4
250868 0
250868 3
250881 2
250882 1
250882 3
250882 5
250883 0
250896 1
250896 2
250897 5
250898 0
250898 3
250910 1
250911 2
250911 4
250912 4
250913 0
250914 3
250926 1
250926 2
250927 5
250928 0
250928 3
250940 1
250941 2
250941 4
250942 4
250943 0
250944 3
250957 0
250957 1
250957 2
250957 3
250957 5
250971 1
250972 0
250972 2
250972 4
250973 3
250987 0
250987 1
250987 2
250987 3
250987 5
251001 1
251002 0
251002 2
251002 4
251003 3
251017 0
251017 1
251017 2
251017 3
251017 5
251031 1
251032 0
251032 2
251032 4
251033 3
251047 0
251047 1
251047 2
251047 3
251047 5
251061 1
251062 0
251062 2
251062 4
251063 3
251077 0
251077 1
251077 2
251077 3
251077 5
251091 1
251092 0
251092 2
251092 4
251093 3
251106 0
251107 1
251107 3
251107 5
251108 2
251120 1
251121 0
251121 4
251122 4
251123 2
251124 3
251136 0
251136 1
251137 4
251138 2
251138 3
251151 0
251152 1
251152 3
251152 5
251153 2
251166 0
251166 1
251167 4
251168 2
251168 3
251181 0
251182 1
251182 3
251182 5
251183 2
251196 0
251196 1
251197 4
251198 2
251198 3
251211 0
251212 1
251212 3
251212 4
251213 2
251226 0
251226 3
251227 5
251228 1
251228 2
251241 0
251242 1
251242 3
251242 4
251243 2
251256 0
251256 3
251257 5
251258 1
251258 2
251271 0
251272 1
251272 3
251272 4
251273 2
251286 0
251286 3
251287 5
251288 1
251288 2
251301 0
251302 1
251302 3
251302 4
251303 2
251316 0
251316 3
251317 4
251318 1
251318 2
251330 3
251331 5
251332 0
251332 2
251332 5
251334 1
251346 3
251347 0
251347 2
251347 4
251347 5
251348 1
251360 3
251361 5
251362 0
251362 2
251362 5
251364 1
251376 3
251377 0
251377 2
251377 4
251377 5
251378 1
251390 3
251391 5
251392 0
251392 2
251392 5
251394 1
251406 3
251407 0
251407 2
251407 4
251407 5
251408 1
251420 3
251421 5
251422 0
251422 2
251422 5
251424 1
251436 2
251436 3
251437 5
251438 0
251438 1
251451 2
251452 1
251452 3
251452 4
251453 0
251466 2
251466 3
251467 5
251468 0
251468 1
251481 2
251482 1
251482 3
251482 4
251483 0
251496 2
251496 3
251497 5
251498 0
251498 1
251511 2
251512 1
251512 3
251512 4
251513 0
251526 2
251526 3
251527 5
251528 0
251528 1
251541 2
251542 1
251542 3
251542 5
251543 0
251556 1
251556 2
251557 4
251558 0
251558 3
251571 2
251572 1
251572 3
251572 5
251573 0
251586 1
251586 2
251587 4
251588 0
251588 3
251601 2
251602 1
251602 3
251602 5
251603 0
251616 1
251616 2
251617 5
251618 0
251618 3
251630 1
251631 2
251631 4
251632 4
251633 0
251634 3
251646 1
251646 2
251647 5
251648 0
251648 3
251660 1
251661 2
251661 4
251662 4
251663 0
251664 3
251677 0
251677 1
251677 2
251677 3
251677 5
251691 1
251692 0
251692 2
251692 4
251693 3
251707 0
251707 1
251707 2
251707 3
251707 5
251721 1
251722 0
251722 2
251722 4
251723 3
251737 0
251737 1
251737 2
251737 3
251737 5
251751 1
251752 0
251752 2
251752 4
251753 3
251767 0
251767 1
251767 2
251767 3
251767 5
251781 1
251782 0
251782 2
251782 4
251783 3
251797 0
251797 1
251797 2
251797 3
251797 5
251811 1
251812 0
251812 2
251812 4
251813 3
251826 0
251827 1
251827 3
251827 5
251828 2
251840 1
251841 0
251841 4
251842 4
251843 2
251844 3
251856 0
251856 1
251857 4
251858 2
251858 3
251871 0
251872 1
251872 3
251872 5
251873 2
251886 0
251886 1
251887 4
251888 2
251888 3
251901 0
251902 1
251902 3
251902 5
251903 2
251916 0
251916 1
251917 4
251918 2
251918 3
251931 0
251932 1
251932 3
251932 5
251933 2
251946 0
251946 1
251947 4
251948 2
251948 3
251961 0
251962 1
251962 3
251962 4
251963 2
251976 0
251976 3
251977 5
251978 1
251978 2
251991 0
251992 1
251992 3
251992 4
251993 2
252006 0
252006 3
252007 5
252008 1
252008 2
252021 0
252022 1
252022 3
252022 4
252023 2
252036 0
252036 3
252037 4
252038 1
252038 2
252050 3
252051 0
252051 5
252052 5
252053 2
252054 1
252066 3
252067 0
252067 2
252067 4
252067 5
252068 1
252080 3
252081 5
252082 0
252082 2
252082 5
252084 1
252096 3
252097 0
252097 2
252097 4
252097 5
252098 1
252110 3
252111 5
252112 0
252112 2
252112 5
252114 1
252126 3
252127 0
252127 2
252127 4
252127 5
252128 1
252140 3
252141 5
252142 0
252142 2
252142 5
252144 1
252156 3
252157 0
252157 2
252157 4
252157 5
252158 1
252170 3
252171 5
252172 0
252172 2
252172 5
252174 1
252186 2
252186 3
252187 4
252187 5
252188 0
252188 1
252200 3
252201 2
252201 5
252202 5
252203 0
252204 1
252216 2
252216 3
252217 5
252218 0
252218 1
252231 2
252232 1
252232 3
252232 4
252233 0
252246 2
252246 3
252247 5
252248 0
252248 1
252261 2
252262 1
252262 3
252262 4
252263 0
252276 2
252276 3
252277 5
252278 0
252278 1
252291 2
252292 1
252292 3
252292 5
252293 0
252306 1
252306 2
252307 4
252308 0
252308 3
252321 2
252322 1
252322 3
252322 5
252323 0
252336 1
252336 2
252337 5
252338 0
252338 3
252350 1
252351 2
252352 4
252353 0
252354 3
252366 1
252366 2
252367 5
252368 0
252368 3
252380 1
252381 2
252382 4
252383 0
252384 3
252396 2
252397 1
252397 3
252397 5
252398 0
252411 1
252411 2
252412 4
252413 0
252413 3
252427 0
252427 1
252427 2
252427 3
252427 5
252441 1
252442 0
252442 2
252442 5
252443 3
252455 1
252457 0
252457 2
252457 4
252459 3
252471 1
252472 0
252472 2
252472 5
252473 3
252485 1
252486 4
252487 0
252487 2
252487 4
252489 3
252501 1
252502 0
252502 2
252502 4
252503 3
252517 0
252517 1
252517 2
252517 3
252517 5
252531 1
252532 0
252532 2
252532 4
252533 3
252546 0
252547 1
252547 3
252547 5
252548 2
252561 0
252561 1
252562 4
252563 2
252563 3
252576 0
252577 1
252577 3
252577 5
252578 2
252590 1
252591 0
252591 4
252592 4
252593 2
252594 3
252606 0
252606 1
252607 4
252608 2
252608 3
252621 0
252622 1
252622 3
252622 5
252623 2
252636 0
252636 1
252637 4
252638 2
252638 3
252651 0
252652 1
252652 3
252652 5
252653 2
252666 0
252666 1
252667 4
252668 2
252668 3
252681 0
252682 1
252682 3
252682 4
252683 2
252696 0
252696 3
252697 5
252698 1
252698 2
252711 0
252712 1
252712 3
252712 4
252713 2
252726 0
252726 3
252727 5
252728 1
252728 2
252741 0
252742 1
252742 3
252742 4
252743 2
252756 0
252756 3
252757 4
252758 1
252758 2
252770 3
252771 0
252771 5
252772 5
252773 2
252774 1
252786 0
252786 3
252787 4
252788 1
252788 2
252800 3
252801 0
252801 5
252802 5
252803 2
252804 1
252816 3
252817 0
252817 2
252817 4
252817 5
252818 1
252830 3
252831 5
252832 0
252832 2
252832 5
252834 1
252846 3
252847 0
252847 2
252847 4
252847 5
252848 1
252860 3
252861 5
252862 0
252862 2
252862 4
252864 1
252874 3
252875 5
252877 0
252877 2
252877 5
252880 1
252890 3
252891 5
252892 0
252892 2
252892 5
252894 1
252906 3
252907 0
252907 2
252907 4
252907 5
252908 1
252920 3
252921 5
252922 0
252922 2
252922 5
252924 1
252936 2
252936 3
252937 4
252937 5
252938 0
252938 1
252950 3
252951 2
252951 5
252952 5
252953 0
252954 1
252966 2
252966 3
252967 4
252967 5
252968 0
252968 1
252980 3
252981 2
252981 5
252982 4
252983 0
252984 1
