9270 tensor([[ 0.3043,  0.1008],
        [ 0.2012, -0.0308],
        [-0.3197, -0.0887],
        [-0.2316,  0.0335]], device='cuda:0')
9271 tensor([[ 0.3043,  0.1008],
        [ 0.2012, -0.0308],
        [-0.3197, -0.0887],
        [-0.2316,  0.0335]], device='cuda:0')
9272 tensor([[ 0.3043,  0.1008],
        [ 0.2012, -0.0308],
        [-0.3197, -0.0888],
        [-0.2316,  0.0335]], device='cuda:0')
9273 tensor([[ 0.3043,  0.1008],
        [ 0.2012, -0.0308],
        [-0.3197, -0.0888],
        [-0.2316,  0.0335]], device='cuda:0')
9274 tensor([[ 0.3043,  0.1008],
        [ 0.2012, -0.0307],
        [-0.3197, -0.0888],
        [-0.2316,  0.0335]], device='cuda:0')
9275 tensor([[ 0.3043,  0.1009],
        [ 0.2011, -0.0307],
        [-0.3197, -0.0888],
        [-0.2316,  0.0335]], device='cuda:0')
9276 tensor([[ 0.3043,  0.1009],
        [ 0.2011, -0.0307],
        [-0.3197, -0.0888],
        [-0.2316,  0.0334]], device='cuda:0')
9277 tensor([[ 0.3042,  0.1009],
        [ 0.2011, -0.0307],
        [-0.3197, -0.0889],
        [-0.2316,  0.0334]], device='cuda:0')
9278 tensor([[ 0.3042,  0.1009],
        [ 0.2011, -0.0307],
        [-0.3196, -0.0889],
        [-0.2316,  0.0334]], device='cuda:0')
9279 tensor([[ 0.3042,  0.1009],
        [ 0.2011, -0.0307],
        [-0.3196, -0.0889],
        [-0.2316,  0.0334]], device='cuda:0')
9280 tensor([[ 0.3042,  0.1010],
        [ 0.2011, -0.0307],
        [-0.3196, -0.0889],
        [-0.2316,  0.0334]], device='cuda:0')
9281 tensor([[ 0.3042,  0.1010],
        [ 0.2011, -0.0307],
        [-0.3196, -0.0890],
        [-0.2315,  0.0334]], device='cuda:0')
9282 tensor([[ 0.3042,  0.1010],
        [ 0.2011, -0.0306],
        [-0.3196, -0.0890],
        [-0.2315,  0.0334]], device='cuda:0')
9283 tensor([[ 0.3042,  0.1010],
        [ 0.2011, -0.0306],
        [-0.3196, -0.0890],
        [-0.2315,  0.0333]], device='cuda:0')
9284 tensor([[ 0.3042,  0.1010],
        [ 0.2011, -0.0306],
        [-0.3196, -0.0890],
        [-0.2315,  0.0333]], device='cuda:0')
9285 tensor([[ 0.3042,  0.1011],
        [ 0.2011, -0.0306],
        [-0.3196, -0.0890],
        [-0.2315,  0.0333]], device='cuda:0')
9286 tensor([[ 0.3042,  0.1011],
        [ 0.2011, -0.0306],
        [-0.3196, -0.0891],
        [-0.2315,  0.0333]], device='cuda:0')
9287 tensor([[ 0.3042,  0.1011],
        [ 0.2011, -0.0306],
        [-0.3196, -0.0891],
        [-0.2315,  0.0333]], device='cuda:0')
9288 tensor([[ 0.3042,  0.1011],
        [ 0.2011, -0.0306],
        [-0.3196, -0.0891],
        [-0.2315,  0.0333]], device='cuda:0')
9289 tensor([[ 0.3042,  0.1011],
        [ 0.2011, -0.0306],
        [-0.3196, -0.0891],
        [-0.2315,  0.0333]], device='cuda:0')
9290 tensor([[ 0.3042,  0.1012],
        [ 0.2011, -0.0305],
        [-0.3196, -0.0892],
        [-0.2315,  0.0332]], device='cuda:0')
9291 tensor([[ 0.3042,  0.1012],
        [ 0.2011, -0.0305],
        [-0.3196, -0.0892],
        [-0.2315,  0.0332]], device='cuda:0')
9292 tensor([[ 0.3042,  0.1012],
        [ 0.2011, -0.0305],
        [-0.3196, -0.0892],
        [-0.2315,  0.0332]], device='cuda:0')
9293 tensor([[ 0.3041,  0.1012],
        [ 0.2011, -0.0305],
        [-0.3196, -0.0892],
        [-0.2315,  0.0332]], device='cuda:0')
9294 tensor([[ 0.3041,  0.1012],
        [ 0.2011, -0.0305],
        [-0.3196, -0.0892],
        [-0.2315,  0.0333]], device='cuda:0')
9295 tensor([[ 0.3041,  0.1013],
        [ 0.2011, -0.0305],
        [-0.3196, -0.0892],
        [-0.2315,  0.0333]], device='cuda:0')
9296 tensor([[ 0.3041,  0.1013],
        [ 0.2011, -0.0306],
        [-0.3196, -0.0893],
        [-0.2315,  0.0333]], device='cuda:0')
9297 tensor([[ 0.3041,  0.1013],
        [ 0.2011, -0.0306],
        [-0.3196, -0.0893],
        [-0.2315,  0.0334]], device='cuda:0')
9298 tensor([[ 0.3041,  0.1013],
        [ 0.2011, -0.0306],
        [-0.3196, -0.0893],
        [-0.2315,  0.0334]], device='cuda:0')
9299 tensor([[ 0.3041,  0.1014],
        [ 0.2011, -0.0306],
        [-0.3196, -0.0893],
        [-0.2315,  0.0334]], device='cuda:0')
9300 tensor([[ 0.3041,  0.1014],
        [ 0.2011, -0.0306],
        [-0.3196, -0.0893],
        [-0.2315,  0.0334]], device='cuda:0')
9301 tensor([[ 0.3041,  0.1014],
        [ 0.2011, -0.0307],
        [-0.3196, -0.0893],
        [-0.2315,  0.0335]], device='cuda:0')
9302 tensor([[ 0.3040,  0.1014],
        [ 0.2011, -0.0307],
        [-0.3196, -0.0893],
        [-0.2315,  0.0335]], device='cuda:0')
9303 tensor([[ 0.3040,  0.1015],
        [ 0.2010, -0.0307],
        [-0.3196, -0.0894],
        [-0.2315,  0.0335]], device='cuda:0')
9304 tensor([[ 0.3040,  0.1015],
        [ 0.2010, -0.0307],
        [-0.3196, -0.0894],
        [-0.2315,  0.0336]], device='cuda:0')
9305 tensor([[ 0.3040,  0.1015],
        [ 0.2010, -0.0307],
        [-0.3196, -0.0894],
        [-0.2316,  0.0336]], device='cuda:0')
9306 tensor([[ 0.3040,  0.1015],
        [ 0.2010, -0.0308],
        [-0.3196, -0.0894],
        [-0.2316,  0.0336]], device='cuda:0')
9307 tensor([[ 0.3040,  0.1015],
        [ 0.2010, -0.0308],
        [-0.3196, -0.0894],
        [-0.2316,  0.0336]], device='cuda:0')
9308 tensor([[ 0.3040,  0.1016],
        [ 0.2010, -0.0308],
        [-0.3196, -0.0894],
        [-0.2316,  0.0337]], device='cuda:0')
9309 tensor([[ 0.3040,  0.1016],
        [ 0.2010, -0.0308],
        [-0.3196, -0.0894],
        [-0.2316,  0.0337]], device='cuda:0')
9310 tensor([[ 0.3040,  0.1016],
        [ 0.2010, -0.0308],
        [-0.3195, -0.0895],
        [-0.2316,  0.0337]], device='cuda:0')
9311 tensor([[ 0.3040,  0.1016],
        [ 0.2010, -0.0309],
        [-0.3195, -0.0895],
        [-0.2316,  0.0337]], device='cuda:0')
9312 tensor([[ 0.3040,  0.1016],
        [ 0.2010, -0.0309],
        [-0.3195, -0.0895],
        [-0.2315,  0.0338]], device='cuda:0')
9313 tensor([[ 0.3040,  0.1016],
        [ 0.2010, -0.0309],
        [-0.3195, -0.0895],
        [-0.2315,  0.0338]], device='cuda:0')
9314 tensor([[ 0.3040,  0.1017],
        [ 0.2010, -0.0309],
        [-0.3195, -0.0895],
        [-0.2315,  0.0338]], device='cuda:0')
9315 tensor([[ 0.3040,  0.1017],
        [ 0.2010, -0.0310],
        [-0.3195, -0.0896],
        [-0.2315,  0.0338]], device='cuda:0')
9316 tensor([[ 0.3040,  0.1017],
        [ 0.2010, -0.0310],
        [-0.3195, -0.0896],
        [-0.2315,  0.0338]], device='cuda:0')
9317 tensor([[ 0.3039,  0.1017],
        [ 0.2010, -0.0310],
        [-0.3195, -0.0896],
        [-0.2315,  0.0339]], device='cuda:0')
9318 tensor([[ 0.3039,  0.1017],
        [ 0.2010, -0.0310],
        [-0.3195, -0.0896],
        [-0.2315,  0.0339]], device='cuda:0')
9319 tensor([[ 0.3039,  0.1017],
        [ 0.2010, -0.0311],
        [-0.3195, -0.0896],
        [-0.2315,  0.0339]], device='cuda:0')
9320 tensor([[ 0.3039,  0.1018],
        [ 0.2010, -0.0311],
        [-0.3195, -0.0896],
        [-0.2315,  0.0339]], device='cuda:0')
9321 tensor([[ 0.3039,  0.1018],
        [ 0.2010, -0.0311],
        [-0.3195, -0.0897],
        [-0.2315,  0.0339]], device='cuda:0')
9322 tensor([[ 0.3039,  0.1018],
        [ 0.2010, -0.0311],
        [-0.3195, -0.0897],
        [-0.2315,  0.0340]], device='cuda:0')
9323 tensor([[ 0.3039,  0.1018],
        [ 0.2010, -0.0311],
        [-0.3195, -0.0897],
        [-0.2315,  0.0340]], device='cuda:0')
9324 tensor([[ 0.3039,  0.1018],
        [ 0.2010, -0.0312],
        [-0.3195, -0.0897],
        [-0.2315,  0.0341]], device='cuda:0')
9325 tensor([[ 0.3039,  0.1019],
        [ 0.2010, -0.0312],
        [-0.3195, -0.0897],
        [-0.2316,  0.0342]], device='cuda:0')
9326 tensor([[ 0.3039,  0.1019],
        [ 0.2010, -0.0313],
        [-0.3195, -0.0897],
        [-0.2316,  0.0342]], device='cuda:0')
9327 tensor([[ 0.3039,  0.1019],
        [ 0.2010, -0.0314],
        [-0.3195, -0.0897],
        [-0.2316,  0.0343]], device='cuda:0')
9328 tensor([[ 0.3039,  0.1019],
        [ 0.2010, -0.0314],
        [-0.3195, -0.0898],
        [-0.2316,  0.0343]], device='cuda:0')
9329 tensor([[ 0.3039,  0.1019],
        [ 0.2010, -0.0315],
        [-0.3195, -0.0898],
        [-0.2316,  0.0344]], device='cuda:0')
9330 tensor([[ 0.3038,  0.1020],
        [ 0.2010, -0.0315],
        [-0.3195, -0.0898],
        [-0.2316,  0.0345]], device='cuda:0')
9331 tensor([[ 0.3038,  0.1020],
        [ 0.2010, -0.0316],
        [-0.3195, -0.0898],
        [-0.2316,  0.0345]], device='cuda:0')
9332 tensor([[ 0.3038,  0.1020],
        [ 0.2010, -0.0316],
        [-0.3195, -0.0898],
        [-0.2316,  0.0346]], device='cuda:0')
9333 tensor([[ 0.3038,  0.1020],
        [ 0.2010, -0.0317],
        [-0.3195, -0.0898],
        [-0.2316,  0.0347]], device='cuda:0')
9334 tensor([[ 0.3038,  0.1020],
        [ 0.2010, -0.0317],
        [-0.3195, -0.0898],
        [-0.2316,  0.0347]], device='cuda:0')
9335 tensor([[ 0.3038,  0.1021],
        [ 0.2010, -0.0318],
        [-0.3195, -0.0898],
        [-0.2316,  0.0348]], device='cuda:0')
9336 tensor([[ 0.3038,  0.1021],
        [ 0.2010, -0.0318],
        [-0.3195, -0.0898],
        [-0.2316,  0.0348]], device='cuda:0')
9337 tensor([[ 0.3038,  0.1021],
        [ 0.2010, -0.0319],
        [-0.3195, -0.0899],
        [-0.2316,  0.0349]], device='cuda:0')
9338 tensor([[ 0.3038,  0.1021],
        [ 0.2010, -0.0319],
        [-0.3195, -0.0899],
        [-0.2316,  0.0349]], device='cuda:0')
9339 tensor([[ 0.3038,  0.1021],
        [ 0.2010, -0.0320],
        [-0.3195, -0.0899],
        [-0.2316,  0.0350]], device='cuda:0')
9340 tensor([[ 0.3038,  0.1021],
        [ 0.2010, -0.0320],
        [-0.3195, -0.0899],
        [-0.2316,  0.0351]], device='cuda:0')
9341 tensor([[ 0.3038,  0.1022],
        [ 0.2010, -0.0321],
        [-0.3195, -0.0899],
        [-0.2316,  0.0351]], device='cuda:0')
9342 tensor([[ 0.3038,  0.1022],
        [ 0.2010, -0.0322],
        [-0.3195, -0.0899],
        [-0.2316,  0.0352]], device='cuda:0')
9343 tensor([[ 0.3038,  0.1022],
        [ 0.2010, -0.0322],
        [-0.3195, -0.0900],
        [-0.2316,  0.0352]], device='cuda:0')
9344 tensor([[ 0.3038,  0.1022],
        [ 0.2010, -0.0323],
        [-0.3195, -0.0900],
        [-0.2316,  0.0353]], device='cuda:0')
9345 tensor([[ 0.3037,  0.1022],
        [ 0.2010, -0.0323],
        [-0.3195, -0.0900],
        [-0.2316,  0.0353]], device='cuda:0')
9346 tensor([[ 0.3037,  0.1022],
        [ 0.2010, -0.0324],
        [-0.3195, -0.0900],
        [-0.2316,  0.0354]], device='cuda:0')
9347 tensor([[ 0.3037,  0.1022],
        [ 0.2010, -0.0324],
        [-0.3195, -0.0900],
        [-0.2316,  0.0354]], device='cuda:0')
9348 tensor([[ 0.3037,  0.1023],
        [ 0.2010, -0.0325],
        [-0.3194, -0.0900],
        [-0.2316,  0.0355]], device='cuda:0')
9349 tensor([[ 0.3037,  0.1023],
        [ 0.2010, -0.0325],
        [-0.3194, -0.0900],
        [-0.2316,  0.0355]], device='cuda:0')
9350 tensor([[ 0.3037,  0.1023],
        [ 0.2010, -0.0326],
        [-0.3194, -0.0901],
        [-0.2316,  0.0356]], device='cuda:0')
9351 tensor([[ 0.3037,  0.1023],
        [ 0.2010, -0.0326],
        [-0.3194, -0.0901],
        [-0.2316,  0.0356]], device='cuda:0')
9352 tensor([[ 0.3037,  0.1023],
        [ 0.2010, -0.0327],
        [-0.3194, -0.0901],
        [-0.2316,  0.0357]], device='cuda:0')
9353 tensor([[ 0.3037,  0.1023],
        [ 0.2010, -0.0327],
        [-0.3194, -0.0901],
        [-0.2316,  0.0357]], device='cuda:0')
9354 tensor([[ 0.3037,  0.1023],
        [ 0.2010, -0.0328],
        [-0.3194, -0.0901],
        [-0.2315,  0.0358]], device='cuda:0')
9355 tensor([[ 0.3037,  0.1023],
        [ 0.2009, -0.0328],
        [-0.3194, -0.0901],
        [-0.2315,  0.0358]], device='cuda:0')
9356 tensor([[ 0.3037,  0.1024],
        [ 0.2009, -0.0329],
        [-0.3194, -0.0902],
        [-0.2315,  0.0359]], device='cuda:0')
9357 tensor([[ 0.3037,  0.1024],
        [ 0.2009, -0.0329],
        [-0.3194, -0.0902],
        [-0.2314,  0.0359]], device='cuda:0')
9358 tensor([[ 0.3037,  0.1024],
        [ 0.2008, -0.0330],
        [-0.3194, -0.0902],
        [-0.2314,  0.0360]], device='cuda:0')
9359 tensor([[ 0.3037,  0.1024],
        [ 0.2008, -0.0330],
        [-0.3194, -0.0902],
        [-0.2313,  0.0360]], device='cuda:0')
9360 tensor([[ 0.3037,  0.1024],
        [ 0.2008, -0.0331],
        [-0.3194, -0.0902],
        [-0.2313,  0.0361]], device='cuda:0')
9361 tensor([[ 0.3037,  0.1024],
        [ 0.2007, -0.0331],
        [-0.3194, -0.0902],
        [-0.2313,  0.0361]], device='cuda:0')
9362 tensor([[ 0.3037,  0.1024],
        [ 0.2007, -0.0332],
        [-0.3194, -0.0902],
        [-0.2312,  0.0361]], device='cuda:0')
9363 tensor([[ 0.3037,  0.1024],
        [ 0.2007, -0.0332],
        [-0.3194, -0.0903],
        [-0.2312,  0.0362]], device='cuda:0')
9364 tensor([[ 0.3037,  0.1025],
        [ 0.2006, -0.0333],
        [-0.3194, -0.0903],
        [-0.2312,  0.0362]], device='cuda:0')
9365 tensor([[ 0.3037,  0.1025],
        [ 0.2006, -0.0333],
        [-0.3194, -0.0903],
        [-0.2311,  0.0363]], device='cuda:0')
9366 tensor([[ 0.3037,  0.1025],
        [ 0.2006, -0.0334],
        [-0.3194, -0.0903],
        [-0.2311,  0.0363]], device='cuda:0')
9367 tensor([[ 0.3037,  0.1025],
        [ 0.2005, -0.0334],
        [-0.3194, -0.0903],
        [-0.2311,  0.0364]], device='cuda:0')
9368 tensor([[ 0.3037,  0.1025],
        [ 0.2005, -0.0335],
        [-0.3193, -0.0903],
        [-0.2310,  0.0364]], device='cuda:0')
9369 tensor([[ 0.3036,  0.1025],
        [ 0.2005, -0.0335],
        [-0.3193, -0.0904],
        [-0.2309,  0.0365]], device='cuda:0')
9370 tensor([[ 0.3036,  0.1025],
        [ 0.2004, -0.0336],
        [-0.3192, -0.0904],
        [-0.2309,  0.0365]], device='cuda:0')
9371 tensor([[ 0.3036,  0.1025],
        [ 0.2004, -0.0336],
        [-0.3192, -0.0904],
        [-0.2308,  0.0366]], device='cuda:0')
9372 tensor([[ 0.3035,  0.1025],
        [ 0.2003, -0.0337],
        [-0.3192, -0.0904],
        [-0.2307,  0.0366]], device='cuda:0')
9373 tensor([[ 0.3035,  0.1026],
        [ 0.2002, -0.0337],
        [-0.3191, -0.0904],
        [-0.2307,  0.0366]], device='cuda:0')
9374 tensor([[ 0.3034,  0.1026],
        [ 0.2002, -0.0338],
        [-0.3191, -0.0904],
        [-0.2306,  0.0367]], device='cuda:0')
9375 tensor([[ 0.3034,  0.1026],
        [ 0.2001, -0.0338],
        [-0.3190, -0.0904],
        [-0.2305,  0.0367]], device='cuda:0')
9376 tensor([[ 0.3034,  0.1026],
        [ 0.2000, -0.0339],
        [-0.3190, -0.0905],
        [-0.2305,  0.0368]], device='cuda:0')
9377 tensor([[ 0.3033,  0.1026],
        [ 0.2000, -0.0339],
        [-0.3190, -0.0905],
        [-0.2304,  0.0368]], device='cuda:0')
9378 tensor([[ 0.3033,  0.1026],
        [ 0.1999, -0.0339],
        [-0.3189, -0.0905],
        [-0.2304,  0.0369]], device='cuda:0')
9379 tensor([[ 0.3033,  0.1026],
        [ 0.1999, -0.0340],
        [-0.3189, -0.0905],
        [-0.2303,  0.0369]], device='cuda:0')
9380 tensor([[ 0.3032,  0.1026],
        [ 0.1998, -0.0340],
        [-0.3188, -0.0905],
        [-0.2302,  0.0369]], device='cuda:0')
9381 tensor([[ 0.3032,  0.1026],
        [ 0.1997, -0.0341],
        [-0.3188, -0.0905],
        [-0.2302,  0.0370]], device='cuda:0')
9382 tensor([[ 0.3031,  0.1027],
        [ 0.1997, -0.0341],
        [-0.3188, -0.0905],
        [-0.2301,  0.0370]], device='cuda:0')
9383 tensor([[ 0.3031,  0.1027],
        [ 0.1996, -0.0342],
        [-0.3187, -0.0905],
        [-0.2300,  0.0371]], device='cuda:0')
9384 tensor([[ 0.3030,  0.1027],
        [ 0.1996, -0.0342],
        [-0.3186, -0.0906],
        [-0.2300,  0.0371]], device='cuda:0')
9385 tensor([[ 0.3030,  0.1027],
        [ 0.1995, -0.0343],
        [-0.3185, -0.0906],
        [-0.2299,  0.0371]], device='cuda:0')
9386 tensor([[ 0.3029,  0.1027],
        [ 0.1995, -0.0343],
        [-0.3185, -0.0906],
        [-0.2298,  0.0372]], device='cuda:0')
9387 tensor([[ 0.3028,  0.1027],
        [ 0.1994, -0.0343],
        [-0.3184, -0.0906],
        [-0.2297,  0.0372]], device='cuda:0')
9388 tensor([[ 0.3027,  0.1027],
        [ 0.1993, -0.0344],
        [-0.3183, -0.0906],
        [-0.2296,  0.0373]], device='cuda:0')
9389 tensor([[ 0.3027,  0.1027],
        [ 0.1992, -0.0344],
        [-0.3182, -0.0906],
        [-0.2295,  0.0373]], device='cuda:0')
9390 tensor([[ 0.3026,  0.1027],
        [ 0.1991, -0.0345],
        [-0.3182, -0.0906],
        [-0.2295,  0.0373]], device='cuda:0')
9391 tensor([[ 0.3025,  0.1027],
        [ 0.1990, -0.0345],
        [-0.3181, -0.0907],
        [-0.2294,  0.0374]], device='cuda:0')
9392 tensor([[ 0.3025,  0.1028],
        [ 0.1990, -0.0346],
        [-0.3180, -0.0907],
        [-0.2293,  0.0374]], device='cuda:0')
9393 tensor([[ 0.3024,  0.1028],
        [ 0.1989, -0.0346],
        [-0.3179, -0.0907],
        [-0.2292,  0.0375]], device='cuda:0')
9394 tensor([[ 0.3023,  0.1028],
        [ 0.1988, -0.0346],
        [-0.3179, -0.0907],
        [-0.2291,  0.0375]], device='cuda:0')
9395 tensor([[ 0.3022,  0.1028],
        [ 0.1987, -0.0347],
        [-0.3178, -0.0907],
        [-0.2291,  0.0375]], device='cuda:0')
9396 tensor([[ 0.3022,  0.1028],
        [ 0.1986, -0.0347],
        [-0.3177, -0.0907],
        [-0.2290,  0.0376]], device='cuda:0')
9397 tensor([[ 0.3021,  0.1028],
        [ 0.1986, -0.0348],
        [-0.3177, -0.0907],
        [-0.2289,  0.0376]], device='cuda:0')
9398 tensor([[ 0.3020,  0.1028],
        [ 0.1985, -0.0348],
        [-0.3176, -0.0907],
        [-0.2289,  0.0377]], device='cuda:0')
9399 tensor([[ 0.3020,  0.1028],
        [ 0.1984, -0.0348],
        [-0.3175, -0.0907],
        [-0.2288,  0.0377]], device='cuda:0')
9400 tensor([[ 0.3019,  0.1028],
        [ 0.1983, -0.0349],
        [-0.3175, -0.0906],
        [-0.2287,  0.0378]], device='cuda:0')
9401 tensor([[ 0.3018,  0.1028],
        [ 0.1983, -0.0349],
        [-0.3174, -0.0906],
        [-0.2287,  0.0379]], device='cuda:0')
9402 tensor([[ 0.3017,  0.1027],
        [ 0.1982, -0.0349],
        [-0.3174, -0.0906],
        [-0.2286,  0.0379]], device='cuda:0')
9403 tensor([[ 0.3017,  0.1027],
        [ 0.1981, -0.0350],
        [-0.3173, -0.0905],
        [-0.2285,  0.0380]], device='cuda:0')
9404 tensor([[ 0.3016,  0.1027],
        [ 0.1980, -0.0351],
        [-0.3172, -0.0905],
        [-0.2285,  0.0381]], device='cuda:0')
9405 tensor([[ 0.3015,  0.1027],
        [ 0.1979, -0.0351],
        [-0.3172, -0.0905],
        [-0.2284,  0.0381]], device='cuda:0')
9406 tensor([[ 0.3015,  0.1026],
        [ 0.1979, -0.0352],
        [-0.3171, -0.0905],
        [-0.2283,  0.0382]], device='cuda:0')
9407 tensor([[ 0.3014,  0.1026],
        [ 0.1978, -0.0352],
        [-0.3171, -0.0904],
        [-0.2283,  0.0383]], device='cuda:0')
9408 tensor([[ 0.3013,  0.1026],
        [ 0.1977, -0.0353],
        [-0.3170, -0.0904],
        [-0.2282,  0.0383]], device='cuda:0')
9409 tensor([[ 0.3013,  0.1026],
        [ 0.1976, -0.0353],
        [-0.3169, -0.0904],
        [-0.2281,  0.0384]], device='cuda:0')
9410 tensor([[ 0.3012,  0.1026],
        [ 0.1976, -0.0354],
        [-0.3169, -0.0903],
        [-0.2281,  0.0384]], device='cuda:0')
9411 tensor([[ 0.3011,  0.1025],
        [ 0.1975, -0.0354],
        [-0.3168, -0.0903],
        [-0.2280,  0.0385]], device='cuda:0')
9412 tensor([[ 0.3010,  0.1025],
        [ 0.1974, -0.0355],
        [-0.3168, -0.0903],
        [-0.2279,  0.0386]], device='cuda:0')
9413 tensor([[ 0.3010,  0.1025],
        [ 0.1973, -0.0355],
        [-0.3167, -0.0903],
        [-0.2279,  0.0386]], device='cuda:0')
9414 tensor([[ 0.3009,  0.1025],
        [ 0.1973, -0.0356],
        [-0.3166, -0.0902],
        [-0.2278,  0.0387]], device='cuda:0')
9415 tensor([[ 0.3008,  0.1025],
        [ 0.1972, -0.0356],
        [-0.3165, -0.0902],
        [-0.2277,  0.0387]], device='cuda:0')
9416 tensor([[ 0.3007,  0.1024],
        [ 0.1971, -0.0357],
        [-0.3164, -0.0902],
        [-0.2276,  0.0388]], device='cuda:0')
9417 tensor([[ 0.3006,  0.1024],
        [ 0.1970, -0.0358],
        [-0.3163, -0.0902],
        [-0.2275,  0.0388]], device='cuda:0')
9418 tensor([[ 0.3005,  0.1024],
        [ 0.1969, -0.0358],
        [-0.3162, -0.0901],
        [-0.2274,  0.0389]], device='cuda:0')
9419 tensor([[ 0.3004,  0.1024],
        [ 0.1968, -0.0359],
        [-0.3161, -0.0901],
        [-0.2273,  0.0389]], device='cuda:0')
9420 tensor([[ 0.3003,  0.1023],
        [ 0.1968, -0.0359],
        [-0.3160, -0.0901],
        [-0.2272,  0.0390]], device='cuda:0')
9421 tensor([[ 0.3002,  0.1023],
        [ 0.1967, -0.0360],
        [-0.3159, -0.0901],
        [-0.2271,  0.0390]], device='cuda:0')
9422 tensor([[ 0.3001,  0.1023],
        [ 0.1966, -0.0360],
        [-0.3158, -0.0901],
        [-0.2270,  0.0391]], device='cuda:0')
9423 tensor([[ 0.3000,  0.1023],
        [ 0.1965, -0.0361],
        [-0.3157, -0.0900],
        [-0.2269,  0.0391]], device='cuda:0')
9424 tensor([[ 0.2999,  0.1022],
        [ 0.1964, -0.0361],
        [-0.3156, -0.0900],
        [-0.2269,  0.0392]], device='cuda:0')
9425 tensor([[ 0.2998,  0.1022],
        [ 0.1963, -0.0362],
        [-0.3155, -0.0900],
        [-0.2268,  0.0392]], device='cuda:0')
9426 tensor([[ 0.2997,  0.1022],
        [ 0.1962, -0.0362],
        [-0.3154, -0.0900],
        [-0.2267,  0.0393]], device='cuda:0')
9427 tensor([[ 0.2996,  0.1022],
        [ 0.1961, -0.0363],
        [-0.3153, -0.0900],
        [-0.2266,  0.0393]], device='cuda:0')
9428 tensor([[ 0.2995,  0.1022],
        [ 0.1961, -0.0363],
        [-0.3152, -0.0899],
        [-0.2266,  0.0394]], device='cuda:0')
9429 tensor([[ 0.2995,  0.1021],
        [ 0.1960, -0.0364],
        [-0.3151, -0.0898],
        [-0.2265,  0.0395]], device='cuda:0')
9430 tensor([[ 0.2994,  0.1021],
        [ 0.1959, -0.0364],
        [-0.3151, -0.0898],
        [-0.2264,  0.0395]], device='cuda:0')
9431 tensor([[ 0.2993,  0.1020],
        [ 0.1958, -0.0365],
        [-0.3150, -0.0897],
        [-0.2263,  0.0396]], device='cuda:0')
9432 tensor([[ 0.2992,  0.1020],
        [ 0.1957, -0.0365],
        [-0.3149, -0.0897],
        [-0.2263,  0.0397]], device='cuda:0')
9433 tensor([[ 0.2991,  0.1019],
        [ 0.1956, -0.0366],
        [-0.3148, -0.0896],
        [-0.2262,  0.0398]], device='cuda:0')
9434 tensor([[ 0.2990,  0.1019],
        [ 0.1955, -0.0366],
        [-0.3147, -0.0896],
        [-0.2261,  0.0398]], device='cuda:0')
9435 tensor([[ 0.2989,  0.1018],
        [ 0.1954, -0.0367],
        [-0.3146, -0.0895],
        [-0.2260,  0.0399]], device='cuda:0')
9436 tensor([[ 0.2988,  0.1018],
        [ 0.1954, -0.0368],
        [-0.3146, -0.0894],
        [-0.2260,  0.0400]], device='cuda:0')
9437 tensor([[ 0.2987,  0.1017],
        [ 0.1953, -0.0368],
        [-0.3145, -0.0894],
        [-0.2259,  0.0400]], device='cuda:0')
9438 tensor([[ 0.2986,  0.1017],
        [ 0.1952, -0.0369],
        [-0.3144, -0.0893],
        [-0.2258,  0.0401]], device='cuda:0')
9439 tensor([[ 0.2985,  0.1016],
        [ 0.1951, -0.0369],
        [-0.3143, -0.0893],
        [-0.2258,  0.0402]], device='cuda:0')
9440 tensor([[ 0.2984,  0.1016],
        [ 0.1950, -0.0370],
        [-0.3142, -0.0892],
        [-0.2257,  0.0402]], device='cuda:0')
9441 tensor([[ 0.2983,  0.1016],
        [ 0.1949, -0.0371],
        [-0.3142, -0.0892],
        [-0.2256,  0.0403]], device='cuda:0')
9442 tensor([[ 0.2983,  0.1015],
        [ 0.1949, -0.0371],
        [-0.3141, -0.0891],
        [-0.2255,  0.0404]], device='cuda:0')
9443 tensor([[ 0.2982,  0.1015],
        [ 0.1948, -0.0372],
        [-0.3140, -0.0890],
        [-0.2255,  0.0404]], device='cuda:0')
9444 tensor([[ 0.2981,  0.1014],
        [ 0.1947, -0.0372],
        [-0.3139, -0.0890],
        [-0.2254,  0.0405]], device='cuda:0')
9445 tensor([[ 0.2980,  0.1014],
        [ 0.1946, -0.0373],
        [-0.3139, -0.0889],
        [-0.2253,  0.0406]], device='cuda:0')
9446 tensor([[ 0.2979,  0.1013],
        [ 0.1945, -0.0373],
        [-0.3138, -0.0888],
        [-0.2253,  0.0407]], device='cuda:0')
9447 tensor([[ 0.2978,  0.1012],
        [ 0.1945, -0.0374],
        [-0.3137, -0.0887],
        [-0.2252,  0.0408]], device='cuda:0')
9448 tensor([[ 0.2977,  0.1011],
        [ 0.1944, -0.0375],
        [-0.3136, -0.0886],
        [-0.2251,  0.0409]], device='cuda:0')
9449 tensor([[ 0.2976,  0.1011],
        [ 0.1943, -0.0375],
        [-0.3135, -0.0885],
        [-0.2251,  0.0409]], device='cuda:0')
9450 tensor([[ 0.2976,  0.1010],
        [ 0.1942, -0.0376],
        [-0.3135, -0.0885],
        [-0.2250,  0.0410]], device='cuda:0')
9451 tensor([[ 0.2975,  0.1009],
        [ 0.1941, -0.0377],
        [-0.3134, -0.0884],
        [-0.2249,  0.0411]], device='cuda:0')
9452 tensor([[ 0.2974,  0.1008],
        [ 0.1941, -0.0378],
        [-0.3133, -0.0883],
        [-0.2249,  0.0412]], device='cuda:0')
9453 tensor([[ 0.2973,  0.1008],
        [ 0.1940, -0.0378],
        [-0.3132, -0.0882],
        [-0.2248,  0.0413]], device='cuda:0')
9454 tensor([[ 0.2972,  0.1007],
        [ 0.1939, -0.0379],
        [-0.3132, -0.0881],
        [-0.2247,  0.0414]], device='cuda:0')
9455 tensor([[ 0.2971,  0.1006],
        [ 0.1938, -0.0380],
        [-0.3131, -0.0881],
        [-0.2247,  0.0414]], device='cuda:0')
9456 tensor([[ 0.2970,  0.1006],
        [ 0.1937, -0.0380],
        [-0.3130, -0.0880],
        [-0.2246,  0.0415]], device='cuda:0')
9457 tensor([[ 0.2970,  0.1005],
        [ 0.1937, -0.0381],
        [-0.3130, -0.0879],
        [-0.2245,  0.0416]], device='cuda:0')
9458 tensor([[ 0.2969,  0.1004],
        [ 0.1936, -0.0382],
        [-0.3129, -0.0878],
        [-0.2245,  0.0417]], device='cuda:0')
9459 tensor([[ 0.2968,  0.1004],
        [ 0.1935, -0.0382],
        [-0.3128, -0.0877],
        [-0.2244,  0.0418]], device='cuda:0')
9460 tensor([[ 0.2967,  0.1003],
        [ 0.1934, -0.0383],
        [-0.3127, -0.0876],
        [-0.2244,  0.0419]], device='cuda:0')
9461 tensor([[ 0.2966,  0.1002],
        [ 0.1934, -0.0384],
        [-0.3127, -0.0875],
        [-0.2243,  0.0420]], device='cuda:0')
9462 tensor([[ 0.2966,  0.1001],
        [ 0.1933, -0.0385],
        [-0.3126, -0.0874],
        [-0.2242,  0.0421]], device='cuda:0')
9463 tensor([[ 0.2965,  0.1000],
        [ 0.1932, -0.0386],
        [-0.3125, -0.0873],
        [-0.2242,  0.0422]], device='cuda:0')
9464 tensor([[ 0.2964,  0.0999],
        [ 0.1931, -0.0387],
        [-0.3125, -0.0872],
        [-0.2241,  0.0423]], device='cuda:0')
9465 tensor([[ 0.2963,  0.0998],
        [ 0.1931, -0.0387],
        [-0.3124, -0.0871],
        [-0.2240,  0.0424]], device='cuda:0')
9466 tensor([[ 0.2962,  0.0997],
        [ 0.1930, -0.0388],
        [-0.3123, -0.0870],
        [-0.2240,  0.0425]], device='cuda:0')
9467 tensor([[ 0.2962,  0.0996],
        [ 0.1929, -0.0389],
        [-0.3123, -0.0869],
        [-0.2239,  0.0426]], device='cuda:0')
9468 tensor([[ 0.2961,  0.0996],
        [ 0.1929, -0.0390],
        [-0.3122, -0.0868],
        [-0.2239,  0.0427]], device='cuda:0')
9469 tensor([[ 0.2960,  0.0995],
        [ 0.1928, -0.0391],
        [-0.3121, -0.0867],
        [-0.2238,  0.0428]], device='cuda:0')
9470 tensor([[ 0.2959,  0.0994],
        [ 0.1927, -0.0392],
        [-0.3121, -0.0866],
        [-0.2237,  0.0429]], device='cuda:0')
9471 tensor([[ 0.2959,  0.0993],
        [ 0.1926, -0.0393],
        [-0.3120, -0.0866],
        [-0.2237,  0.0430]], device='cuda:0')
9472 tensor([[ 0.2958,  0.0992],
        [ 0.1926, -0.0394],
        [-0.3119, -0.0865],
        [-0.2236,  0.0431]], device='cuda:0')
9473 tensor([[ 0.2957,  0.0991],
        [ 0.1925, -0.0394],
        [-0.3119, -0.0863],
        [-0.2236,  0.0432]], device='cuda:0')
9474 tensor([[ 0.2956,  0.0990],
        [ 0.1924, -0.0395],
        [-0.3118, -0.0862],
        [-0.2235,  0.0433]], device='cuda:0')
9475 tensor([[ 0.2956,  0.0990],
        [ 0.1924, -0.0396],
        [-0.3117, -0.0861],
        [-0.2234,  0.0434]], device='cuda:0')
9476 tensor([[ 0.2955,  0.0989],
        [ 0.1923, -0.0397],
        [-0.3117, -0.0860],
        [-0.2234,  0.0435]], device='cuda:0')
9477 tensor([[ 0.2954,  0.0987],
        [ 0.1922, -0.0399],
        [-0.3116, -0.0859],
        [-0.2233,  0.0437]], device='cuda:0')
9478 tensor([[ 0.2953,  0.0986],
        [ 0.1922, -0.0400],
        [-0.3115, -0.0858],
        [-0.2233,  0.0438]], device='cuda:0')
9479 tensor([[ 0.2953,  0.0985],
        [ 0.1921, -0.0401],
        [-0.3115, -0.0857],
        [-0.2232,  0.0439]], device='cuda:0')
9480 tensor([[ 0.2952,  0.0984],
        [ 0.1920, -0.0402],
        [-0.3114, -0.0855],
        [-0.2232,  0.0440]], device='cuda:0')
9481 tensor([[ 0.2951,  0.0983],
        [ 0.1920, -0.0403],
        [-0.3113, -0.0854],
        [-0.2231,  0.0441]], device='cuda:0')
9482 tensor([[ 0.2950,  0.0982],
        [ 0.1919, -0.0404],
        [-0.3113, -0.0853],
        [-0.2231,  0.0443]], device='cuda:0')
9483 tensor([[ 0.2950,  0.0981],
        [ 0.1918, -0.0405],
        [-0.3112, -0.0852],
        [-0.2230,  0.0444]], device='cuda:0')
9484 tensor([[ 0.2949,  0.0980],
        [ 0.1918, -0.0406],
        [-0.3112, -0.0851],
        [-0.2229,  0.0445]], device='cuda:0')
9485 tensor([[ 0.2948,  0.0979],
        [ 0.1917, -0.0407],
        [-0.3111, -0.0850],
        [-0.2229,  0.0446]], device='cuda:0')
9486 tensor([[ 0.2948,  0.0978],
        [ 0.1916, -0.0408],
        [-0.3110, -0.0849],
        [-0.2228,  0.0447]], device='cuda:0')
9487 tensor([[ 0.2947,  0.0977],
        [ 0.1916, -0.0409],
        [-0.3110, -0.0848],
        [-0.2228,  0.0448]], device='cuda:0')
9488 tensor([[ 0.2946,  0.0976],
        [ 0.1915, -0.0411],
        [-0.3109, -0.0847],
        [-0.2227,  0.0449]], device='cuda:0')
9489 tensor([[ 0.2946,  0.0975],
        [ 0.1914, -0.0412],
        [-0.3108, -0.0846],
        [-0.2226,  0.0451]], device='cuda:0')
9490 tensor([[ 0.2945,  0.0974],
        [ 0.1913, -0.0413],
        [-0.3107, -0.0845],
        [-0.2225,  0.0452]], device='cuda:0')
9491 tensor([[ 0.2944,  0.0973],
        [ 0.1912, -0.0414],
        [-0.3106, -0.0844],
        [-0.2224,  0.0453]], device='cuda:0')
9492 tensor([[ 0.2943,  0.0972],
        [ 0.1911, -0.0415],
        [-0.3105, -0.0843],
        [-0.2223,  0.0454]], device='cuda:0')
9493 tensor([[ 0.2942,  0.0970],
        [ 0.1910, -0.0416],
        [-0.3104, -0.0842],
        [-0.2222,  0.0455]], device='cuda:0')
9494 tensor([[ 0.2942,  0.0969],
        [ 0.1909, -0.0417],
        [-0.3103, -0.0841],
        [-0.2221,  0.0456]], device='cuda:0')
9495 tensor([[ 0.2941,  0.0968],
        [ 0.1909, -0.0418],
        [-0.3102, -0.0840],
        [-0.2220,  0.0457]], device='cuda:0')
9496 tensor([[ 0.2940,  0.0967],
        [ 0.1908, -0.0419],
        [-0.3101, -0.0839],
        [-0.2219,  0.0458]], device='cuda:0')
9497 tensor([[ 0.2939,  0.0966],
        [ 0.1907, -0.0420],
        [-0.3101, -0.0838],
        [-0.2218,  0.0459]], device='cuda:0')
9498 tensor([[ 0.2938,  0.0965],
        [ 0.1906, -0.0421],
        [-0.3100, -0.0837],
        [-0.2217,  0.0460]], device='cuda:0')
9499 tensor([[ 0.2937,  0.0964],
        [ 0.1905, -0.0422],
        [-0.3099, -0.0836],
        [-0.2217,  0.0461]], device='cuda:0')
9500 tensor([[ 0.2937,  0.0963],
        [ 0.1904, -0.0423],
        [-0.3098, -0.0835],
        [-0.2216,  0.0462]], device='cuda:0')
9501 tensor([[ 0.2936,  0.0962],
        [ 0.1903, -0.0424],
        [-0.3097, -0.0834],
        [-0.2215,  0.0463]], device='cuda:0')
9502 tensor([[ 0.2935,  0.0961],
        [ 0.1902, -0.0425],
        [-0.3096, -0.0833],
        [-0.2214,  0.0464]], device='cuda:0')
9503 tensor([[ 0.2934,  0.0960],
        [ 0.1901, -0.0426],
        [-0.3096, -0.0832],
        [-0.2213,  0.0465]], device='cuda:0')
9504 tensor([[ 0.2933,  0.0960],
        [ 0.1901, -0.0427],
        [-0.3095, -0.0831],
        [-0.2212,  0.0467]], device='cuda:0')
9505 tensor([[ 0.2932,  0.0959],
        [ 0.1900, -0.0429],
        [-0.3094, -0.0830],
        [-0.2212,  0.0468]], device='cuda:0')
9506 tensor([[ 0.2932,  0.0957],
        [ 0.1899, -0.0430],
        [-0.3093, -0.0829],
        [-0.2211,  0.0469]], device='cuda:0')
9507 tensor([[ 0.2931,  0.0956],
        [ 0.1898, -0.0431],
        [-0.3093, -0.0827],
        [-0.2210,  0.0471]], device='cuda:0')
9508 tensor([[ 0.2930,  0.0955],
        [ 0.1897, -0.0432],
        [-0.3092, -0.0826],
        [-0.2209,  0.0472]], device='cuda:0')
9509 tensor([[ 0.2929,  0.0954],
        [ 0.1896, -0.0434],
        [-0.3091, -0.0825],
        [-0.2208,  0.0473]], device='cuda:0')
9510 tensor([[ 0.2928,  0.0953],
        [ 0.1895, -0.0435],
        [-0.3090, -0.0824],
        [-0.2208,  0.0475]], device='cuda:0')
9511 tensor([[ 0.2927,  0.0952],
        [ 0.1894, -0.0436],
        [-0.3090, -0.0823],
        [-0.2207,  0.0476]], device='cuda:0')
9512 tensor([[ 0.2927,  0.0951],
        [ 0.1893, -0.0437],
        [-0.3089, -0.0821],
        [-0.2206,  0.0477]], device='cuda:0')
9513 tensor([[ 0.2926,  0.0949],
        [ 0.1893, -0.0439],
        [-0.3088, -0.0820],
        [-0.2205,  0.0479]], device='cuda:0')
9514 tensor([[ 0.2925,  0.0948],
        [ 0.1892, -0.0440],
        [-0.3087, -0.0819],
        [-0.2204,  0.0480]], device='cuda:0')
9515 tensor([[ 0.2924,  0.0947],
        [ 0.1891, -0.0441],
        [-0.3087, -0.0818],
        [-0.2204,  0.0481]], device='cuda:0')
9516 tensor([[ 0.2923,  0.0946],
        [ 0.1890, -0.0442],
        [-0.3086, -0.0817],
        [-0.2203,  0.0482]], device='cuda:0')
9517 tensor([[ 0.2923,  0.0945],
        [ 0.1889, -0.0443],
        [-0.3085, -0.0816],
        [-0.2202,  0.0484]], device='cuda:0')
9518 tensor([[ 0.2922,  0.0944],
        [ 0.1888, -0.0445],
        [-0.3084, -0.0814],
        [-0.2201,  0.0485]], device='cuda:0')
9519 tensor([[ 0.2921,  0.0943],
        [ 0.1887, -0.0446],
        [-0.3084, -0.0813],
        [-0.2201,  0.0487]], device='cuda:0')
9520 tensor([[ 0.2920,  0.0942],
        [ 0.1887, -0.0447],
        [-0.3083, -0.0812],
        [-0.2200,  0.0488]], device='cuda:0')
9521 tensor([[ 0.2919,  0.0941],
        [ 0.1886, -0.0449],
        [-0.3082, -0.0810],
        [-0.2199,  0.0490]], device='cuda:0')
9522 tensor([[ 0.2919,  0.0939],
        [ 0.1885, -0.0450],
        [-0.3082, -0.0809],
        [-0.2198,  0.0491]], device='cuda:0')
9523 tensor([[ 0.2918,  0.0938],
        [ 0.1884, -0.0452],
        [-0.3081, -0.0808],
        [-0.2198,  0.0493]], device='cuda:0')
9524 tensor([[ 0.2917,  0.0937],
        [ 0.1883, -0.0453],
        [-0.3080, -0.0806],
        [-0.2197,  0.0494]], device='cuda:0')
9525 tensor([[ 0.2916,  0.0935],
        [ 0.1883, -0.0454],
        [-0.3080, -0.0805],
        [-0.2196,  0.0496]], device='cuda:0')
9526 tensor([[ 0.2916,  0.0934],
        [ 0.1882, -0.0456],
        [-0.3079, -0.0804],
        [-0.2196,  0.0497]], device='cuda:0')
9527 tensor([[ 0.2915,  0.0933],
        [ 0.1881, -0.0457],
        [-0.3078, -0.0802],
        [-0.2195,  0.0499]], device='cuda:0')
9528 tensor([[ 0.2914,  0.0932],
        [ 0.1880, -0.0459],
        [-0.3078, -0.0801],
        [-0.2194,  0.0500]], device='cuda:0')
9529 tensor([[ 0.2913,  0.0930],
        [ 0.1879, -0.0460],
        [-0.3077, -0.0800],
        [-0.2193,  0.0502]], device='cuda:0')
9530 tensor([[ 0.2912,  0.0929],
        [ 0.1879, -0.0461],
        [-0.3076, -0.0799],
        [-0.2193,  0.0503]], device='cuda:0')
9531 tensor([[ 0.2912,  0.0928],
        [ 0.1878, -0.0463],
        [-0.3076, -0.0797],
        [-0.2192,  0.0505]], device='cuda:0')
9532 tensor([[ 0.2911,  0.0927],
        [ 0.1877, -0.0464],
        [-0.3075, -0.0796],
        [-0.2191,  0.0506]], device='cuda:0')
9533 tensor([[ 0.2910,  0.0925],
        [ 0.1876, -0.0466],
        [-0.3074, -0.0795],
        [-0.2191,  0.0508]], device='cuda:0')
9534 tensor([[ 0.2910,  0.0924],
        [ 0.1875, -0.0467],
        [-0.3074, -0.0793],
        [-0.2190,  0.0510]], device='cuda:0')
9535 tensor([[ 0.2909,  0.0923],
        [ 0.1875, -0.0469],
        [-0.3073, -0.0792],
        [-0.2189,  0.0511]], device='cuda:0')
9536 tensor([[ 0.2908,  0.0922],
        [ 0.1874, -0.0471],
        [-0.3072, -0.0790],
        [-0.2189,  0.0513]], device='cuda:0')
9537 tensor([[ 0.2907,  0.0921],
        [ 0.1873, -0.0472],
        [-0.3072, -0.0789],
        [-0.2188,  0.0515]], device='cuda:0')
9538 tensor([[ 0.2907,  0.0919],
        [ 0.1872, -0.0474],
        [-0.3071, -0.0788],
        [-0.2187,  0.0517]], device='cuda:0')
9539 tensor([[ 0.2906,  0.0918],
        [ 0.1872, -0.0476],
        [-0.3070, -0.0786],
        [-0.2187,  0.0518]], device='cuda:0')
