2347 0
2347 1
2347 2
2347 3
2347 4
2361 3
2362 0
2362 2
2362 5
2363 1
2377 0
2377 1
2377 2
2377 3
2377 5
2391 1
2392 0
2392 2
2392 4
2393 3
2407 0
2407 1
2407 2
2407 3
2407 5
2421 1
2422 0
2422 2
2422 5
2423 3
2435 1
2437 0
2437 2
2437 5
2439 3
2449 1
2452 0
2452 2
2452 4
2455 3
2465 1
2466 0
2467 4
2468 2
2469 3
2481 0
2481 1
2482 4
2483 2
2483 3
2496 0
2497 1
2497 3
2497 4
2498 2
2511 0
2511 3
2512 5
2513 1
2513 2
2526 0
2527 1
2527 3
2527 4
2528 2
2541 0
2541 3
2542 5
2543 1
2543 2
2556 0
2557 1
2557 3
2557 5
2558 2
2571 0
2571 1
2572 4
2573 2
2573 3
2586 0
2587 1
2587 3
2587 4
2588 2
2601 0
2601 3
2602 4
2603 1
2603 2
2615 3
2616 0
2617 4
2618 2
2619 1
2629 3
2631 0
2632 5
2633 2
2635 1
2646 3
2647 0
2647 2
2647 5
2648 1
2662 0
2662 1
2662 2
2662 3
2662 4
2676 3
2677 0
2677 2
2677 5
2678 1
2692 0
2692 1
2692 2
2692 3
2692 5
2706 1
2707 0
2707 2
2707 5
2708 3
2720 1
2722 0
2722 2
2722 5
2724 3
2734 1
2737 0
2737 2
2737 5
2740 3
2748 1
2751 0
2752 4
2753 2
2756 3
2764 1
2766 0
2767 4
2768 2
2770 3
2780 1
2781 0
2782 5
2783 2
2784 3
2794 1
2796 0
2797 5
2798 2
2800 3
2808 1
2810 0
2812 5
2814 2
2816 3
2822 1
2825 0
2827 4
2829 2
2832 3
2838 1
2839 0
2842 5
2845 2
2846 3
2852 1
2854 0
2857 4
2860 2
2862 3
2867 1
2868 0
2872 5
2876 2
2877 3
2881 1
2883 0
2887 5
2891 2
2893 3
