234907 0
234907 1
234907 2
234907 3
234907 4
234921 3
234922 0
234922 2
234922 5
234923 1
234937 0
234937 1
234937 2
234937 3
234937 4
234951 3
234952 0
234952 2
234952 5
234953 1
234967 0
234967 1
234967 2
234967 3
234967 4
234981 3
234982 0
234982 2
234982 5
234983 1
234997 0
234997 1
234997 2
234997 3
234997 4
235011 3
235012 0
235012 2
235012 5
235013 1
235027 0
235027 1
235027 2
235027 3
235027 4
235041 3
235042 0
235042 2
235042 5
235043 1
235057 0
235057 1
235057 2
235057 3
235057 4
235071 3
235072 0
235072 2
235072 5
235073 1
235087 0
235087 1
235087 2
235087 3
235087 4
235101 3
235102 0
235102 2
235102 5
235103 1
235117 0
235117 1
235117 2
235117 3
235117 4
235131 3
235132 0
235132 2
235132 5
235133 1
235147 0
235147 1
235147 2
235147 3
235147 4
235161 3
235162 0
235162 2
235162 5
235163 1
235177 0
235177 1
235177 2
235177 3
235177 5
235191 1
235192 0
235192 2
235192 4
235193 3
235207 0
235207 1
235207 2
235207 3
235207 5
235221 1
235222 0
235222 2
235222 4
235223 3
235237 0
235237 1
235237 2
235237 3
235237 5
235251 1
235252 0
235252 2
235252 4
235253 3
235267 0
235267 1
235267 2
235267 3
235267 5
235281 1
235282 0
235282 2
235282 4
235283 3
235297 0
235297 1
235297 2
235297 3
235297 5
235311 1
235312 0
235312 2
235312 4
235313 3
235327 0
235327 1
235327 2
235327 3
235327 5
235341 1
235342 0
235342 2
235342 4
235343 3
235357 0
235357 1
235357 2
235357 3
235357 5
235371 1
235372 0
235372 2
235372 4
235373 3
235387 0
235387 1
235387 2
235387 3
235387 5
235401 1
235402 0
235402 2
235402 4
235403 3
235417 0
235417 1
235417 2
235417 3
235417 5
235431 1
235432 0
235432 2
235432 4
235433 3
235447 0
235447 1
235447 2
235447 3
235447 5
235461 1
235462 0
235462 2
235462 4
235463 3
235477 0
235477 1
235477 2
235477 3
235477 5
235491 1
235492 0
235492 2
235492 4
235493 3
235507 0
235507 1
235507 2
235507 3
235507 5
235521 1
235522 0
235522 2
235522 4
235523 3
235537 0
235537 1
235537 2
235537 3
235537 5
235551 1
235552 0
235552 2
235552 4
235553 3
235567 0
235567 1
235567 2
235567 3
235567 5
235581 1
235582 0
235582 2
235582 4
235583 3
235597 0
235597 1
235597 2
235597 3
235597 5
235611 1
235612 0
235612 2
235612 4
235613 3
235626 0
235627 1
235627 3
235627 4
235628 2
235641 0
235641 3
235642 5
235643 1
235643 2
235657 0
235657 1
235657 2
235657 3
235657 4
235671 3
235672 0
235672 2
235672 5
235673 1
235687 0
235687 1
235687 2
235687 3
235687 4
235701 3
235702 0
235702 2
235702 5
235703 1
235717 0
235717 1
235717 2
235717 3
235717 4
235731 3
235732 0
235732 2
235732 5
235733 1
235747 0
235747 1
235747 2
235747 3
235747 4
235761 3
235762 0
235762 2
235762 4
235762 5
235763 1
235775 3
235776 5
235777 0
235777 2
235777 5
235779 1
235791 3
235792 0
235792 2
235792 4
235792 5
235793 1
235805 3
235806 5
235807 0
235807 2
235807 5
235809 1
235821 3
235822 0
235822 2
235822 4
235822 5
235823 1
235835 3
235836 5
235837 0
235837 2
235837 5
235839 1
235851 3
235852 0
235852 2
235852 5
235853 1
235867 0
235867 1
235867 2
235867 3
235867 4
235881 3
235882 0
235882 2
235882 5
235883 1
235897 0
235897 1
235897 2
235897 3
235897 4
235911 3
235912 0
235912 2
235912 5
235913 1
235926 2
235927 1
235927 3
235927 4
235928 0
235941 2
235941 3
235942 5
235943 0
235943 1
235956 2
235957 1
235957 3
235957 4
235958 0
235971 2
235971 3
235972 5
235973 0
235973 1
235986 2
235987 1
235987 3
235987 5
235988 0
236001 1
236001 2
236002 4
236003 0
236003 3
236016 2
236017 1
236017 3
236017 5
236018 0
236031 1
236031 2
236032 4
236033 0
236033 3
236046 2
236047 1
236047 3
236047 5
236048 0
236061 1
236061 2
236062 4
236063 0
236063 3
236077 0
236077 1
236077 2
236077 3
236077 5
236091 1
236092 0
236092 2
236092 4
236092 5
236093 3
236105 1
236106 4
236107 0
236107 2
236107 4
236109 3
236121 1
236122 0
236122 2
236122 4
236122 5
236123 3
236135 1
236136 4
236137 0
236137 2
236137 4
236139 3
236151 1
236152 0
236152 2
236152 4
236152 5
236153 3
236165 1
236166 4
236167 0
236167 2
236167 4
236169 3
236181 1
236182 0
236182 2
236182 4
236182 5
236183 3
236195 1
236196 4
236197 0
236197 2
236197 4
236199 3
236211 1
236212 0
236212 2
236212 4
236213 3
236226 0
236227 1
236227 3
236227 5
236228 2
236241 1
236242 0
236242 2
236242 4
236243 3
236256 0
236257 1
236257 3
236257 5
236258 2
236271 0
236271 1
236272 4
236273 2
236273 3
236286 0
236287 1
236287 3
236287 5
236288 2
236301 0
236301 1
236302 4
236303 2
236303 3
236316 0
236317 1
236317 3
236317 5
236318 2
236331 0
236331 1
236332 4
236333 2
236333 3
236346 0
236347 1
236347 3
236347 4
236348 2
236361 0
236361 3
236362 5
236363 1
236363 2
236376 0
236377 1
236377 3
236377 4
236378 2
236391 0
236391 3
236392 5
236393 1
236393 2
236406 0
236407 1
236407 3
236407 4
236408 2
236421 0
236421 3
236422 4
236423 1
236423 2
236435 3
236436 0
236436 5
236437 5
236438 2
236439 1
236451 3
236452 0
236452 2
236452 4
236452 5
236453 1
236465 3
236466 5
236467 0
236467 2
236467 5
236469 1
236481 3
236482 0
236482 2
236482 4
236482 5
236483 1
236495 3
236496 5
236497 0
236497 2
236497 5
236499 1
236511 3
236512 0
236512 2
236512 4
236512 5
236513 1
236525 3
236526 5
236527 0
236527 2
236527 5
236529 1
236541 3
236542 0
236542 2
236542 4
236542 5
236543 1
236555 3
236556 5
236557 0
236557 2
236557 5
236559 1
236571 3
236572 0
236572 2
236572 4
236572 5
236573 1
236585 3
236586 2
236586 5
236587 5
236588 0
236589 1
236601 2
236601 3
236602 5
236603 0
236603 1
236616 2
236617 1
236617 3
236617 4
236618 0
236631 2
236631 3
236632 5
236633 0
236633 1
236646 2
236647 1
236647 3
236647 4
236648 0
236661 2
236661 3
236662 5
236663 0
236663 1
236676 2
236677 1
236677 3
236677 5
236678 0
236691 1
236691 2
236692 4
236693 0
236693 3
236706 2
236707 1
236707 3
236707 5
236708 0
236721 1
236721 2
236722 4
236723 0
236723 3
236736 2
236737 1
236737 3
236737 5
236738 0
236751 1
236751 2
236752 4
236753 0
236753 3
236766 2
236767 1
236767 3
236767 5
236768 0
236781 1
236781 2
236782 5
236783 0
236783 3
236795 1
236796 2
236797 4
236798 0
236799 3
236811 1
236812 0
236812 2
236812 5
236813 3
236825 1
236826 4
236827 0
236827 2
236827 4
236829 3
236841 1
236842 0
236842 2
236842 4
236842 5
236843 3
236855 1
236856 4
236857 0
236857 2
236857 4
236859 3
236871 1
236872 0
236872 2
236872 4
236872 5
236873 3
236885 1
236886 4
236887 0
236887 2
236887 4
236889 3
236901 1
236902 0
236902 2
236902 4
236902 5
236903 3
236915 1
236916 4
236917 0
236917 2
236917 4
236919 3
236931 1
236932 0
236932 2
236932 4
236932 5
236933 3
236945 1
236946 0
236946 4
236947 4
236948 2
236949 3
236961 0
236961 1
236962 4
236963 2
236963 3
236976 0
236977 1
236977 3
236977 5
236978 2
236991 0
236991 1
236992 4
236993 2
236993 3
237006 0
237007 1
237007 3
237007 5
237008 2
237021 0
237021 1
237022 4
237023 2
237023 3
237036 0
237037 1
237037 3
237037 5
237038 2
237051 0
237051 1
237052 4
237053 2
237053 3
237066 0
237067 1
237067 3
237067 4
237068 2
237081 0
237081 3
237082 4
237083 1
237083 2
237095 3
237096 0
237097 5
237098 2
237099 1
237111 0
237111 3
237112 4
237113 1
237113 2
237125 3
237126 0
237127 5
237128 2
237129 1
237141 3
237142 0
237142 2
237142 4
237143 1
237155 3
237157 0
237157 2
237157 5
237159 1
237171 3
237172 0
237172 2
237172 4
237173 1
237185 3
237187 0
237187 2
237187 5
237189 1
237201 3
237202 0
237202 2
237202 4
237203 1
237215 3
237217 0
237217 2
237217 5
237219 1
237231 3
237232 0
237232 2
237232 4
237232 5
237233 1
237245 3
237246 5
237247 0
237247 2
237247 5
237249 1
237261 3
237262 0
237262 2
237262 4
237262 5
237263 1
237275 3
237276 5
237277 0
237277 2
237277 5
237279 1
237291 2
237291 3
237292 4
237292 5
237293 0
237293 1
237305 3
237306 2
237306 5
237307 5
237308 0
237309 1
237321 2
237321 3
237322 5
237323 0
237323 1
237336 2
237337 1
237337 3
237337 4
237338 0
237351 2
237351 3
237352 5
237353 0
237353 1
237366 2
237367 1
237367 3
237367 4
237368 0
237381 2
237381 3
237382 5
237383 0
237383 1
237396 2
237397 1
237397 3
237397 5
237398 0
237411 1
237411 2
237412 4
237413 0
237413 3
237426 2
237427 1
237427 3
237427 5
237428 0
237441 1
237441 2
237442 4
237443 0
237443 3
237456 2
237457 1
237457 3
237457 5
237458 0
237471 1
237471 2
237472 5
237473 0
237473 3
237485 1
237486 2
237487 4
237488 0
237489 3
237501 1
237501 2
237502 5
237503 0
237503 3
237515 1
237516 2
237517 4
237518 0
237519 3
237531 1
237532 0
237532 2
237532 5
237533 3
237545 1
237547 0
237547 2
237547 4
237549 3
237561 1
237562 0
237562 2
237562 5
237563 3
237575 1
237577 0
237577 2
237577 4
237579 3
237592 0
237592 1
237592 2
237592 3
237592 5
237605 1
237606 4
237607 0
237607 2
237607 4
237609 3
237622 0
237622 1
237622 2
237622 3
237622 5
237635 1
237636 4
237637 0
237637 2
237637 4
237639 3
237651 1
237652 0
237652 2
237652 4
237652 5
237653 3
237665 1
237666 4
237667 0
237667 2
237667 4
237669 3
237681 0
237681 1
237682 4
237682 5
237683 2
237683 3
237695 1
237696 0
237696 4
237697 4
237698 2
237699 3
237711 0
237711 1
237712 4
237712 5
237713 2
237713 3
237725 1
237726 0
237726 4
237727 4
237728 2
237729 3
237741 0
237741 1
237742 4
237743 2
237743 3
237756 0
237757 1
237757 3
237757 5
237758 2
237771 0
237771 1
237772 4
237773 2
237773 3
237786 0
237787 1
237787 3
237787 4
237788 2
237801 0
237801 3
237802 5
237803 1
237803 2
237816 0
237817 1
237817 3
237817 4
237818 2
237831 0
237831 3
237832 5
237833 1
237833 2
237846 0
237847 1
237847 3
237847 4
237848 2
237861 0
237861 3
237862 4
237863 1
237863 2
237875 3
237876 0
237877 5
237878 2
237879 1
237891 0
237891 3
237892 4
237893 1
237893 2
237905 3
237906 0
237907 4
237908 2
237909 1
