12810 tensor([[ 0.3559,  0.0415],
        [ 0.2314, -0.1129],
        [-0.3718, -0.0288],
        [-0.2625,  0.1169]], device='cuda:0')
12811 tensor([[ 0.3559,  0.0414],
        [ 0.2314, -0.1130],
        [-0.3718, -0.0288],
        [-0.2625,  0.1169]], device='cuda:0')
12812 tensor([[ 0.3558,  0.0413],
        [ 0.2313, -0.1131],
        [-0.3717, -0.0287],
        [-0.2624,  0.1170]], device='cuda:0')
12813 tensor([[ 0.3558,  0.0413],
        [ 0.2312, -0.1132],
        [-0.3717, -0.0286],
        [-0.2623,  0.1171]], device='cuda:0')
12814 tensor([[ 0.3558,  0.0412],
        [ 0.2311, -0.1132],
        [-0.3717, -0.0285],
        [-0.2622,  0.1171]], device='cuda:0')
12815 tensor([[ 0.3557,  0.0411],
        [ 0.2310, -0.1133],
        [-0.3716, -0.0285],
        [-0.2621,  0.1172]], device='cuda:0')
12816 tensor([[ 0.3557,  0.0410],
        [ 0.2309, -0.1134],
        [-0.3716, -0.0284],
        [-0.2620,  0.1173]], device='cuda:0')
12817 tensor([[ 0.3557,  0.0410],
        [ 0.2309, -0.1135],
        [-0.3716, -0.0283],
        [-0.2620,  0.1174]], device='cuda:0')
12818 tensor([[ 0.3557,  0.0409],
        [ 0.2308, -0.1135],
        [-0.3715, -0.0283],
        [-0.2619,  0.1174]], device='cuda:0')
12819 tensor([[ 0.3556,  0.0408],
        [ 0.2307, -0.1136],
        [-0.3714, -0.0282],
        [-0.2618,  0.1175]], device='cuda:0')
12820 tensor([[ 0.3555,  0.0407],
        [ 0.2306, -0.1137],
        [-0.3714, -0.0281],
        [-0.2617,  0.1176]], device='cuda:0')
12821 tensor([[ 0.3555,  0.0407],
        [ 0.2306, -0.1138],
        [-0.3713, -0.0281],
        [-0.2617,  0.1176]], device='cuda:0')
12822 tensor([[ 0.3554,  0.0406],
        [ 0.2305, -0.1138],
        [-0.3712, -0.0280],
        [-0.2616,  0.1177]], device='cuda:0')
12823 tensor([[ 0.3553,  0.0405],
        [ 0.2304, -0.1139],
        [-0.3712, -0.0279],
        [-0.2615,  0.1178]], device='cuda:0')
12824 tensor([[ 0.3553,  0.0404],
        [ 0.2304, -0.1140],
        [-0.3711, -0.0279],
        [-0.2614,  0.1178]], device='cuda:0')
12825 tensor([[ 0.3552,  0.0404],
        [ 0.2303, -0.1140],
        [-0.3710, -0.0278],
        [-0.2614,  0.1179]], device='cuda:0')
12826 tensor([[ 0.3551,  0.0403],
        [ 0.2302, -0.1141],
        [-0.3710, -0.0277],
        [-0.2613,  0.1180]], device='cuda:0')
12827 tensor([[ 0.3551,  0.0402],
        [ 0.2301, -0.1142],
        [-0.3709, -0.0277],
        [-0.2612,  0.1180]], device='cuda:0')
12828 tensor([[ 0.3550,  0.0401],
        [ 0.2301, -0.1143],
        [-0.3708, -0.0276],
        [-0.2611,  0.1181]], device='cuda:0')
12829 tensor([[ 0.3550,  0.0401],
        [ 0.2300, -0.1143],
        [-0.3708, -0.0275],
        [-0.2611,  0.1182]], device='cuda:0')
12830 tensor([[ 0.3549,  0.0400],
        [ 0.2299, -0.1144],
        [-0.3707, -0.0275],
        [-0.2610,  0.1182]], device='cuda:0')
12831 tensor([[ 0.3548,  0.0399],
        [ 0.2299, -0.1145],
        [-0.3706, -0.0274],
        [-0.2609,  0.1183]], device='cuda:0')
12832 tensor([[ 0.3548,  0.0399],
        [ 0.2298, -0.1145],
        [-0.3706, -0.0273],
        [-0.2609,  0.1184]], device='cuda:0')
12833 tensor([[ 0.3547,  0.0398],
        [ 0.2297, -0.1146],
        [-0.3705, -0.0273],
        [-0.2607,  0.1184]], device='cuda:0')
12834 tensor([[ 0.3546,  0.0397],
        [ 0.2296, -0.1147],
        [-0.3704, -0.0272],
        [-0.2606,  0.1185]], device='cuda:0')
12835 tensor([[ 0.3545,  0.0397],
        [ 0.2295, -0.1147],
        [-0.3703, -0.0272],
        [-0.2605,  0.1185]], device='cuda:0')
12836 tensor([[ 0.3544,  0.0396],
        [ 0.2294, -0.1148],
        [-0.3702, -0.0271],
        [-0.2604,  0.1186]], device='cuda:0')
12837 tensor([[ 0.3543,  0.0395],
        [ 0.2293, -0.1149],
        [-0.3701, -0.0270],
        [-0.2603,  0.1187]], device='cuda:0')
12838 tensor([[ 0.3542,  0.0395],
        [ 0.2292, -0.1149],
        [-0.3700, -0.0270],
        [-0.2602,  0.1187]], device='cuda:0')
12839 tensor([[ 0.3541,  0.0394],
        [ 0.2291, -0.1150],
        [-0.3699, -0.0269],
        [-0.2601,  0.1188]], device='cuda:0')
12840 tensor([[ 0.3541,  0.0393],
        [ 0.2290, -0.1151],
        [-0.3698, -0.0268],
        [-0.2600,  0.1189]], device='cuda:0')
12841 tensor([[ 0.3540,  0.0393],
        [ 0.2289, -0.1151],
        [-0.3697, -0.0268],
        [-0.2599,  0.1189]], device='cuda:0')
12842 tensor([[ 0.3539,  0.0392],
        [ 0.2288, -0.1152],
        [-0.3696, -0.0267],
        [-0.2598,  0.1190]], device='cuda:0')
12843 tensor([[ 0.3538,  0.0391],
        [ 0.2287, -0.1153],
        [-0.3695, -0.0267],
        [-0.2597,  0.1190]], device='cuda:0')
12844 tensor([[ 0.3537,  0.0391],
        [ 0.2286, -0.1153],
        [-0.3694, -0.0266],
        [-0.2596,  0.1191]], device='cuda:0')
12845 tensor([[ 0.3536,  0.0390],
        [ 0.2285, -0.1154],
        [-0.3693, -0.0265],
        [-0.2595,  0.1192]], device='cuda:0')
12846 tensor([[ 0.3535,  0.0389],
        [ 0.2284, -0.1154],
        [-0.3692, -0.0265],
        [-0.2594,  0.1192]], device='cuda:0')
12847 tensor([[ 0.3534,  0.0389],
        [ 0.2283, -0.1155],
        [-0.3691, -0.0264],
        [-0.2593,  0.1193]], device='cuda:0')
12848 tensor([[ 0.3533,  0.0388],
        [ 0.2282, -0.1156],
        [-0.3690, -0.0264],
        [-0.2592,  0.1193]], device='cuda:0')
12849 tensor([[ 0.3532,  0.0387],
        [ 0.2281, -0.1156],
        [-0.3689, -0.0263],
        [-0.2590,  0.1194]], device='cuda:0')
12850 tensor([[ 0.3531,  0.0387],
        [ 0.2280, -0.1157],
        [-0.3687, -0.0263],
        [-0.2589,  0.1195]], device='cuda:0')
12851 tensor([[ 0.3530,  0.0386],
        [ 0.2279, -0.1158],
        [-0.3686, -0.0262],
        [-0.2588,  0.1195]], device='cuda:0')
12852 tensor([[ 0.3528,  0.0385],
        [ 0.2277, -0.1158],
        [-0.3685, -0.0261],
        [-0.2587,  0.1196]], device='cuda:0')
12853 tensor([[ 0.3527,  0.0385],
        [ 0.2276, -0.1159],
        [-0.3684, -0.0261],
        [-0.2585,  0.1196]], device='cuda:0')
12854 tensor([[ 0.3526,  0.0384],
        [ 0.2275, -0.1159],
        [-0.3682, -0.0260],
        [-0.2584,  0.1197]], device='cuda:0')
12855 tensor([[ 0.3525,  0.0384],
        [ 0.2274, -0.1160],
        [-0.3681, -0.0260],
        [-0.2583,  0.1197]], device='cuda:0')
12856 tensor([[ 0.3523,  0.0383],
        [ 0.2272, -0.1161],
        [-0.3680, -0.0259],
        [-0.2582,  0.1198]], device='cuda:0')
12857 tensor([[ 0.3522,  0.0382],
        [ 0.2271, -0.1161],
        [-0.3679, -0.0259],
        [-0.2580,  0.1198]], device='cuda:0')
12858 tensor([[ 0.3521,  0.0382],
        [ 0.2270, -0.1162],
        [-0.3677, -0.0258],
        [-0.2579,  0.1199]], device='cuda:0')
12859 tensor([[ 0.3520,  0.0381],
        [ 0.2269, -0.1162],
        [-0.3676, -0.0258],
        [-0.2578,  0.1200]], device='cuda:0')
12860 tensor([[ 0.3519,  0.0381],
        [ 0.2267, -0.1163],
        [-0.3675, -0.0257],
        [-0.2577,  0.1200]], device='cuda:0')
12861 tensor([[ 0.3517,  0.0380],
        [ 0.2266, -0.1164],
        [-0.3674, -0.0256],
        [-0.2576,  0.1201]], device='cuda:0')
12862 tensor([[ 0.3516,  0.0379],
        [ 0.2265, -0.1164],
        [-0.3673, -0.0256],
        [-0.2574,  0.1201]], device='cuda:0')
12863 tensor([[ 0.3515,  0.0379],
        [ 0.2264, -0.1165],
        [-0.3671, -0.0255],
        [-0.2573,  0.1202]], device='cuda:0')
12864 tensor([[ 0.3514,  0.0378],
        [ 0.2263, -0.1165],
        [-0.3670, -0.0255],
        [-0.2572,  0.1202]], device='cuda:0')
12865 tensor([[ 0.3512,  0.0378],
        [ 0.2262, -0.1166],
        [-0.3668, -0.0254],
        [-0.2570,  0.1203]], device='cuda:0')
12866 tensor([[ 0.3511,  0.0377],
        [ 0.2260, -0.1166],
        [-0.3666, -0.0254],
        [-0.2569,  0.1203]], device='cuda:0')
12867 tensor([[ 0.3509,  0.0377],
        [ 0.2259, -0.1167],
        [-0.3665, -0.0253],
        [-0.2567,  0.1204]], device='cuda:0')
12868 tensor([[ 0.3508,  0.0376],
        [ 0.2258, -0.1168],
        [-0.3663, -0.0253],
        [-0.2566,  0.1204]], device='cuda:0')
12869 tensor([[ 0.3506,  0.0375],
        [ 0.2256, -0.1168],
        [-0.3662, -0.0252],
        [-0.2565,  0.1205]], device='cuda:0')
12870 tensor([[ 0.3505,  0.0375],
        [ 0.2255, -0.1169],
        [-0.3660, -0.0252],
        [-0.2563,  0.1205]], device='cuda:0')
12871 tensor([[ 0.3503,  0.0374],
        [ 0.2253, -0.1169],
        [-0.3659, -0.0251],
        [-0.2562,  0.1206]], device='cuda:0')
12872 tensor([[ 0.3502,  0.0374],
        [ 0.2252, -0.1170],
        [-0.3657, -0.0251],
        [-0.2560,  0.1206]], device='cuda:0')
12873 tensor([[ 0.3500,  0.0373],
        [ 0.2251, -0.1170],
        [-0.3656, -0.0250],
        [-0.2559,  0.1207]], device='cuda:0')
12874 tensor([[ 0.3499,  0.0373],
        [ 0.2249, -0.1171],
        [-0.3655, -0.0250],
        [-0.2558,  0.1207]], device='cuda:0')
12875 tensor([[ 0.3497,  0.0372],
        [ 0.2248, -0.1171],
        [-0.3653, -0.0249],
        [-0.2557,  0.1208]], device='cuda:0')
12876 tensor([[ 0.3496,  0.0371],
        [ 0.2247, -0.1172],
        [-0.3652, -0.0249],
        [-0.2555,  0.1209]], device='cuda:0')
12877 tensor([[ 0.3495,  0.0371],
        [ 0.2245, -0.1172],
        [-0.3650, -0.0248],
        [-0.2554,  0.1209]], device='cuda:0')
12878 tensor([[ 0.3493,  0.0370],
        [ 0.2244, -0.1173],
        [-0.3648, -0.0248],
        [-0.2553,  0.1209]], device='cuda:0')
12879 tensor([[ 0.3491,  0.0370],
        [ 0.2243, -0.1174],
        [-0.3647, -0.0247],
        [-0.2551,  0.1210]], device='cuda:0')
12880 tensor([[ 0.3490,  0.0369],
        [ 0.2242, -0.1174],
        [-0.3645, -0.0247],
        [-0.2549,  0.1210]], device='cuda:0')
12881 tensor([[ 0.3488,  0.0369],
        [ 0.2240, -0.1175],
        [-0.3643, -0.0246],
        [-0.2548,  0.1211]], device='cuda:0')
12882 tensor([[ 0.3486,  0.0368],
        [ 0.2239, -0.1175],
        [-0.3641, -0.0246],
        [-0.2547,  0.1211]], device='cuda:0')
12883 tensor([[ 0.3484,  0.0368],
        [ 0.2237, -0.1176],
        [-0.3640, -0.0245],
        [-0.2545,  0.1212]], device='cuda:0')
12884 tensor([[ 0.3483,  0.0367],
        [ 0.2236, -0.1176],
        [-0.3638, -0.0245],
        [-0.2544,  0.1212]], device='cuda:0')
12885 tensor([[ 0.3481,  0.0367],
        [ 0.2234, -0.1177],
        [-0.3636, -0.0244],
        [-0.2542,  0.1213]], device='cuda:0')
12886 tensor([[ 0.3479,  0.0366],
        [ 0.2233, -0.1177],
        [-0.3634, -0.0244],
        [-0.2541,  0.1213]], device='cuda:0')
12887 tensor([[ 0.3478,  0.0366],
        [ 0.2231, -0.1178],
        [-0.3633, -0.0243],
        [-0.2539,  0.1214]], device='cuda:0')
12888 tensor([[ 0.3476,  0.0365],
        [ 0.2230, -0.1178],
        [-0.3631, -0.0243],
        [-0.2538,  0.1214]], device='cuda:0')
12889 tensor([[ 0.3474,  0.0365],
        [ 0.2229, -0.1179],
        [-0.3629, -0.0242],
        [-0.2537,  0.1215]], device='cuda:0')
12890 tensor([[ 0.3473,  0.0364],
        [ 0.2227, -0.1179],
        [-0.3628, -0.0242],
        [-0.2535,  0.1215]], device='cuda:0')
12891 tensor([[ 0.3471,  0.0364],
        [ 0.2226, -0.1180],
        [-0.3626, -0.0242],
        [-0.2534,  0.1216]], device='cuda:0')
12892 tensor([[ 0.3469,  0.0363],
        [ 0.2224, -0.1180],
        [-0.3624, -0.0241],
        [-0.2533,  0.1216]], device='cuda:0')
12893 tensor([[ 0.3468,  0.0363],
        [ 0.2223, -0.1180],
        [-0.3623, -0.0240],
        [-0.2532,  0.1217]], device='cuda:0')
12894 tensor([[ 0.3466,  0.0362],
        [ 0.2221, -0.1181],
        [-0.3621, -0.0239],
        [-0.2530,  0.1218]], device='cuda:0')
12895 tensor([[ 0.3464,  0.0361],
        [ 0.2220, -0.1181],
        [-0.3620, -0.0239],
        [-0.2529,  0.1218]], device='cuda:0')
12896 tensor([[ 0.3463,  0.0361],
        [ 0.2219, -0.1182],
        [-0.3618, -0.0238],
        [-0.2528,  0.1219]], device='cuda:0')
12897 tensor([[ 0.3461,  0.0360],
        [ 0.2217, -0.1182],
        [-0.3617, -0.0237],
        [-0.2527,  0.1220]], device='cuda:0')
12898 tensor([[ 0.3459,  0.0359],
        [ 0.2216, -0.1182],
        [-0.3615, -0.0236],
        [-0.2525,  0.1220]], device='cuda:0')
12899 tensor([[ 0.3458,  0.0359],
        [ 0.2215, -0.1183],
        [-0.3613, -0.0235],
        [-0.2524,  0.1221]], device='cuda:0')
12900 tensor([[ 0.3456,  0.0358],
        [ 0.2213, -0.1183],
        [-0.3612, -0.0235],
        [-0.2523,  0.1221]], device='cuda:0')
12901 tensor([[ 0.3455,  0.0357],
        [ 0.2212, -0.1184],
        [-0.3610, -0.0234],
        [-0.2522,  0.1222]], device='cuda:0')
12902 tensor([[ 0.3453,  0.0356],
        [ 0.2210, -0.1185],
        [-0.3609, -0.0233],
        [-0.2521,  0.1223]], device='cuda:0')
12903 tensor([[ 0.3451,  0.0356],
        [ 0.2209, -0.1185],
        [-0.3607, -0.0232],
        [-0.2519,  0.1223]], device='cuda:0')
12904 tensor([[ 0.3450,  0.0355],
        [ 0.2208, -0.1186],
        [-0.3606, -0.0231],
        [-0.2518,  0.1224]], device='cuda:0')
12905 tensor([[ 0.3448,  0.0354],
        [ 0.2206, -0.1186],
        [-0.3604, -0.0231],
        [-0.2517,  0.1224]], device='cuda:0')
12906 tensor([[ 0.3447,  0.0353],
        [ 0.2205, -0.1187],
        [-0.3603, -0.0230],
        [-0.2516,  0.1225]], device='cuda:0')
12907 tensor([[ 0.3445,  0.0353],
        [ 0.2204, -0.1187],
        [-0.3602, -0.0229],
        [-0.2515,  0.1225]], device='cuda:0')
12908 tensor([[ 0.3444,  0.0352],
        [ 0.2202, -0.1188],
        [-0.3600, -0.0228],
        [-0.2514,  0.1226]], device='cuda:0')
12909 tensor([[ 0.3442,  0.0351],
        [ 0.2201, -0.1188],
        [-0.3599, -0.0227],
        [-0.2512,  0.1227]], device='cuda:0')
12910 tensor([[ 0.3440,  0.0350],
        [ 0.2200, -0.1189],
        [-0.3597, -0.0226],
        [-0.2511,  0.1228]], device='cuda:0')
12911 tensor([[ 0.3439,  0.0349],
        [ 0.2198, -0.1189],
        [-0.3596, -0.0225],
        [-0.2510,  0.1228]], device='cuda:0')
12912 tensor([[ 0.3437,  0.0348],
        [ 0.2197, -0.1189],
        [-0.3594, -0.0224],
        [-0.2509,  0.1229]], device='cuda:0')
12913 tensor([[ 0.3436,  0.0348],
        [ 0.2196, -0.1190],
        [-0.3593, -0.0223],
        [-0.2508,  0.1230]], device='cuda:0')
12914 tensor([[ 0.3434,  0.0347],
        [ 0.2195, -0.1191],
        [-0.3592, -0.0222],
        [-0.2507,  0.1231]], device='cuda:0')
12915 tensor([[ 0.3433,  0.0346],
        [ 0.2193, -0.1191],
        [-0.3590, -0.0221],
        [-0.2506,  0.1231]], device='cuda:0')
12916 tensor([[ 0.3431,  0.0345],
        [ 0.2192, -0.1192],
        [-0.3589, -0.0220],
        [-0.2505,  0.1232]], device='cuda:0')
12917 tensor([[ 0.3430,  0.0344],
        [ 0.2191, -0.1192],
        [-0.3587, -0.0219],
        [-0.2504,  0.1233]], device='cuda:0')
12918 tensor([[ 0.3428,  0.0343],
        [ 0.2190, -0.1193],
        [-0.3586, -0.0218],
        [-0.2502,  0.1234]], device='cuda:0')
12919 tensor([[ 0.3427,  0.0342],
        [ 0.2188, -0.1194],
        [-0.3585, -0.0217],
        [-0.2501,  0.1234]], device='cuda:0')
12920 tensor([[ 0.3425,  0.0341],
        [ 0.2187, -0.1194],
        [-0.3583, -0.0216],
        [-0.2500,  0.1235]], device='cuda:0')
12921 tensor([[ 0.3424,  0.0340],
        [ 0.2186, -0.1195],
        [-0.3582, -0.0215],
        [-0.2499,  0.1235]], device='cuda:0')
12922 tensor([[ 0.3423,  0.0339],
        [ 0.2185, -0.1195],
        [-0.3581, -0.0214],
        [-0.2498,  0.1236]], device='cuda:0')
12923 tensor([[ 0.3421,  0.0338],
        [ 0.2183, -0.1196],
        [-0.3579, -0.0213],
        [-0.2497,  0.1237]], device='cuda:0')
12924 tensor([[ 0.3420,  0.0337],
        [ 0.2182, -0.1196],
        [-0.3578, -0.0211],
        [-0.2496,  0.1238]], device='cuda:0')
12925 tensor([[ 0.3418,  0.0336],
        [ 0.2181, -0.1197],
        [-0.3577, -0.0210],
        [-0.2495,  0.1239]], device='cuda:0')
12926 tensor([[ 0.3417,  0.0335],
        [ 0.2180, -0.1197],
        [-0.3575, -0.0209],
        [-0.2494,  0.1240]], device='cuda:0')
12927 tensor([[ 0.3416,  0.0334],
        [ 0.2179, -0.1198],
        [-0.3574, -0.0208],
        [-0.2493,  0.1240]], device='cuda:0')
12928 tensor([[ 0.3414,  0.0333],
        [ 0.2177, -0.1199],
        [-0.3573, -0.0206],
        [-0.2492,  0.1241]], device='cuda:0')
12929 tensor([[ 0.3413,  0.0332],
        [ 0.2176, -0.1200],
        [-0.3571, -0.0205],
        [-0.2491,  0.1242]], device='cuda:0')
12930 tensor([[ 0.3411,  0.0331],
        [ 0.2175, -0.1200],
        [-0.3570, -0.0204],
        [-0.2490,  0.1243]], device='cuda:0')
12931 tensor([[ 0.3410,  0.0330],
        [ 0.2174, -0.1201],
        [-0.3569, -0.0203],
        [-0.2489,  0.1244]], device='cuda:0')
12932 tensor([[ 0.3409,  0.0328],
        [ 0.2173, -0.1202],
        [-0.3568, -0.0202],
        [-0.2488,  0.1245]], device='cuda:0')
12933 tensor([[ 0.3407,  0.0327],
        [ 0.2172, -0.1202],
        [-0.3566, -0.0201],
        [-0.2487,  0.1245]], device='cuda:0')
12934 tensor([[ 0.3406,  0.0326],
        [ 0.2170, -0.1203],
        [-0.3565, -0.0199],
        [-0.2486,  0.1246]], device='cuda:0')
12935 tensor([[ 0.3405,  0.0325],
        [ 0.2169, -0.1204],
        [-0.3564, -0.0198],
        [-0.2485,  0.1247]], device='cuda:0')
12936 tensor([[ 0.3403,  0.0324],
        [ 0.2168, -0.1205],
        [-0.3563, -0.0197],
        [-0.2484,  0.1248]], device='cuda:0')
12937 tensor([[ 0.3402,  0.0323],
        [ 0.2167, -0.1205],
        [-0.3561, -0.0196],
        [-0.2483,  0.1249]], device='cuda:0')
12938 tensor([[ 0.3401,  0.0322],
        [ 0.2166, -0.1206],
        [-0.3560, -0.0195],
        [-0.2482,  0.1250]], device='cuda:0')
12939 tensor([[ 0.3399,  0.0321],
        [ 0.2165, -0.1207],
        [-0.3559, -0.0193],
        [-0.2481,  0.1251]], device='cuda:0')
12940 tensor([[ 0.3398,  0.0320],
        [ 0.2164, -0.1207],
        [-0.3558, -0.0192],
        [-0.2480,  0.1252]], device='cuda:0')
12941 tensor([[ 0.3397,  0.0319],
        [ 0.2163, -0.1208],
        [-0.3557, -0.0191],
        [-0.2479,  0.1253]], device='cuda:0')
12942 tensor([[ 0.3395,  0.0317],
        [ 0.2162, -0.1209],
        [-0.3555, -0.0189],
        [-0.2478,  0.1254]], device='cuda:0')
12943 tensor([[ 0.3394,  0.0316],
        [ 0.2160, -0.1210],
        [-0.3554, -0.0188],
        [-0.2477,  0.1255]], device='cuda:0')
12944 tensor([[ 0.3393,  0.0315],
        [ 0.2159, -0.1211],
        [-0.3553, -0.0187],
        [-0.2476,  0.1256]], device='cuda:0')
12945 tensor([[ 0.3392,  0.0313],
        [ 0.2158, -0.1212],
        [-0.3552, -0.0185],
        [-0.2475,  0.1257]], device='cuda:0')
12946 tensor([[ 0.3390,  0.0312],
        [ 0.2157, -0.1213],
        [-0.3551, -0.0184],
        [-0.2474,  0.1258]], device='cuda:0')
12947 tensor([[ 0.3389,  0.0311],
        [ 0.2156, -0.1213],
        [-0.3550, -0.0183],
        [-0.2473,  0.1259]], device='cuda:0')
12948 tensor([[ 0.3388,  0.0310],
        [ 0.2155, -0.1214],
        [-0.3548, -0.0181],
        [-0.2473,  0.1260]], device='cuda:0')
12949 tensor([[ 0.3387,  0.0308],
        [ 0.2154, -0.1215],
        [-0.3547, -0.0180],
        [-0.2472,  0.1261]], device='cuda:0')
12950 tensor([[ 0.3385,  0.0307],
        [ 0.2153, -0.1216],
        [-0.3546, -0.0179],
        [-0.2471,  0.1262]], device='cuda:0')
12951 tensor([[ 0.3384,  0.0306],
        [ 0.2152, -0.1217],
        [-0.3545, -0.0178],
        [-0.2470,  0.1263]], device='cuda:0')
12952 tensor([[ 0.3383,  0.0305],
        [ 0.2151, -0.1218],
        [-0.3544, -0.0177],
        [-0.2469,  0.1263]], device='cuda:0')
12953 tensor([[ 0.3382,  0.0303],
        [ 0.2150, -0.1219],
        [-0.3542, -0.0175],
        [-0.2468,  0.1264]], device='cuda:0')
12954 tensor([[ 0.3381,  0.0302],
        [ 0.2149, -0.1219],
        [-0.3541, -0.0174],
        [-0.2466,  0.1265]], device='cuda:0')
12955 tensor([[ 0.3380,  0.0301],
        [ 0.2148, -0.1220],
        [-0.3540, -0.0173],
        [-0.2465,  0.1266]], device='cuda:0')
12956 tensor([[ 0.3378,  0.0300],
        [ 0.2147, -0.1221],
        [-0.3538, -0.0172],
        [-0.2464,  0.1267]], device='cuda:0')
12957 tensor([[ 0.3377,  0.0299],
        [ 0.2145, -0.1222],
        [-0.3537, -0.0171],
        [-0.2463,  0.1268]], device='cuda:0')
12958 tensor([[ 0.3376,  0.0297],
        [ 0.2144, -0.1223],
        [-0.3535, -0.0170],
        [-0.2461,  0.1269]], device='cuda:0')
12959 tensor([[ 0.3374,  0.0296],
        [ 0.2143, -0.1224],
        [-0.3534, -0.0169],
        [-0.2460,  0.1270]], device='cuda:0')
12960 tensor([[ 0.3373,  0.0295],
        [ 0.2142, -0.1225],
        [-0.3533, -0.0167],
        [-0.2459,  0.1270]], device='cuda:0')
12961 tensor([[ 0.3372,  0.0294],
        [ 0.2140, -0.1226],
        [-0.3531, -0.0166],
        [-0.2458,  0.1271]], device='cuda:0')
12962 tensor([[ 0.3370,  0.0293],
        [ 0.2139, -0.1226],
        [-0.3530, -0.0165],
        [-0.2457,  0.1272]], device='cuda:0')
12963 tensor([[ 0.3369,  0.0291],
        [ 0.2138, -0.1227],
        [-0.3529, -0.0164],
        [-0.2455,  0.1273]], device='cuda:0')
12964 tensor([[ 0.3368,  0.0290],
        [ 0.2137, -0.1228],
        [-0.3527, -0.0163],
        [-0.2454,  0.1274]], device='cuda:0')
12965 tensor([[ 0.3367,  0.0289],
        [ 0.2136, -0.1229],
        [-0.3526, -0.0162],
        [-0.2453,  0.1275]], device='cuda:0')
12966 tensor([[ 0.3365,  0.0288],
        [ 0.2134, -0.1230],
        [-0.3525, -0.0161],
        [-0.2452,  0.1275]], device='cuda:0')
12967 tensor([[ 0.3364,  0.0287],
        [ 0.2133, -0.1231],
        [-0.3524, -0.0160],
        [-0.2451,  0.1276]], device='cuda:0')
12968 tensor([[ 0.3363,  0.0286],
        [ 0.2132, -0.1231],
        [-0.3522, -0.0159],
        [-0.2450,  0.1277]], device='cuda:0')
12969 tensor([[ 0.3362,  0.0284],
        [ 0.2131, -0.1232],
        [-0.3521, -0.0158],
        [-0.2448,  0.1278]], device='cuda:0')
12970 tensor([[ 0.3361,  0.0283],
        [ 0.2130, -0.1233],
        [-0.3519, -0.0157],
        [-0.2447,  0.1279]], device='cuda:0')
12971 tensor([[ 0.3359,  0.0282],
        [ 0.2128, -0.1234],
        [-0.3518, -0.0156],
        [-0.2445,  0.1279]], device='cuda:0')
12972 tensor([[ 0.3358,  0.0281],
        [ 0.2127, -0.1235],
        [-0.3516, -0.0155],
        [-0.2444,  0.1280]], device='cuda:0')
12973 tensor([[ 0.3357,  0.0280],
        [ 0.2126, -0.1236],
        [-0.3515, -0.0154],
        [-0.2443,  0.1281]], device='cuda:0')
12974 tensor([[ 0.3355,  0.0279],
        [ 0.2124, -0.1236],
        [-0.3513, -0.0152],
        [-0.2441,  0.1282]], device='cuda:0')
