24765 tensor([[ 0.8849,  0.0445],
        [ 0.4367, -0.5769],
        [-0.8761, -0.0307],
        [-0.4468,  0.5869]], device='cuda:0')
24766 tensor([[ 0.8850,  0.0444],
        [ 0.4366, -0.5771],
        [-0.8761, -0.0306],
        [-0.4468,  0.5871]], device='cuda:0')
24767 tensor([[ 0.8850,  0.0443],
        [ 0.4366, -0.5773],
        [-0.8760, -0.0305],
        [-0.4467,  0.5873]], device='cuda:0')
24768 tensor([[ 0.8850,  0.0442],
        [ 0.4365, -0.5774],
        [-0.8760, -0.0303],
        [-0.4466,  0.5875]], device='cuda:0')
24769 tensor([[ 0.8850,  0.0441],
        [ 0.4365, -0.5776],
        [-0.8760, -0.0302],
        [-0.4466,  0.5876]], device='cuda:0')
24770 tensor([[ 0.8850,  0.0440],
        [ 0.4364, -0.5777],
        [-0.8760, -0.0301],
        [-0.4465,  0.5878]], device='cuda:0')
24771 tensor([[ 0.8850,  0.0439],
        [ 0.4364, -0.5779],
        [-0.8760, -0.0300],
        [-0.4464,  0.5880]], device='cuda:0')
24772 tensor([[ 0.8850,  0.0438],
        [ 0.4364, -0.5781],
        [-0.8760, -0.0299],
        [-0.4463,  0.5881]], device='cuda:0')
24773 tensor([[ 0.8851,  0.0437],
        [ 0.4363, -0.5782],
        [-0.8760, -0.0298],
        [-0.4463,  0.5883]], device='cuda:0')
24774 tensor([[ 0.8851,  0.0435],
        [ 0.4363, -0.5784],
        [-0.8760, -0.0296],
        [-0.4462,  0.5884]], device='cuda:0')
24775 tensor([[ 0.8851,  0.0434],
        [ 0.4362, -0.5785],
        [-0.8760, -0.0295],
        [-0.4461,  0.5886]], device='cuda:0')
24776 tensor([[ 0.8851,  0.0433],
        [ 0.4362, -0.5787],
        [-0.8759, -0.0293],
        [-0.4461,  0.5888]], device='cuda:0')
24777 tensor([[ 0.8851,  0.0431],
        [ 0.4361, -0.5788],
        [-0.8759, -0.0292],
        [-0.4460,  0.5889]], device='cuda:0')
24778 tensor([[ 0.8851,  0.0430],
        [ 0.4361, -0.5790],
        [-0.8759, -0.0291],
        [-0.4459,  0.5891]], device='cuda:0')
24779 tensor([[ 0.8851,  0.0429],
        [ 0.4360, -0.5792],
        [-0.8759, -0.0289],
        [-0.4459,  0.5892]], device='cuda:0')
24780 tensor([[ 0.8852,  0.0427],
        [ 0.4360, -0.5793],
        [-0.8759, -0.0288],
        [-0.4458,  0.5894]], device='cuda:0')
24781 tensor([[ 0.8852,  0.0426],
        [ 0.4360, -0.5795],
        [-0.8759, -0.0286],
        [-0.4457,  0.5895]], device='cuda:0')
24782 tensor([[ 0.8852,  0.0425],
        [ 0.4359, -0.5796],
        [-0.8759, -0.0285],
        [-0.4457,  0.5897]], device='cuda:0')
24783 tensor([[ 0.8852,  0.0423],
        [ 0.4359, -0.5798],
        [-0.8759, -0.0284],
        [-0.4456,  0.5899]], device='cuda:0')
24784 tensor([[ 0.8852,  0.0422],
        [ 0.4358, -0.5799],
        [-0.8759, -0.0282],
        [-0.4455,  0.5900]], device='cuda:0')
24785 tensor([[ 0.8852,  0.0421],
        [ 0.4358, -0.5800],
        [-0.8759, -0.0281],
        [-0.4455,  0.5902]], device='cuda:0')
24786 tensor([[ 0.8852,  0.0419],
        [ 0.4357, -0.5802],
        [-0.8758, -0.0280],
        [-0.4454,  0.5903]], device='cuda:0')
24787 tensor([[ 0.8852,  0.0418],
        [ 0.4357, -0.5803],
        [-0.8758, -0.0278],
        [-0.4453,  0.5905]], device='cuda:0')
24788 tensor([[ 0.8853,  0.0417],
        [ 0.4357, -0.5805],
        [-0.8758, -0.0277],
        [-0.4453,  0.5906]], device='cuda:0')
24789 tensor([[ 0.8853,  0.0415],
        [ 0.4357, -0.5806],
        [-0.8757, -0.0276],
        [-0.4452,  0.5908]], device='cuda:0')
24790 tensor([[ 0.8852,  0.0414],
        [ 0.4357, -0.5808],
        [-0.8757, -0.0275],
        [-0.4452,  0.5909]], device='cuda:0')
24791 tensor([[ 0.8852,  0.0413],
        [ 0.4357, -0.5809],
        [-0.8756, -0.0273],
        [-0.4452,  0.5910]], device='cuda:0')
24792 tensor([[ 0.8852,  0.0412],
        [ 0.4357, -0.5811],
        [-0.8756, -0.0272],
        [-0.4451,  0.5912]], device='cuda:0')
24793 tensor([[ 0.8852,  0.0410],
        [ 0.4357, -0.5812],
        [-0.8755, -0.0271],
        [-0.4451,  0.5913]], device='cuda:0')
24794 tensor([[ 0.8852,  0.0409],
        [ 0.4357, -0.5814],
        [-0.8755, -0.0270],
        [-0.4451,  0.5915]], device='cuda:0')
24795 tensor([[ 0.8851,  0.0408],
        [ 0.4357, -0.5815],
        [-0.8754, -0.0269],
        [-0.4451,  0.5916]], device='cuda:0')
24796 tensor([[ 0.8851,  0.0406],
        [ 0.4357, -0.5817],
        [-0.8754, -0.0267],
        [-0.4450,  0.5917]], device='cuda:0')
24797 tensor([[ 0.8851,  0.0405],
        [ 0.4357, -0.5818],
        [-0.8753, -0.0266],
        [-0.4450,  0.5919]], device='cuda:0')
24798 tensor([[ 0.8851,  0.0404],
        [ 0.4357, -0.5820],
        [-0.8753, -0.0265],
        [-0.4450,  0.5920]], device='cuda:0')
24799 tensor([[ 0.8851,  0.0403],
        [ 0.4357, -0.5821],
        [-0.8752, -0.0264],
        [-0.4449,  0.5922]], device='cuda:0')
24800 tensor([[ 0.8851,  0.0401],
        [ 0.4357, -0.5822],
        [-0.8752, -0.0263],
        [-0.4449,  0.5923]], device='cuda:0')
24801 tensor([[ 0.8850,  0.0400],
        [ 0.4358, -0.5824],
        [-0.8751, -0.0261],
        [-0.4449,  0.5924]], device='cuda:0')
24802 tensor([[ 0.8850,  0.0399],
        [ 0.4358, -0.5825],
        [-0.8751, -0.0260],
        [-0.4448,  0.5926]], device='cuda:0')
24803 tensor([[ 0.8850,  0.0398],
        [ 0.4358, -0.5827],
        [-0.8750, -0.0259],
        [-0.4448,  0.5927]], device='cuda:0')
24804 tensor([[ 0.8850,  0.0396],
        [ 0.4357, -0.5828],
        [-0.8750, -0.0257],
        [-0.4448,  0.5928]], device='cuda:0')
24805 tensor([[ 0.8850,  0.0395],
        [ 0.4357, -0.5829],
        [-0.8749, -0.0256],
        [-0.4448,  0.5930]], device='cuda:0')
24806 tensor([[ 0.8849,  0.0393],
        [ 0.4357, -0.5831],
        [-0.8749, -0.0254],
        [-0.4447,  0.5931]], device='cuda:0')
24807 tensor([[ 0.8849,  0.0392],
        [ 0.4357, -0.5832],
        [-0.8749, -0.0253],
        [-0.4447,  0.5932]], device='cuda:0')
24808 tensor([[ 0.8849,  0.0390],
        [ 0.4357, -0.5833],
        [-0.8748, -0.0251],
        [-0.4447,  0.5934]], device='cuda:0')
24809 tensor([[ 0.8849,  0.0389],
        [ 0.4357, -0.5835],
        [-0.8748, -0.0249],
        [-0.4447,  0.5935]], device='cuda:0')
24810 tensor([[ 0.8849,  0.0387],
        [ 0.4357, -0.5836],
        [-0.8747, -0.0248],
        [-0.4447,  0.5936]], device='cuda:0')
24811 tensor([[ 0.8848,  0.0386],
        [ 0.4357, -0.5837],
        [-0.8747, -0.0246],
        [-0.4446,  0.5938]], device='cuda:0')
24812 tensor([[ 0.8848,  0.0384],
        [ 0.4357, -0.5838],
        [-0.8746, -0.0245],
        [-0.4446,  0.5939]], device='cuda:0')
24813 tensor([[ 0.8848,  0.0383],
        [ 0.4357, -0.5840],
        [-0.8746, -0.0243],
        [-0.4446,  0.5940]], device='cuda:0')
24814 tensor([[ 0.8848,  0.0381],
        [ 0.4357, -0.5841],
        [-0.8746, -0.0242],
        [-0.4446,  0.5942]], device='cuda:0')
24815 tensor([[ 0.8848,  0.0380],
        [ 0.4357, -0.5842],
        [-0.8745, -0.0240],
        [-0.4445,  0.5943]], device='cuda:0')
24816 tensor([[ 0.8847,  0.0378],
        [ 0.4357, -0.5843],
        [-0.8745, -0.0239],
        [-0.4445,  0.5944]], device='cuda:0')
24817 tensor([[ 0.8847,  0.0377],
        [ 0.4357, -0.5845],
        [-0.8744, -0.0238],
        [-0.4445,  0.5946]], device='cuda:0')
24818 tensor([[ 0.8847,  0.0375],
        [ 0.4358, -0.5846],
        [-0.8744, -0.0236],
        [-0.4445,  0.5947]], device='cuda:0')
24819 tensor([[ 0.8847,  0.0374],
        [ 0.4358, -0.5847],
        [-0.8743, -0.0235],
        [-0.4445,  0.5948]], device='cuda:0')
24820 tensor([[ 0.8846,  0.0372],
        [ 0.4358, -0.5849],
        [-0.8742, -0.0233],
        [-0.4445,  0.5949]], device='cuda:0')
24821 tensor([[ 0.8845,  0.0371],
        [ 0.4359, -0.5850],
        [-0.8741, -0.0232],
        [-0.4445,  0.5951]], device='cuda:0')
24822 tensor([[ 0.8845,  0.0370],
        [ 0.4359, -0.5851],
        [-0.8740, -0.0231],
        [-0.4445,  0.5952]], device='cuda:0')
24823 tensor([[ 0.8844,  0.0368],
        [ 0.4360, -0.5852],
        [-0.8740, -0.0229],
        [-0.4445,  0.5953]], device='cuda:0')
24824 tensor([[ 0.8844,  0.0367],
        [ 0.4360, -0.5854],
        [-0.8739, -0.0228],
        [-0.4445,  0.5954]], device='cuda:0')
24825 tensor([[ 0.8843,  0.0365],
        [ 0.4360, -0.5855],
        [-0.8738, -0.0227],
        [-0.4446,  0.5955]], device='cuda:0')
24826 tensor([[ 0.8843,  0.0364],
        [ 0.4361, -0.5856],
        [-0.8737, -0.0225],
        [-0.4446,  0.5956]], device='cuda:0')
24827 tensor([[ 0.8842,  0.0362],
        [ 0.4361, -0.5857],
        [-0.8736, -0.0224],
        [-0.4446,  0.5958]], device='cuda:0')
24828 tensor([[ 0.8842,  0.0361],
        [ 0.4362, -0.5859],
        [-0.8736, -0.0223],
        [-0.4446,  0.5959]], device='cuda:0')
24829 tensor([[ 0.8841,  0.0360],
        [ 0.4362, -0.5860],
        [-0.8735, -0.0221],
        [-0.4446,  0.5960]], device='cuda:0')
24830 tensor([[ 0.8841,  0.0358],
        [ 0.4362, -0.5861],
        [-0.8734, -0.0220],
        [-0.4446,  0.5961]], device='cuda:0')
24831 tensor([[ 0.8841,  0.0357],
        [ 0.4363, -0.5862],
        [-0.8733, -0.0219],
        [-0.4446,  0.5962]], device='cuda:0')
24832 tensor([[ 0.8840,  0.0356],
        [ 0.4363, -0.5864],
        [-0.8733, -0.0217],
        [-0.4446,  0.5963]], device='cuda:0')
24833 tensor([[ 0.8840,  0.0354],
        [ 0.4364, -0.5865],
        [-0.8732, -0.0216],
        [-0.4446,  0.5965]], device='cuda:0')
24834 tensor([[ 0.8839,  0.0353],
        [ 0.4364, -0.5866],
        [-0.8731, -0.0214],
        [-0.4447,  0.5966]], device='cuda:0')
24835 tensor([[ 0.8839,  0.0351],
        [ 0.4364, -0.5867],
        [-0.8731, -0.0212],
        [-0.4447,  0.5967]], device='cuda:0')
24836 tensor([[ 0.8838,  0.0349],
        [ 0.4365, -0.5868],
        [-0.8730, -0.0211],
        [-0.4447,  0.5968]], device='cuda:0')
24837 tensor([[ 0.8837,  0.0348],
        [ 0.4365, -0.5869],
        [-0.8729, -0.0209],
        [-0.4447,  0.5969]], device='cuda:0')
24838 tensor([[ 0.8837,  0.0346],
        [ 0.4365, -0.5870],
        [-0.8729, -0.0207],
        [-0.4447,  0.5970]], device='cuda:0')
24839 tensor([[ 0.8836,  0.0344],
        [ 0.4365, -0.5871],
        [-0.8728, -0.0206],
        [-0.4447,  0.5972]], device='cuda:0')
24840 tensor([[ 0.8836,  0.0343],
        [ 0.4366, -0.5873],
        [-0.8727, -0.0204],
        [-0.4448,  0.5973]], device='cuda:0')
24841 tensor([[ 0.8835,  0.0341],
        [ 0.4366, -0.5874],
        [-0.8727, -0.0202],
        [-0.4448,  0.5974]], device='cuda:0')
24842 tensor([[ 0.8835,  0.0340],
        [ 0.4366, -0.5875],
        [-0.8726, -0.0201],
        [-0.4448,  0.5975]], device='cuda:0')
24843 tensor([[ 0.8834,  0.0338],
        [ 0.4367, -0.5876],
        [-0.8725, -0.0199],
        [-0.4448,  0.5976]], device='cuda:0')
24844 tensor([[ 0.8834,  0.0336],
        [ 0.4367, -0.5877],
        [-0.8725, -0.0198],
        [-0.4448,  0.5977]], device='cuda:0')
24845 tensor([[ 0.8833,  0.0335],
        [ 0.4367, -0.5878],
        [-0.8724, -0.0196],
        [-0.4448,  0.5978]], device='cuda:0')
24846 tensor([[ 0.8833,  0.0333],
        [ 0.4368, -0.5879],
        [-0.8723, -0.0194],
        [-0.4448,  0.5980]], device='cuda:0')
24847 tensor([[ 0.8832,  0.0332],
        [ 0.4368, -0.5880],
        [-0.8723, -0.0193],
        [-0.4449,  0.5981]], device='cuda:0')
24848 tensor([[ 0.8832,  0.0330],
        [ 0.4369, -0.5881],
        [-0.8722, -0.0191],
        [-0.4449,  0.5982]], device='cuda:0')
24849 tensor([[ 0.8831,  0.0329],
        [ 0.4369, -0.5882],
        [-0.8720, -0.0190],
        [-0.4449,  0.5983]], device='cuda:0')
24850 tensor([[ 0.8830,  0.0327],
        [ 0.4370, -0.5884],
        [-0.8719, -0.0188],
        [-0.4450,  0.5984]], device='cuda:0')
24851 tensor([[ 0.8830,  0.0325],
        [ 0.4371, -0.5885],
        [-0.8718, -0.0187],
        [-0.4450,  0.5985]], device='cuda:0')
24852 tensor([[ 0.8829,  0.0324],
        [ 0.4372, -0.5886],
        [-0.8717, -0.0185],
        [-0.4451,  0.5986]], device='cuda:0')
24853 tensor([[ 0.8828,  0.0322],
        [ 0.4372, -0.5887],
        [-0.8716, -0.0184],
        [-0.4451,  0.5987]], device='cuda:0')
24854 tensor([[ 0.8827,  0.0321],
        [ 0.4373, -0.5888],
        [-0.8715, -0.0182],
        [-0.4451,  0.5988]], device='cuda:0')
24855 tensor([[ 0.8827,  0.0319],
        [ 0.4374, -0.5889],
        [-0.8714, -0.0181],
        [-0.4452,  0.5989]], device='cuda:0')
24856 tensor([[ 0.8826,  0.0318],
        [ 0.4374, -0.5890],
        [-0.8713, -0.0179],
        [-0.4452,  0.5990]], device='cuda:0')
24857 tensor([[ 0.8825,  0.0316],
        [ 0.4375, -0.5891],
        [-0.8712, -0.0178],
        [-0.4453,  0.5991]], device='cuda:0')
24858 tensor([[ 0.8824,  0.0315],
        [ 0.4376, -0.5892],
        [-0.8711, -0.0177],
        [-0.4453,  0.5992]], device='cuda:0')
24859 tensor([[ 0.8823,  0.0313],
        [ 0.4377, -0.5893],
        [-0.8710, -0.0175],
        [-0.4454,  0.5993]], device='cuda:0')
24860 tensor([[ 0.8823,  0.0312],
        [ 0.4377, -0.5894],
        [-0.8709, -0.0174],
        [-0.4454,  0.5994]], device='cuda:0')
24861 tensor([[ 0.8822,  0.0310],
        [ 0.4378, -0.5895],
        [-0.8708, -0.0172],
        [-0.4455,  0.5995]], device='cuda:0')
24862 tensor([[ 0.8821,  0.0309],
        [ 0.4379, -0.5896],
        [-0.8707, -0.0171],
        [-0.4455,  0.5996]], device='cuda:0')
24863 tensor([[ 0.8820,  0.0307],
        [ 0.4379, -0.5897],
        [-0.8706, -0.0169],
        [-0.4456,  0.5997]], device='cuda:0')
24864 tensor([[ 0.8820,  0.0306],
        [ 0.4380, -0.5898],
        [-0.8705, -0.0167],
        [-0.4456,  0.5998]], device='cuda:0')
24865 tensor([[ 0.8819,  0.0304],
        [ 0.4381, -0.5899],
        [-0.8704, -0.0166],
        [-0.4457,  0.5999]], device='cuda:0')
24866 tensor([[ 0.8818,  0.0302],
        [ 0.4381, -0.5900],
        [-0.8704, -0.0164],
        [-0.4457,  0.6000]], device='cuda:0')
24867 tensor([[ 0.8817,  0.0300],
        [ 0.4382, -0.5901],
        [-0.8703, -0.0162],
        [-0.4457,  0.6001]], device='cuda:0')
24868 tensor([[ 0.8817,  0.0299],
        [ 0.4382, -0.5902],
        [-0.8702, -0.0160],
        [-0.4458,  0.6002]], device='cuda:0')
24869 tensor([[ 0.8816,  0.0297],
        [ 0.4383, -0.5903],
        [-0.8701, -0.0158],
        [-0.4458,  0.6003]], device='cuda:0')
24870 tensor([[ 0.8815,  0.0295],
        [ 0.4384, -0.5904],
        [-0.8700, -0.0157],
        [-0.4459,  0.6004]], device='cuda:0')
24871 tensor([[ 0.8814,  0.0293],
        [ 0.4384, -0.5905],
        [-0.8699, -0.0155],
        [-0.4459,  0.6005]], device='cuda:0')
24872 tensor([[ 0.8814,  0.0292],
        [ 0.4385, -0.5906],
        [-0.8698, -0.0153],
        [-0.4460,  0.6006]], device='cuda:0')
24873 tensor([[ 0.8813,  0.0290],
        [ 0.4385, -0.5907],
        [-0.8697, -0.0151],
        [-0.4460,  0.6007]], device='cuda:0')
24874 tensor([[ 0.8812,  0.0288],
        [ 0.4386, -0.5908],
        [-0.8696, -0.0150],
        [-0.4461,  0.6008]], device='cuda:0')
24875 tensor([[ 0.8811,  0.0287],
        [ 0.4387, -0.5909],
        [-0.8696, -0.0148],
        [-0.4461,  0.6009]], device='cuda:0')
24876 tensor([[ 0.8811,  0.0285],
        [ 0.4387, -0.5910],
        [-0.8695, -0.0146],
        [-0.4462,  0.6010]], device='cuda:0')
24877 tensor([[ 0.8810,  0.0283],
        [ 0.4388, -0.5911],
        [-0.8694, -0.0145],
        [-0.4462,  0.6011]], device='cuda:0')
24878 tensor([[ 0.8809,  0.0282],
        [ 0.4388, -0.5911],
        [-0.8693, -0.0143],
        [-0.4463,  0.6012]], device='cuda:0')
24879 tensor([[ 0.8808,  0.0280],
        [ 0.4389, -0.5912],
        [-0.8692, -0.0141],
        [-0.4463,  0.6012]], device='cuda:0')
24880 tensor([[ 0.8808,  0.0278],
        [ 0.4389, -0.5912],
        [-0.8691, -0.0139],
        [-0.4464,  0.6013]], device='cuda:0')
24881 tensor([[ 0.8807,  0.0276],
        [ 0.4390, -0.5913],
        [-0.8690, -0.0137],
        [-0.4464,  0.6013]], device='cuda:0')
24882 tensor([[ 0.8806,  0.0274],
        [ 0.4391, -0.5913],
        [-0.8690, -0.0135],
        [-0.4464,  0.6014]], device='cuda:0')
24883 tensor([[ 0.8806,  0.0272],
        [ 0.4391, -0.5914],
        [-0.8689, -0.0133],
        [-0.4465,  0.6015]], device='cuda:0')
24884 tensor([[ 0.8805,  0.0270],
        [ 0.4392, -0.5914],
        [-0.8688, -0.0131],
        [-0.4465,  0.6015]], device='cuda:0')
24885 tensor([[ 0.8804,  0.0268],
        [ 0.4392, -0.5915],
        [-0.8687, -0.0129],
        [-0.4466,  0.6016]], device='cuda:0')
24886 tensor([[ 0.8803,  0.0266],
        [ 0.4393, -0.5915],
        [-0.8686, -0.0127],
        [-0.4466,  0.6016]], device='cuda:0')
24887 tensor([[ 0.8803,  0.0264],
        [ 0.4393, -0.5916],
        [-0.8686, -0.0125],
        [-0.4467,  0.6017]], device='cuda:0')
24888 tensor([[ 0.8802,  0.0262],
        [ 0.4394, -0.5916],
        [-0.8685, -0.0123],
        [-0.4467,  0.6017]], device='cuda:0')
24889 tensor([[ 0.8801,  0.0260],
        [ 0.4394, -0.5917],
        [-0.8684, -0.0121],
        [-0.4468,  0.6018]], device='cuda:0')
24890 tensor([[ 0.8801,  0.0258],
        [ 0.4395, -0.5917],
        [-0.8683, -0.0119],
        [-0.4468,  0.6018]], device='cuda:0')
24891 tensor([[ 0.8800,  0.0256],
        [ 0.4395, -0.5918],
        [-0.8682, -0.0117],
        [-0.4468,  0.6019]], device='cuda:0')
24892 tensor([[ 0.8799,  0.0255],
        [ 0.4396, -0.5918],
        [-0.8682, -0.0115],
        [-0.4469,  0.6019]], device='cuda:0')
24893 tensor([[ 0.8799,  0.0253],
        [ 0.4397, -0.5919],
        [-0.8680, -0.0113],
        [-0.4469,  0.6020]], device='cuda:0')
24894 tensor([[ 0.8798,  0.0251],
        [ 0.4398, -0.5919],
        [-0.8679, -0.0112],
        [-0.4469,  0.6021]], device='cuda:0')
24895 tensor([[ 0.8797,  0.0249],
        [ 0.4399, -0.5920],
        [-0.8678, -0.0110],
        [-0.4470,  0.6021]], device='cuda:0')
24896 tensor([[ 0.8796,  0.0247],
        [ 0.4400, -0.5921],
        [-0.8677, -0.0108],
        [-0.4471,  0.6021]], device='cuda:0')
24897 tensor([[ 0.8795,  0.0245],
        [ 0.4400, -0.5921],
        [-0.8676, -0.0106],
        [-0.4472,  0.6022]], device='cuda:0')
24898 tensor([[ 0.8794,  0.0243],
        [ 0.4401, -0.5922],
        [-0.8674, -0.0104],
        [-0.4472,  0.6022]], device='cuda:0')
24899 tensor([[ 0.8793,  0.0242],
        [ 0.4402, -0.5922],
        [-0.8673, -0.0103],
        [-0.4473,  0.6023]], device='cuda:0')
24900 tensor([[ 0.8792,  0.0240],
        [ 0.4403, -0.5923],
        [-0.8672, -0.0101],
        [-0.4474,  0.6023]], device='cuda:0')
24901 tensor([[ 0.8791,  0.0238],
        [ 0.4404, -0.5923],
        [-0.8671, -0.0099],
        [-0.4474,  0.6024]], device='cuda:0')
24902 tensor([[ 0.8790,  0.0236],
        [ 0.4405, -0.5924],
        [-0.8670, -0.0097],
        [-0.4475,  0.6024]], device='cuda:0')
24903 tensor([[ 0.8789,  0.0234],
        [ 0.4406, -0.5924],
        [-0.8669, -0.0096],
        [-0.4476,  0.6025]], device='cuda:0')
24904 tensor([[ 0.8788,  0.0233],
        [ 0.4407, -0.5925],
        [-0.8668, -0.0094],
        [-0.4476,  0.6025]], device='cuda:0')
24905 tensor([[ 0.8787,  0.0231],
        [ 0.4407, -0.5925],
        [-0.8666, -0.0092],
        [-0.4477,  0.6026]], device='cuda:0')
24906 tensor([[ 0.8786,  0.0229],
        [ 0.4408, -0.5926],
        [-0.8665, -0.0091],
        [-0.4477,  0.6026]], device='cuda:0')
24907 tensor([[ 0.8785,  0.0227],
        [ 0.4409, -0.5926],
        [-0.8664, -0.0089],
        [-0.4478,  0.6027]], device='cuda:0')
24908 tensor([[ 0.8784,  0.0226],
        [ 0.4410, -0.5927],
        [-0.8663, -0.0087],
        [-0.4479,  0.6027]], device='cuda:0')
24909 tensor([[ 0.8783,  0.0224],
        [ 0.4411, -0.5927],
        [-0.8662, -0.0085],
        [-0.4479,  0.6028]], device='cuda:0')
24910 tensor([[ 0.8782,  0.0222],
        [ 0.4411, -0.5928],
        [-0.8661, -0.0084],
        [-0.4480,  0.6028]], device='cuda:0')
24911 tensor([[ 0.8781,  0.0221],
        [ 0.4412, -0.5928],
        [-0.8660, -0.0082],
        [-0.4481,  0.6029]], device='cuda:0')
24912 tensor([[ 0.8781,  0.0219],
        [ 0.4413, -0.5929],
        [-0.8659, -0.0080],
        [-0.4482,  0.6029]], device='cuda:0')
24913 tensor([[ 0.8780,  0.0217],
        [ 0.4414, -0.5929],
        [-0.8658, -0.0079],
        [-0.4482,  0.6030]], device='cuda:0')
24914 tensor([[ 0.8779,  0.0216],
        [ 0.4414, -0.5930],
        [-0.8657, -0.0077],
        [-0.4483,  0.6030]], device='cuda:0')
24915 tensor([[ 0.8778,  0.0214],
        [ 0.4415, -0.5930],
        [-0.8656, -0.0075],
        [-0.4484,  0.6031]], device='cuda:0')
24916 tensor([[ 0.8777,  0.0212],
        [ 0.4416, -0.5931],
        [-0.8655, -0.0074],
        [-0.4484,  0.6031]], device='cuda:0')
24917 tensor([[ 0.8776,  0.0211],
        [ 0.4417, -0.5931],
        [-0.8654, -0.0072],
        [-0.4485,  0.6032]], device='cuda:0')
24918 tensor([[ 0.8775,  0.0209],
        [ 0.4417, -0.5931],
        [-0.8653, -0.0070],
        [-0.4486,  0.6032]], device='cuda:0')
24919 tensor([[ 0.8774,  0.0208],
        [ 0.4418, -0.5932],
        [-0.8652, -0.0069],
        [-0.4486,  0.6033]], device='cuda:0')
24920 tensor([[ 0.8773,  0.0206],
        [ 0.4419, -0.5932],
        [-0.8651, -0.0067],
        [-0.4487,  0.6033]], device='cuda:0')
24921 tensor([[ 0.8772,  0.0204],
        [ 0.4420, -0.5933],
        [-0.8650, -0.0066],
        [-0.4487,  0.6034]], device='cuda:0')
24922 tensor([[ 0.8771,  0.0203],
        [ 0.4420, -0.5933],
        [-0.8649, -0.0064],
        [-0.4488,  0.6034]], device='cuda:0')
24923 tensor([[ 0.8770,  0.0201],
        [ 0.4421, -0.5933],
        [-0.8648, -0.0062],
        [-0.4489,  0.6035]], device='cuda:0')
24924 tensor([[ 0.8770,  0.0200],
        [ 0.4422, -0.5933],
        [-0.8647, -0.0061],
        [-0.4489,  0.6035]], device='cuda:0')
24925 tensor([[ 0.8769,  0.0198],
        [ 0.4423, -0.5933],
        [-0.8646, -0.0059],
        [-0.4490,  0.6035]], device='cuda:0')
24926 tensor([[ 0.8768,  0.0197],
        [ 0.4423, -0.5934],
        [-0.8645, -0.0058],
        [-0.4491,  0.6035]], device='cuda:0')
24927 tensor([[ 0.8767,  0.0195],
        [ 0.4424, -0.5934],
        [-0.8644, -0.0056],
        [-0.4491,  0.6035]], device='cuda:0')
24928 tensor([[ 0.8766,  0.0194],
        [ 0.4425, -0.5934],
        [-0.8643, -0.0055],
        [-0.4492,  0.6035]], device='cuda:0')
24929 tensor([[ 0.8765,  0.0192],
        [ 0.4425, -0.5934],
        [-0.8642, -0.0053],
        [-0.4492,  0.6035]], device='cuda:0')
24930 tensor([[ 0.8764,  0.0191],
        [ 0.4426, -0.5934],
        [-0.8641, -0.0052],
        [-0.4493,  0.6035]], device='cuda:0')
24931 tensor([[ 0.8763,  0.0189],
        [ 0.4427, -0.5934],
        [-0.8640, -0.0050],
        [-0.4494,  0.6035]], device='cuda:0')
24932 tensor([[ 0.8763,  0.0188],
        [ 0.4427, -0.5934],
        [-0.8639, -0.0049],
        [-0.4494,  0.6035]], device='cuda:0')
24933 tensor([[ 0.8762,  0.0186],
        [ 0.4428, -0.5934],
        [-0.8638, -0.0047],
        [-0.4495,  0.6036]], device='cuda:0')
24934 tensor([[ 0.8761,  0.0185],
        [ 0.4429, -0.5934],
        [-0.8637, -0.0046],
        [-0.4496,  0.6036]], device='cuda:0')
24935 tensor([[ 0.8760,  0.0183],
        [ 0.4429, -0.5934],
        [-0.8637, -0.0044],
        [-0.4496,  0.6036]], device='cuda:0')
24936 tensor([[ 0.8759,  0.0182],
        [ 0.4430, -0.5934],
        [-0.8636, -0.0043],
        [-0.4497,  0.6036]], device='cuda:0')
24937 tensor([[ 0.8758,  0.0180],
        [ 0.4431, -0.5934],
        [-0.8635, -0.0041],
        [-0.4497,  0.6036]], device='cuda:0')
24938 tensor([[ 0.8758,  0.0179],
        [ 0.4432, -0.5934],
        [-0.8634, -0.0040],
        [-0.4498,  0.6036]], device='cuda:0')
24939 tensor([[ 0.8757,  0.0178],
        [ 0.4433, -0.5935],
        [-0.8633, -0.0038],
        [-0.4498,  0.6036]], device='cuda:0')
24940 tensor([[ 0.8756,  0.0176],
        [ 0.4434, -0.5935],
        [-0.8632, -0.0037],
        [-0.4499,  0.6036]], device='cuda:0')
24941 tensor([[ 0.8755,  0.0175],
        [ 0.4435, -0.5935],
        [-0.8631, -0.0036],
        [-0.4500,  0.6036]], device='cuda:0')
24942 tensor([[ 0.8755,  0.0173],
        [ 0.4436, -0.5935],
        [-0.8630, -0.0034],
        [-0.4501,  0.6036]], device='cuda:0')
24943 tensor([[ 0.8754,  0.0172],
        [ 0.4437, -0.5935],
        [-0.8629, -0.0033],
        [-0.4502,  0.6036]], device='cuda:0')
24944 tensor([[ 0.8753,  0.0170],
        [ 0.4438, -0.5935],
        [-0.8628, -0.0031],
        [-0.4503,  0.6036]], device='cuda:0')
24945 tensor([[ 0.8752,  0.0169],
        [ 0.4439, -0.5935],
        [-0.8627, -0.0030],
        [-0.4503,  0.6036]], device='cuda:0')
24946 tensor([[ 0.8752,  0.0167],
        [ 0.4440, -0.5935],
        [-0.8626, -0.0029],
        [-0.4504,  0.6036]], device='cuda:0')
24947 tensor([[ 0.8751,  0.0166],
        [ 0.4441, -0.5935],
        [-0.8625, -0.0027],
        [-0.4505,  0.6036]], device='cuda:0')
24948 tensor([[ 0.8750,  0.0165],
        [ 0.4442, -0.5936],
        [-0.8625, -0.0026],
        [-0.4506,  0.6037]], device='cuda:0')
24949 tensor([[ 0.8750,  0.0163],
        [ 0.4443, -0.5936],
        [-0.8624, -0.0025],
        [-0.4507,  0.6037]], device='cuda:0')
24950 tensor([[ 0.8749,  0.0162],
        [ 0.4444, -0.5936],
        [-0.8623, -0.0023],
        [-0.4507,  0.6037]], device='cuda:0')
24951 tensor([[ 0.8748,  0.0160],
        [ 0.4445, -0.5936],
        [-0.8622, -0.0022],
        [-0.4508,  0.6037]], device='cuda:0')
24952 tensor([[ 0.8747,  0.0159],
        [ 0.4446, -0.5936],
        [-0.8621, -0.0021],
        [-0.4509,  0.6037]], device='cuda:0')
24953 tensor([[ 0.8747,  0.0158],
        [ 0.4447, -0.5936],
        [-0.8620, -0.0020],
        [-0.4510,  0.6037]], device='cuda:0')
24954 tensor([[ 0.8746,  0.0156],
        [ 0.4448, -0.5936],
        [-0.8619, -0.0018],
        [-0.4511,  0.6037]], device='cuda:0')
24955 tensor([[ 0.8745,  0.0155],
        [ 0.4450, -0.5936],
        [-0.8618, -0.0017],
        [-0.4512,  0.6037]], device='cuda:0')
24956 tensor([[ 0.8745,  0.0154],
        [ 0.4451, -0.5937],
        [-0.8618, -0.0016],
        [-0.4513,  0.6037]], device='cuda:0')
24957 tensor([[ 0.8744,  0.0152],
        [ 0.4452, -0.5937],
        [-0.8617, -0.0015],
        [-0.4514,  0.6037]], device='cuda:0')
24958 tensor([[ 0.8743,  0.0151],
        [ 0.4454, -0.5937],
        [-0.8616, -0.0013],
        [-0.4515,  0.6037]], device='cuda:0')
24959 tensor([[ 0.8743,  0.0150],
        [ 0.4455, -0.5937],
        [-0.8615, -0.0012],
        [-0.4517,  0.6037]], device='cuda:0')
24960 tensor([[ 0.8742,  0.0148],
        [ 0.4456, -0.5937],
        [-0.8614, -0.0011],
        [-0.4518,  0.6037]], device='cuda:0')
24961 tensor([[ 0.8741,  0.0147],
        [ 0.4457, -0.5937],
        [-0.8613, -0.0010],
        [-0.4519,  0.6037]], device='cuda:0')
24962 tensor([[ 8.7406e-01,  1.4574e-02],
        [ 4.4587e-01, -5.9373e-01],
        [-8.6124e-01, -8.3488e-04],
        [-4.5198e-01,  6.0371e-01]], device='cuda:0')
24963 tensor([[ 8.7399e-01,  1.4444e-02],
        [ 4.4599e-01, -5.9374e-01],
        [-8.6116e-01, -7.1344e-04],
        [-4.5209e-01,  6.0371e-01]], device='cuda:0')
24964 tensor([[ 8.7393e-01,  1.4315e-02],
        [ 4.4612e-01, -5.9375e-01],
        [-8.6107e-01, -5.9266e-04],
        [-4.5220e-01,  6.0372e-01]], device='cuda:0')
24965 tensor([[ 8.7386e-01,  1.4187e-02],
        [ 4.4624e-01, -5.9377e-01],
        [-8.6099e-01, -4.7256e-04],
        [-4.5230e-01,  6.0372e-01]], device='cuda:0')
24966 tensor([[ 8.7380e-01,  1.4059e-02],
        [ 4.4637e-01, -5.9378e-01],
        [-8.6091e-01, -3.5312e-04],
        [-4.5241e-01,  6.0372e-01]], device='cuda:0')
24967 tensor([[ 8.7373e-01,  1.3933e-02],
        [ 4.4649e-01, -5.9379e-01],
        [-8.6083e-01, -2.3435e-04],
        [-4.5252e-01,  6.0373e-01]], device='cuda:0')
24968 tensor([[ 8.7367e-01,  1.3807e-02],
        [ 4.4661e-01, -5.9380e-01],
        [-8.6075e-01, -1.1631e-04],
        [-4.5262e-01,  6.0373e-01]], device='cuda:0')
24969 tensor([[ 8.7360e-01,  1.3681e-02],
        [ 4.4673e-01, -5.9381e-01],
        [-8.6066e-01,  1.0744e-06],
        [-4.5272e-01,  6.0373e-01]], device='cuda:0')
24970 tensor([[ 8.7354e-01,  1.3556e-02],
        [ 4.4685e-01, -5.9382e-01],
        [-8.6058e-01,  1.1781e-04],
        [-4.5283e-01,  6.0374e-01]], device='cuda:0')
24971 tensor([[ 8.7348e-01,  1.3432e-02],
        [ 4.4697e-01, -5.9383e-01],
        [-8.6050e-01,  2.3389e-04],
        [-4.5293e-01,  6.0374e-01]], device='cuda:0')
24972 tensor([[ 8.7342e-01,  1.3309e-02],
        [ 4.4709e-01, -5.9385e-01],
        [-8.6042e-01,  3.4934e-04],
        [-4.5303e-01,  6.0374e-01]], device='cuda:0')
24973 tensor([[ 8.7335e-01,  1.3186e-02],
        [ 4.4721e-01, -5.9386e-01],
        [-8.6035e-01,  4.6414e-04],
        [-4.5313e-01,  6.0375e-01]], device='cuda:0')
24974 tensor([[ 8.7329e-01,  1.3064e-02],
        [ 4.4733e-01, -5.9387e-01],
        [-8.6027e-01,  5.7831e-04],
        [-4.5324e-01,  6.0375e-01]], device='cuda:0')
24975 tensor([[ 8.7323e-01,  1.2943e-02],
        [ 4.4744e-01, -5.9388e-01],
        [-8.6019e-01,  6.9184e-04],
        [-4.5334e-01,  6.0375e-01]], device='cuda:0')
24976 tensor([[ 8.7317e-01,  1.2822e-02],
        [ 4.4756e-01, -5.9389e-01],
        [-8.6011e-01,  8.0475e-04],
        [-4.5344e-01,  6.0376e-01]], device='cuda:0')
24977 tensor([[ 0.8731,  0.0127],
        [ 0.4477, -0.5939],
        [-0.8600,  0.0009],
        [-0.4535,  0.6038]], device='cuda:0')
24978 tensor([[ 0.8730,  0.0126],
        [ 0.4478, -0.5939],
        [-0.8600,  0.0010],
        [-0.4536,  0.6038]], device='cuda:0')
24979 tensor([[ 0.8730,  0.0125],
        [ 0.4479, -0.5939],
        [-0.8599,  0.0011],
        [-0.4537,  0.6038]], device='cuda:0')
24980 tensor([[ 0.8729,  0.0123],
        [ 0.4480, -0.5939],
        [-0.8598,  0.0013],
        [-0.4538,  0.6038]], device='cuda:0')
24981 tensor([[ 0.8729,  0.0122],
        [ 0.4481, -0.5939],
        [-0.8597,  0.0014],
        [-0.4539,  0.6038]], device='cuda:0')
24982 tensor([[ 0.8728,  0.0121],
        [ 0.4482, -0.5940],
        [-0.8597,  0.0015],
        [-0.4540,  0.6038]], device='cuda:0')
24983 tensor([[ 0.8727,  0.0120],
        [ 0.4484, -0.5940],
        [-0.8596,  0.0016],
        [-0.4541,  0.6038]], device='cuda:0')
24984 tensor([[ 0.8727,  0.0119],
        [ 0.4485, -0.5940],
        [-0.8595,  0.0017],
        [-0.4542,  0.6039]], device='cuda:0')
24985 tensor([[ 0.8726,  0.0118],
        [ 0.4486, -0.5940],
        [-0.8594,  0.0018],
        [-0.4543,  0.6039]], device='cuda:0')
24986 tensor([[ 0.8726,  0.0117],
        [ 0.4487, -0.5941],
        [-0.8594,  0.0019],
        [-0.4544,  0.6040]], device='cuda:0')
24987 tensor([[ 0.8725,  0.0116],
        [ 0.4488, -0.5941],
        [-0.8593,  0.0020],
        [-0.4545,  0.6040]], device='cuda:0')
24988 tensor([[ 0.8724,  0.0115],
        [ 0.4489, -0.5942],
        [-0.8592,  0.0021],
        [-0.4546,  0.6041]], device='cuda:0')
24989 tensor([[ 0.8724,  0.0114],
        [ 0.4490, -0.5942],
        [-0.8592,  0.0023],
        [-0.4547,  0.6041]], device='cuda:0')
24990 tensor([[ 0.8723,  0.0112],
        [ 0.4491, -0.5943],
        [-0.8591,  0.0024],
        [-0.4548,  0.6042]], device='cuda:0')
24991 tensor([[ 0.8722,  0.0111],
        [ 0.4492, -0.5943],
        [-0.8590,  0.0025],
        [-0.4549,  0.6042]], device='cuda:0')
24992 tensor([[ 0.8722,  0.0110],
        [ 0.4493, -0.5943],
        [-0.8590,  0.0026],
        [-0.4550,  0.6042]], device='cuda:0')
24993 tensor([[ 0.8721,  0.0109],
        [ 0.4494, -0.5944],
        [-0.8589,  0.0027],
        [-0.4551,  0.6043]], device='cuda:0')
24994 tensor([[ 0.8721,  0.0108],
        [ 0.4495, -0.5944],
        [-0.8589,  0.0028],
        [-0.4552,  0.6043]], device='cuda:0')
24995 tensor([[ 0.8720,  0.0107],
        [ 0.4496, -0.5945],
        [-0.8588,  0.0029],
        [-0.4553,  0.6044]], device='cuda:0')
24996 tensor([[ 0.8719,  0.0106],
        [ 0.4497, -0.5945],
        [-0.8587,  0.0030],
        [-0.4554,  0.6044]], device='cuda:0')
24997 tensor([[ 0.8719,  0.0105],
        [ 0.4498, -0.5945],
        [-0.8587,  0.0031],
        [-0.4555,  0.6045]], device='cuda:0')
24998 tensor([[ 0.8718,  0.0104],
        [ 0.4499, -0.5946],
        [-0.8586,  0.0032],
        [-0.4556,  0.6045]], device='cuda:0')
24999 tensor([[ 0.8718,  0.0103],
        [ 0.4500, -0.5946],
        [-0.8585,  0.0033],
        [-0.4557,  0.6046]], device='cuda:0')
25000 tensor([[ 0.8717,  0.0102],
        [ 0.4501, -0.5947],
        [-0.8585,  0.0034],
        [-0.4558,  0.6046]], device='cuda:0')
25001 tensor([[ 0.8716,  0.0101],
        [ 0.4502, -0.5947],
        [-0.8584,  0.0035],
        [-0.4559,  0.6046]], device='cuda:0')
25002 tensor([[ 0.8716,  0.0100],
        [ 0.4503, -0.5947],
        [-0.8583,  0.0036],
        [-0.4560,  0.6047]], device='cuda:0')
25003 tensor([[ 0.8715,  0.0099],
        [ 0.4504, -0.5948],
        [-0.8583,  0.0037],
        [-0.4561,  0.6047]], device='cuda:0')
25004 tensor([[ 0.8715,  0.0098],
        [ 0.4505, -0.5948],
        [-0.8582,  0.0039],
        [-0.4562,  0.6048]], device='cuda:0')
25005 tensor([[ 0.8714,  0.0097],
        [ 0.4506, -0.5948],
        [-0.8582,  0.0040],
        [-0.4563,  0.6048]], device='cuda:0')
25006 tensor([[ 0.8713,  0.0096],
        [ 0.4506, -0.5949],
        [-0.8581,  0.0041],
        [-0.4564,  0.6049]], device='cuda:0')
25007 tensor([[ 0.8713,  0.0095],
        [ 0.4507, -0.5949],
        [-0.8580,  0.0042],
        [-0.4564,  0.6049]], device='cuda:0')
25008 tensor([[ 0.8712,  0.0094],
        [ 0.4508, -0.5950],
        [-0.8580,  0.0043],
        [-0.4565,  0.6049]], device='cuda:0')
25009 tensor([[ 0.8712,  0.0093],
        [ 0.4509, -0.5950],
        [-0.8579,  0.0044],
        [-0.4566,  0.6050]], device='cuda:0')
25010 tensor([[ 0.8711,  0.0093],
        [ 0.4510, -0.5950],
        [-0.8579,  0.0045],
        [-0.4567,  0.6050]], device='cuda:0')
25011 tensor([[ 0.8711,  0.0092],
        [ 0.4511, -0.5951],
        [-0.8578,  0.0046],
        [-0.4568,  0.6051]], device='cuda:0')
25012 tensor([[ 0.8710,  0.0091],
        [ 0.4512, -0.5951],
        [-0.8578,  0.0047],
        [-0.4569,  0.6051]], device='cuda:0')
25013 tensor([[ 0.8710,  0.0090],
        [ 0.4513, -0.5952],
        [-0.8577,  0.0047],
        [-0.4570,  0.6051]], device='cuda:0')
25014 tensor([[ 0.8709,  0.0089],
        [ 0.4515, -0.5952],
        [-0.8576,  0.0048],
        [-0.4571,  0.6052]], device='cuda:0')
25015 tensor([[ 0.8709,  0.0088],
        [ 0.4516, -0.5952],
        [-0.8576,  0.0049],
        [-0.4572,  0.6052]], device='cuda:0')
25016 tensor([[ 0.8708,  0.0087],
        [ 0.4517, -0.5953],
        [-0.8575,  0.0050],
        [-0.4573,  0.6052]], device='cuda:0')
25017 tensor([[ 0.8708,  0.0086],
        [ 0.4519, -0.5953],
        [-0.8574,  0.0051],
        [-0.4574,  0.6053]], device='cuda:0')
25018 tensor([[ 0.8707,  0.0085],
        [ 0.4520, -0.5954],
        [-0.8574,  0.0052],
        [-0.4576,  0.6053]], device='cuda:0')
25019 tensor([[ 0.8707,  0.0084],
        [ 0.4521, -0.5954],
        [-0.8573,  0.0053],
        [-0.4577,  0.6054]], device='cuda:0')
25020 tensor([[ 0.8706,  0.0083],
        [ 0.4523, -0.5954],
        [-0.8573,  0.0054],
        [-0.4578,  0.6054]], device='cuda:0')
25021 tensor([[ 0.8706,  0.0082],
        [ 0.4524, -0.5955],
        [-0.8572,  0.0055],
        [-0.4579,  0.6054]], device='cuda:0')
25022 tensor([[ 0.8705,  0.0081],
        [ 0.4525, -0.5955],
        [-0.8571,  0.0055],
        [-0.4580,  0.6055]], device='cuda:0')
25023 tensor([[ 0.8705,  0.0080],
        [ 0.4526, -0.5956],
        [-0.8571,  0.0056],
        [-0.4581,  0.6055]], device='cuda:0')
25024 tensor([[ 0.8704,  0.0079],
        [ 0.4528, -0.5956],
        [-0.8570,  0.0057],
        [-0.4583,  0.6055]], device='cuda:0')
25025 tensor([[ 0.8704,  0.0078],
        [ 0.4529, -0.5956],
        [-0.8570,  0.0058],
        [-0.4584,  0.6056]], device='cuda:0')
25026 tensor([[ 0.8703,  0.0077],
        [ 0.4530, -0.5957],
        [-0.8569,  0.0059],
        [-0.4585,  0.6056]], device='cuda:0')
25027 tensor([[ 0.8703,  0.0076],
        [ 0.4531, -0.5957],
        [-0.8568,  0.0060],
        [-0.4586,  0.6056]], device='cuda:0')
25028 tensor([[ 0.8702,  0.0076],
        [ 0.4533, -0.5958],
        [-0.8568,  0.0061],
        [-0.4587,  0.6057]], device='cuda:0')
25029 tensor([[ 0.8702,  0.0075],
        [ 0.4534, -0.5958],
        [-0.8567,  0.0062],
        [-0.4588,  0.6057]], device='cuda:0')
25030 tensor([[ 0.8701,  0.0074],
        [ 0.4535, -0.5958],
        [-0.8567,  0.0062],
        [-0.4589,  0.6057]], device='cuda:0')
25031 tensor([[ 0.8701,  0.0073],
        [ 0.4536, -0.5959],
        [-0.8566,  0.0063],
        [-0.4591,  0.6058]], device='cuda:0')
25032 tensor([[ 0.8700,  0.0072],
        [ 0.4537, -0.5959],
        [-0.8566,  0.0064],
        [-0.4592,  0.6058]], device='cuda:0')
25033 tensor([[ 0.8700,  0.0071],
        [ 0.4538, -0.5959],
        [-0.8565,  0.0065],
        [-0.4593,  0.6058]], device='cuda:0')
25034 tensor([[ 0.8699,  0.0071],
        [ 0.4539, -0.5960],
        [-0.8565,  0.0066],
        [-0.4594,  0.6059]], device='cuda:0')
25035 tensor([[ 0.8699,  0.0070],
        [ 0.4541, -0.5960],
        [-0.8564,  0.0067],
        [-0.4595,  0.6059]], device='cuda:0')
25036 tensor([[ 0.8698,  0.0069],
        [ 0.4542, -0.5960],
        [-0.8564,  0.0068],
        [-0.4596,  0.6060]], device='cuda:0')
25037 tensor([[ 0.8698,  0.0068],
        [ 0.4543, -0.5961],
        [-0.8563,  0.0068],
        [-0.4597,  0.6060]], device='cuda:0')
25038 tensor([[ 0.8697,  0.0067],
        [ 0.4544, -0.5961],
        [-0.8563,  0.0069],
        [-0.4598,  0.6060]], device='cuda:0')
25039 tensor([[ 0.8697,  0.0067],
        [ 0.4545, -0.5961],
        [-0.8562,  0.0070],
        [-0.4599,  0.6061]], device='cuda:0')
25040 tensor([[ 0.8696,  0.0066],
        [ 0.4546, -0.5961],
        [-0.8562,  0.0071],
        [-0.4601,  0.6061]], device='cuda:0')
25041 tensor([[ 0.8696,  0.0065],
        [ 0.4547, -0.5962],
        [-0.8561,  0.0072],
        [-0.4602,  0.6061]], device='cuda:0')
25042 tensor([[ 0.8695,  0.0064],
        [ 0.4548, -0.5962],
        [-0.8561,  0.0073],
        [-0.4603,  0.6062]], device='cuda:0')
25043 tensor([[ 0.8695,  0.0063],
        [ 0.4549, -0.5962],
        [-0.8560,  0.0074],
        [-0.4604,  0.6062]], device='cuda:0')
25044 tensor([[ 0.8695,  0.0063],
        [ 0.4551, -0.5962],
        [-0.8560,  0.0074],
        [-0.4605,  0.6062]], device='cuda:0')
25045 tensor([[ 0.8694,  0.0062],
        [ 0.4552, -0.5962],
        [-0.8559,  0.0075],
        [-0.4606,  0.6062]], device='cuda:0')
25046 tensor([[ 0.8694,  0.0061],
        [ 0.4553, -0.5962],
        [-0.8559,  0.0076],
        [-0.4607,  0.6062]], device='cuda:0')
25047 tensor([[ 0.8693,  0.0060],
        [ 0.4554, -0.5962],
        [-0.8558,  0.0077],
        [-0.4608,  0.6062]], device='cuda:0')
25048 tensor([[ 0.8693,  0.0060],
        [ 0.4555, -0.5962],
        [-0.8558,  0.0078],
        [-0.4609,  0.6062]], device='cuda:0')
25049 tensor([[ 0.8692,  0.0059],
        [ 0.4556, -0.5962],
        [-0.8557,  0.0078],
        [-0.4610,  0.6062]], device='cuda:0')
25050 tensor([[ 0.8692,  0.0058],
        [ 0.4557, -0.5962],
        [-0.8557,  0.0079],
        [-0.4611,  0.6062]], device='cuda:0')
25051 tensor([[ 0.8691,  0.0057],
        [ 0.4558, -0.5962],
        [-0.8556,  0.0080],
        [-0.4612,  0.6062]], device='cuda:0')
25052 tensor([[ 0.8691,  0.0057],
        [ 0.4559, -0.5962],
        [-0.8556,  0.0081],
        [-0.4613,  0.6062]], device='cuda:0')
25053 tensor([[ 0.8690,  0.0056],
        [ 0.4560, -0.5961],
        [-0.8555,  0.0082],
        [-0.4614,  0.6062]], device='cuda:0')
25054 tensor([[ 0.8690,  0.0055],
        [ 0.4561, -0.5961],
        [-0.8555,  0.0082],
        [-0.4615,  0.6062]], device='cuda:0')
25055 tensor([[ 0.8689,  0.0054],
        [ 0.4562, -0.5961],
        [-0.8555,  0.0083],
        [-0.4616,  0.6062]], device='cuda:0')
25056 tensor([[ 0.8689,  0.0054],
        [ 0.4563, -0.5961],
        [-0.8554,  0.0084],
        [-0.4617,  0.6062]], device='cuda:0')
25057 tensor([[ 0.8689,  0.0053],
        [ 0.4564, -0.5961],
        [-0.8554,  0.0085],
        [-0.4618,  0.6062]], device='cuda:0')
25058 tensor([[ 0.8688,  0.0052],
        [ 0.4565, -0.5961],
        [-0.8553,  0.0085],
        [-0.4619,  0.6062]], device='cuda:0')
25059 tensor([[ 0.8688,  0.0051],
        [ 0.4567, -0.5961],
        [-0.8553,  0.0086],
        [-0.4620,  0.6062]], device='cuda:0')
25060 tensor([[ 0.8687,  0.0051],
        [ 0.4568, -0.5961],
        [-0.8552,  0.0087],
        [-0.4621,  0.6062]], device='cuda:0')
25061 tensor([[ 0.8687,  0.0050],
        [ 0.4569, -0.5961],
        [-0.8552,  0.0087],
        [-0.4623,  0.6062]], device='cuda:0')
25062 tensor([[ 0.8687,  0.0049],
        [ 0.4571, -0.5961],
        [-0.8551,  0.0088],
        [-0.4624,  0.6062]], device='cuda:0')
25063 tensor([[ 0.8686,  0.0048],
        [ 0.4572, -0.5961],
        [-0.8551,  0.0089],
        [-0.4625,  0.6062]], device='cuda:0')
25064 tensor([[ 0.8686,  0.0048],
        [ 0.4573, -0.5961],
        [-0.8550,  0.0090],
        [-0.4626,  0.6062]], device='cuda:0')
25065 tensor([[ 0.8686,  0.0047],
        [ 0.4575, -0.5961],
        [-0.8550,  0.0090],
        [-0.4627,  0.6062]], device='cuda:0')
25066 tensor([[ 0.8685,  0.0046],
        [ 0.4576, -0.5962],
        [-0.8549,  0.0091],
        [-0.4629,  0.6061]], device='cuda:0')
25067 tensor([[ 0.8685,  0.0045],
        [ 0.4577, -0.5962],
        [-0.8549,  0.0092],
        [-0.4630,  0.6061]], device='cuda:0')
25068 tensor([[ 0.8685,  0.0045],
        [ 0.4579, -0.5962],
        [-0.8548,  0.0092],
        [-0.4631,  0.6061]], device='cuda:0')
25069 tensor([[ 0.8684,  0.0044],
        [ 0.4580, -0.5962],
        [-0.8548,  0.0093],
        [-0.4632,  0.6061]], device='cuda:0')
25070 tensor([[ 0.8684,  0.0043],
        [ 0.4581, -0.5962],
        [-0.8547,  0.0094],
        [-0.4633,  0.6061]], device='cuda:0')
25071 tensor([[ 0.8684,  0.0042],
        [ 0.4583, -0.5962],
        [-0.8547,  0.0094],
        [-0.4635,  0.6061]], device='cuda:0')
25072 tensor([[ 0.8683,  0.0042],
        [ 0.4584, -0.5962],
        [-0.8546,  0.0095],
        [-0.4636,  0.6061]], device='cuda:0')
25073 tensor([[ 0.8683,  0.0041],
        [ 0.4585, -0.5961],
        [-0.8546,  0.0096],
        [-0.4637,  0.6061]], device='cuda:0')
25074 tensor([[ 0.8683,  0.0041],
        [ 0.4587, -0.5961],
        [-0.8546,  0.0096],
        [-0.4638,  0.6061]], device='cuda:0')
25075 tensor([[ 0.8683,  0.0041],
        [ 0.4589, -0.5960],
        [-0.8546,  0.0096],
        [-0.4640,  0.6060]], device='cuda:0')
25076 tensor([[ 0.8683,  0.0041],
        [ 0.4590, -0.5960],
        [-0.8546,  0.0097],
        [-0.4641,  0.6060]], device='cuda:0')
25077 tensor([[ 0.8683,  0.0040],
        [ 0.4592, -0.5960],
        [-0.8546,  0.0097],
        [-0.4643,  0.6060]], device='cuda:0')
25078 tensor([[ 0.8683,  0.0040],
        [ 0.4594, -0.5959],
        [-0.8545,  0.0097],
        [-0.4644,  0.6059]], device='cuda:0')
25079 tensor([[ 0.8683,  0.0040],
        [ 0.4595, -0.5959],
        [-0.8545,  0.0097],
        [-0.4646,  0.6059]], device='cuda:0')
25080 tensor([[ 0.8683,  0.0040],
        [ 0.4597, -0.5958],
        [-0.8545,  0.0098],
        [-0.4647,  0.6059]], device='cuda:0')
25081 tensor([[ 0.8683,  0.0039],
        [ 0.4598, -0.5958],
        [-0.8545,  0.0098],
        [-0.4649,  0.6058]], device='cuda:0')
25082 tensor([[ 0.8683,  0.0039],
        [ 0.4600, -0.5958],
        [-0.8545,  0.0098],
        [-0.4650,  0.6058]], device='cuda:0')
25083 tensor([[ 0.8683,  0.0039],
        [ 0.4601, -0.5957],
        [-0.8545,  0.0099],
        [-0.4651,  0.6058]], device='cuda:0')
25084 tensor([[ 0.8684,  0.0038],
        [ 0.4603, -0.5957],
        [-0.8545,  0.0099],
        [-0.4653,  0.6057]], device='cuda:0')
25085 tensor([[ 0.8684,  0.0038],
        [ 0.4604, -0.5957],
        [-0.8545,  0.0099],
        [-0.4654,  0.6057]], device='cuda:0')
25086 tensor([[ 0.8684,  0.0038],
        [ 0.4606, -0.5956],
        [-0.8545,  0.0100],
        [-0.4656,  0.6056]], device='cuda:0')
25087 tensor([[ 0.8684,  0.0038],
        [ 0.4607, -0.5956],
        [-0.8545,  0.0100],
        [-0.4657,  0.6056]], device='cuda:0')
25088 tensor([[ 0.8684,  0.0038],
        [ 0.4609, -0.5955],
        [-0.8545,  0.0100],
        [-0.4658,  0.6056]], device='cuda:0')
25089 tensor([[ 0.8684,  0.0038],
        [ 0.4611, -0.5955],
        [-0.8545,  0.0100],
        [-0.4660,  0.6056]], device='cuda:0')
25090 tensor([[ 0.8685,  0.0038],
        [ 0.4612, -0.5954],
        [-0.8545,  0.0100],
        [-0.4661,  0.6055]], device='cuda:0')
25091 tensor([[ 0.8685,  0.0038],
        [ 0.4614, -0.5953],
        [-0.8545,  0.0100],
        [-0.4663,  0.6055]], device='cuda:0')
25092 tensor([[ 0.8686,  0.0038],
        [ 0.4616, -0.5953],
        [-0.8546,  0.0100],
        [-0.4664,  0.6054]], device='cuda:0')
25093 tensor([[ 0.8686,  0.0038],
        [ 0.4618, -0.5952],
        [-0.8546,  0.0100],
        [-0.4666,  0.6054]], device='cuda:0')
25094 tensor([[ 0.8686,  0.0039],
        [ 0.4619, -0.5952],
        [-0.8546,  0.0100],
        [-0.4668,  0.6053]], device='cuda:0')
25095 tensor([[ 0.8687,  0.0039],
        [ 0.4621, -0.5951],
        [-0.8547,  0.0100],
        [-0.4669,  0.6052]], device='cuda:0')
25096 tensor([[ 0.8687,  0.0039],
        [ 0.4623, -0.5950],
        [-0.8547,  0.0100],
        [-0.4671,  0.6052]], device='cuda:0')
25097 tensor([[ 0.8687,  0.0039],
        [ 0.4624, -0.5950],
        [-0.8547,  0.0099],
        [-0.4672,  0.6051]], device='cuda:0')
25098 tensor([[ 0.8688,  0.0039],
        [ 0.4626, -0.5949],
        [-0.8547,  0.0099],
        [-0.4674,  0.6051]], device='cuda:0')
25099 tensor([[ 0.8688,  0.0039],
        [ 0.4628, -0.5949],
        [-0.8548,  0.0099],
        [-0.4675,  0.6050]], device='cuda:0')
25100 tensor([[ 0.8689,  0.0039],
        [ 0.4629, -0.5948],
        [-0.8548,  0.0099],
        [-0.4677,  0.6050]], device='cuda:0')
25101 tensor([[ 0.8689,  0.0039],
        [ 0.4631, -0.5948],
        [-0.8548,  0.0099],
        [-0.4679,  0.6049]], device='cuda:0')
25102 tensor([[ 0.8689,  0.0039],
        [ 0.4632, -0.5947],
        [-0.8548,  0.0099],
        [-0.4680,  0.6048]], device='cuda:0')
25103 tensor([[ 0.8690,  0.0039],
        [ 0.4634, -0.5947],
        [-0.8549,  0.0099],
        [-0.4682,  0.6048]], device='cuda:0')
25104 tensor([[ 0.8691,  0.0039],
        [ 0.4636, -0.5946],
        [-0.8549,  0.0099],
        [-0.4683,  0.6047]], device='cuda:0')
25105 tensor([[ 0.8692,  0.0039],
        [ 0.4638, -0.5946],
        [-0.8550,  0.0099],
        [-0.4684,  0.6047]], device='cuda:0')
25106 tensor([[ 0.8692,  0.0040],
        [ 0.4639, -0.5945],
        [-0.8551,  0.0099],
        [-0.4686,  0.6046]], device='cuda:0')
25107 tensor([[ 0.8693,  0.0040],
        [ 0.4641, -0.5945],
        [-0.8551,  0.0099],
        [-0.4687,  0.6046]], device='cuda:0')
25108 tensor([[ 0.8694,  0.0040],
        [ 0.4643, -0.5944],
        [-0.8552,  0.0098],
        [-0.4689,  0.6045]], device='cuda:0')
25109 tensor([[ 0.8694,  0.0040],
        [ 0.4645, -0.5944],
        [-0.8552,  0.0098],
        [-0.4691,  0.6044]], device='cuda:0')
25110 tensor([[ 0.8695,  0.0040],
        [ 0.4646, -0.5943],
        [-0.8553,  0.0098],
        [-0.4692,  0.6044]], device='cuda:0')
25111 tensor([[ 0.8696,  0.0040],
        [ 0.4648, -0.5943],
        [-0.8554,  0.0098],
        [-0.4694,  0.6043]], device='cuda:0')
25112 tensor([[ 0.8697,  0.0040],
        [ 0.4650, -0.5942],
        [-0.8554,  0.0098],
        [-0.4696,  0.6043]], device='cuda:0')
25113 tensor([[ 0.8697,  0.0040],
        [ 0.4652, -0.5942],
        [-0.8555,  0.0098],
        [-0.4697,  0.6042]], device='cuda:0')
25114 tensor([[ 0.8698,  0.0040],
        [ 0.4653, -0.5942],
        [-0.8555,  0.0098],
        [-0.4699,  0.6042]], device='cuda:0')
25115 tensor([[ 0.8699,  0.0040],
        [ 0.4655, -0.5941],
        [-0.8556,  0.0098],
        [-0.4701,  0.6041]], device='cuda:0')
25116 tensor([[ 0.8699,  0.0040],
        [ 0.4656, -0.5941],
        [-0.8557,  0.0098],
        [-0.4702,  0.6041]], device='cuda:0')
25117 tensor([[ 0.8700,  0.0040],
        [ 0.4658, -0.5940],
        [-0.8557,  0.0097],
        [-0.4704,  0.6040]], device='cuda:0')
25118 tensor([[ 0.8701,  0.0040],
        [ 0.4660, -0.5939],
        [-0.8558,  0.0097],
        [-0.4705,  0.6040]], device='cuda:0')
25119 tensor([[ 0.8702,  0.0041],
        [ 0.4662, -0.5939],
        [-0.8559,  0.0097],
        [-0.4707,  0.6039]], device='cuda:0')
25120 tensor([[ 0.8703,  0.0041],
        [ 0.4664, -0.5938],
        [-0.8560,  0.0097],
        [-0.4708,  0.6039]], device='cuda:0')
25121 tensor([[ 0.8704,  0.0042],
        [ 0.4666, -0.5937],
        [-0.8561,  0.0096],
        [-0.4710,  0.6038]], device='cuda:0')
25122 tensor([[ 0.8705,  0.0042],
        [ 0.4667, -0.5936],
        [-0.8561,  0.0096],
        [-0.4712,  0.6037]], device='cuda:0')
25123 tensor([[ 0.8706,  0.0043],
        [ 0.4669, -0.5936],
        [-0.8562,  0.0095],
        [-0.4714,  0.6037]], device='cuda:0')
25124 tensor([[ 0.8707,  0.0043],
        [ 0.4671, -0.5935],
        [-0.8563,  0.0095],
        [-0.4715,  0.6036]], device='cuda:0')
25125 tensor([[ 0.8708,  0.0044],
        [ 0.4673, -0.5934],
        [-0.8564,  0.0094],
        [-0.4717,  0.6035]], device='cuda:0')
25126 tensor([[ 0.8709,  0.0044],
        [ 0.4675, -0.5934],
        [-0.8565,  0.0094],
        [-0.4719,  0.6034]], device='cuda:0')
25127 tensor([[ 0.8710,  0.0045],
        [ 0.4677, -0.5933],
        [-0.8566,  0.0094],
        [-0.4721,  0.6034]], device='cuda:0')
25128 tensor([[ 0.8711,  0.0045],
        [ 0.4678, -0.5932],
        [-0.8567,  0.0093],
        [-0.4722,  0.6033]], device='cuda:0')
25129 tensor([[ 0.8712,  0.0045],
        [ 0.4680, -0.5931],
        [-0.8568,  0.0093],
        [-0.4724,  0.6032]], device='cuda:0')
25130 tensor([[ 0.8713,  0.0046],
        [ 0.4682, -0.5931],
        [-0.8569,  0.0092],
        [-0.4726,  0.6032]], device='cuda:0')
25131 tensor([[ 0.8714,  0.0046],
        [ 0.4683, -0.5930],
        [-0.8570,  0.0092],
        [-0.4727,  0.6031]], device='cuda:0')
25132 tensor([[ 0.8715,  0.0047],
        [ 0.4685, -0.5930],
        [-0.8570,  0.0092],
        [-0.4729,  0.6030]], device='cuda:0')
25133 tensor([[ 0.8717,  0.0047],
        [ 0.4687, -0.5929],
        [-0.8571,  0.0091],
        [-0.4731,  0.6030]], device='cuda:0')
25134 tensor([[ 0.8718,  0.0048],
        [ 0.4689, -0.5928],
        [-0.8572,  0.0091],
        [-0.4732,  0.6029]], device='cuda:0')
25135 tensor([[ 0.8719,  0.0049],
        [ 0.4691, -0.5927],
        [-0.8573,  0.0090],
        [-0.4734,  0.6029]], device='cuda:0')
25136 tensor([[ 0.8721,  0.0050],
        [ 0.4693, -0.5926],
        [-0.8574,  0.0089],
        [-0.4735,  0.6028]], device='cuda:0')
25137 tensor([[ 0.8722,  0.0050],
        [ 0.4695, -0.5925],
        [-0.8575,  0.0089],
        [-0.4737,  0.6027]], device='cuda:0')
25138 tensor([[ 0.8723,  0.0051],
        [ 0.4697, -0.5924],
        [-0.8577,  0.0088],
        [-0.4739,  0.6026]], device='cuda:0')
25139 tensor([[ 0.8725,  0.0052],
        [ 0.4699, -0.5923],
        [-0.8578,  0.0087],
        [-0.4741,  0.6025]], device='cuda:0')
25140 tensor([[ 0.8726,  0.0053],
        [ 0.4701, -0.5923],
        [-0.8579,  0.0087],
        [-0.4742,  0.6025]], device='cuda:0')
25141 tensor([[ 0.8727,  0.0053],
        [ 0.4703, -0.5922],
        [-0.8580,  0.0086],
        [-0.4744,  0.6024]], device='cuda:0')
25142 tensor([[ 0.8728,  0.0054],
        [ 0.4705, -0.5921],
        [-0.8581,  0.0085],
        [-0.4746,  0.6023]], device='cuda:0')
25143 tensor([[ 0.8730,  0.0055],
        [ 0.4706, -0.5920],
        [-0.8582,  0.0085],
        [-0.4748,  0.6022]], device='cuda:0')
25144 tensor([[ 0.8731,  0.0055],
        [ 0.4708, -0.5919],
        [-0.8583,  0.0084],
        [-0.4749,  0.6021]], device='cuda:0')
25145 tensor([[ 0.8732,  0.0056],
        [ 0.4710, -0.5919],
        [-0.8584,  0.0083],
        [-0.4751,  0.6020]], device='cuda:0')
25146 tensor([[ 0.8733,  0.0057],
        [ 0.4712, -0.5918],
        [-0.8585,  0.0083],
        [-0.4753,  0.6020]], device='cuda:0')
25147 tensor([[ 0.8734,  0.0057],
        [ 0.4713, -0.5917],
        [-0.8586,  0.0082],
        [-0.4754,  0.6019]], device='cuda:0')
25148 tensor([[ 0.8736,  0.0058],
        [ 0.4715, -0.5917],
        [-0.8587,  0.0081],
        [-0.4756,  0.6018]], device='cuda:0')
25149 tensor([[ 0.8737,  0.0059],
        [ 0.4717, -0.5916],
        [-0.8588,  0.0081],
        [-0.4758,  0.6017]], device='cuda:0')
25150 tensor([[ 0.8739,  0.0059],
        [ 0.4719, -0.5915],
        [-0.8590,  0.0080],
        [-0.4759,  0.6016]], device='cuda:0')
25151 tensor([[ 0.8741,  0.0060],
        [ 0.4721, -0.5914],
        [-0.8591,  0.0079],
        [-0.4761,  0.6016]], device='cuda:0')
25152 tensor([[ 0.8742,  0.0060],
        [ 0.4723, -0.5914],
        [-0.8592,  0.0079],
        [-0.4762,  0.6015]], device='cuda:0')
25153 tensor([[ 0.8744,  0.0061],
        [ 0.4725, -0.5913],
        [-0.8593,  0.0078],
        [-0.4764,  0.6014]], device='cuda:0')
25154 tensor([[ 0.8745,  0.0062],
        [ 0.4727, -0.5912],
        [-0.8595,  0.0077],
        [-0.4766,  0.6013]], device='cuda:0')
25155 tensor([[ 0.8746,  0.0062],
        [ 0.4729, -0.5912],
        [-0.8596,  0.0077],
        [-0.4767,  0.6012]], device='cuda:0')
25156 tensor([[ 0.8748,  0.0063],
        [ 0.4731, -0.5911],
        [-0.8597,  0.0076],
        [-0.4769,  0.6012]], device='cuda:0')
25157 tensor([[ 0.8749,  0.0063],
        [ 0.4733, -0.5910],
        [-0.8599,  0.0075],
        [-0.4771,  0.6011]], device='cuda:0')
25158 tensor([[ 0.8751,  0.0064],
        [ 0.4734, -0.5910],
        [-0.8600,  0.0075],
        [-0.4773,  0.6010]], device='cuda:0')
25159 tensor([[ 0.8752,  0.0064],
        [ 0.4736, -0.5909],
        [-0.8601,  0.0074],
        [-0.4774,  0.6009]], device='cuda:0')
25160 tensor([[ 0.8754,  0.0065],
        [ 0.4738, -0.5908],
        [-0.8602,  0.0073],
        [-0.4776,  0.6008]], device='cuda:0')
25161 tensor([[ 0.8755,  0.0066],
        [ 0.4740, -0.5908],
        [-0.8604,  0.0073],
        [-0.4778,  0.6008]], device='cuda:0')
25162 tensor([[ 0.8757,  0.0066],
        [ 0.4742, -0.5907],
        [-0.8605,  0.0072],
        [-0.4779,  0.6007]], device='cuda:0')
25163 tensor([[ 0.8759,  0.0067],
        [ 0.4744, -0.5906],
        [-0.8606,  0.0071],
        [-0.4781,  0.6006]], device='cuda:0')
25164 tensor([[ 0.8761,  0.0067],
        [ 0.4746, -0.5906],
        [-0.8607,  0.0071],
        [-0.4782,  0.6005]], device='cuda:0')
25165 tensor([[ 0.8763,  0.0068],
        [ 0.4749, -0.5905],
        [-0.8609,  0.0070],
        [-0.4784,  0.6005]], device='cuda:0')
25166 tensor([[ 0.8765,  0.0068],
        [ 0.4751, -0.5905],
        [-0.8610,  0.0069],
        [-0.4785,  0.6004]], device='cuda:0')
25167 tensor([[ 0.8767,  0.0069],
        [ 0.4753, -0.5904],
        [-0.8612,  0.0069],
        [-0.4787,  0.6003]], device='cuda:0')
25168 tensor([[ 0.8770,  0.0069],
        [ 0.4755, -0.5903],
        [-0.8614,  0.0068],
        [-0.4789,  0.6002]], device='cuda:0')
25169 tensor([[ 0.8772,  0.0070],
        [ 0.4758, -0.5903],
        [-0.8616,  0.0068],
        [-0.4791,  0.6002]], device='cuda:0')
25170 tensor([[ 0.8774,  0.0070],
        [ 0.4760, -0.5902],
        [-0.8617,  0.0067],
        [-0.4793,  0.6001]], device='cuda:0')
25171 tensor([[ 0.8776,  0.0071],
        [ 0.4762, -0.5901],
        [-0.8619,  0.0066],
        [-0.4794,  0.6000]], device='cuda:0')
25172 tensor([[ 0.8778,  0.0072],
        [ 0.4764, -0.5901],
        [-0.8621,  0.0066],
        [-0.4796,  0.5999]], device='cuda:0')
25173 tensor([[ 0.8780,  0.0072],
        [ 0.4766, -0.5900],
        [-0.8622,  0.0065],
        [-0.4798,  0.5999]], device='cuda:0')
25174 tensor([[ 0.8782,  0.0073],
        [ 0.4769, -0.5900],
        [-0.8624,  0.0064],
        [-0.4800,  0.5998]], device='cuda:0')
25175 tensor([[ 0.8784,  0.0073],
        [ 0.4771, -0.5899],
        [-0.8625,  0.0064],
        [-0.4802,  0.5997]], device='cuda:0')
25176 tensor([[ 0.8786,  0.0074],
        [ 0.4773, -0.5898],
        [-0.8627,  0.0063],
        [-0.4803,  0.5997]], device='cuda:0')
25177 tensor([[ 0.8788,  0.0074],
        [ 0.4775, -0.5898],
        [-0.8629,  0.0063],
        [-0.4805,  0.5996]], device='cuda:0')
25178 tensor([[ 0.8791,  0.0075],
        [ 0.4778, -0.5897],
        [-0.8630,  0.0062],
        [-0.4807,  0.5995]], device='cuda:0')
25179 tensor([[ 0.8793,  0.0075],
        [ 0.4781, -0.5897],
        [-0.8631,  0.0061],
        [-0.4808,  0.5994]], device='cuda:0')
25180 tensor([[ 0.8796,  0.0076],
        [ 0.4783, -0.5896],
        [-0.8633,  0.0061],
        [-0.4810,  0.5994]], device='cuda:0')
25181 tensor([[ 0.8799,  0.0076],
        [ 0.4786, -0.5896],
        [-0.8635,  0.0060],
        [-0.4812,  0.5993]], device='cuda:0')
25182 tensor([[ 0.8801,  0.0077],
        [ 0.4789, -0.5895],
        [-0.8637,  0.0060],
        [-0.4814,  0.5992]], device='cuda:0')
25183 tensor([[ 0.8804,  0.0077],
        [ 0.4791, -0.5894],
        [-0.8639,  0.0059],
        [-0.4816,  0.5992]], device='cuda:0')
25184 tensor([[ 0.8806,  0.0078],
        [ 0.4794, -0.5894],
        [-0.8641,  0.0059],
        [-0.4818,  0.5991]], device='cuda:0')
25185 tensor([[ 0.8809,  0.0078],
        [ 0.4797, -0.5893],
        [-0.8643,  0.0058],
        [-0.4820,  0.5990]], device='cuda:0')
25186 tensor([[ 0.8811,  0.0079],
        [ 0.4799, -0.5893],
        [-0.8644,  0.0057],
        [-0.4822,  0.5990]], device='cuda:0')
25187 tensor([[ 0.8814,  0.0079],
        [ 0.4802, -0.5892],
        [-0.8646,  0.0057],
        [-0.4824,  0.5989]], device='cuda:0')
25188 tensor([[ 0.8816,  0.0080],
        [ 0.4804, -0.5892],
        [-0.8648,  0.0056],
        [-0.4826,  0.5988]], device='cuda:0')
25189 tensor([[ 0.8818,  0.0080],
        [ 0.4807, -0.5891],
        [-0.8650,  0.0056],
        [-0.4828,  0.5988]], device='cuda:0')
25190 tensor([[ 0.8821,  0.0080],
        [ 0.4809, -0.5890],
        [-0.8652,  0.0055],
        [-0.4830,  0.5987]], device='cuda:0')
25191 tensor([[ 0.8823,  0.0081],
        [ 0.4812, -0.5890],
        [-0.8654,  0.0055],
        [-0.4832,  0.5986]], device='cuda:0')
25192 tensor([[ 0.8826,  0.0081],
        [ 0.4815, -0.5889],
        [-0.8656,  0.0054],
        [-0.4834,  0.5986]], device='cuda:0')
25193 tensor([[ 0.8828,  0.0082],
        [ 0.4817, -0.5888],
        [-0.8657,  0.0054],
        [-0.4836,  0.5985]], device='cuda:0')
25194 tensor([[ 0.8831,  0.0083],
        [ 0.4820, -0.5888],
        [-0.8659,  0.0053],
        [-0.4837,  0.5984]], device='cuda:0')
25195 tensor([[ 0.8833,  0.0084],
        [ 0.4823, -0.5887],
        [-0.8661,  0.0053],
        [-0.4840,  0.5984]], device='cuda:0')
25196 tensor([[ 0.8836,  0.0085],
        [ 0.4826, -0.5886],
        [-0.8663,  0.0052],
        [-0.4842,  0.5983]], device='cuda:0')
25197 tensor([[ 0.8838,  0.0085],
        [ 0.4828, -0.5885],
        [-0.8665,  0.0051],
        [-0.4844,  0.5982]], device='cuda:0')
25198 tensor([[ 0.8841,  0.0086],
        [ 0.4831, -0.5884],
        [-0.8667,  0.0050],
        [-0.4846,  0.5981]], device='cuda:0')
25199 tensor([[ 0.8844,  0.0087],
        [ 0.4834, -0.5883],
        [-0.8669,  0.0050],
        [-0.4848,  0.5980]], device='cuda:0')
25200 tensor([[ 0.8846,  0.0088],
        [ 0.4837, -0.5882],
        [-0.8671,  0.0049],
        [-0.4850,  0.5979]], device='cuda:0')
25201 tensor([[ 0.8849,  0.0088],
        [ 0.4839, -0.5881],
        [-0.8673,  0.0048],
        [-0.4853,  0.5978]], device='cuda:0')
25202 tensor([[ 0.8851,  0.0089],
        [ 0.4842, -0.5881],
        [-0.8675,  0.0048],
        [-0.4855,  0.5978]], device='cuda:0')
25203 tensor([[ 0.8853,  0.0090],
        [ 0.4845, -0.5880],
        [-0.8677,  0.0047],
        [-0.4857,  0.5977]], device='cuda:0')
25204 tensor([[ 0.8856,  0.0091],
        [ 0.4847, -0.5879],
        [-0.8679,  0.0046],
        [-0.4859,  0.5976]], device='cuda:0')
25205 tensor([[ 0.8858,  0.0091],
        [ 0.4850, -0.5878],
        [-0.8681,  0.0045],
        [-0.4861,  0.5975]], device='cuda:0')
25206 tensor([[ 0.8861,  0.0092],
        [ 0.4852, -0.5877],
        [-0.8683,  0.0045],
        [-0.4863,  0.5974]], device='cuda:0')
25207 tensor([[ 0.8864,  0.0093],
        [ 0.4855, -0.5877],
        [-0.8684,  0.0044],
        [-0.4865,  0.5973]], device='cuda:0')
25208 tensor([[ 0.8867,  0.0094],
        [ 0.4858, -0.5876],
        [-0.8686,  0.0043],
        [-0.4867,  0.5973]], device='cuda:0')
25209 tensor([[ 0.8869,  0.0095],
        [ 0.4861, -0.5875],
        [-0.8688,  0.0043],
        [-0.4869,  0.5972]], device='cuda:0')
25210 tensor([[ 0.8872,  0.0096],
        [ 0.4864, -0.5874],
        [-0.8690,  0.0042],
        [-0.4871,  0.5971]], device='cuda:0')
25211 tensor([[ 0.8875,  0.0097],
        [ 0.4867, -0.5872],
        [-0.8692,  0.0041],
        [-0.4873,  0.5970]], device='cuda:0')
25212 tensor([[ 0.8877,  0.0098],
        [ 0.4869, -0.5871],
        [-0.8694,  0.0040],
        [-0.4875,  0.5969]], device='cuda:0')
25213 tensor([[ 0.8880,  0.0098],
        [ 0.4872, -0.5870],
        [-0.8696,  0.0039],
        [-0.4877,  0.5968]], device='cuda:0')
25214 tensor([[ 0.8883,  0.0099],
        [ 0.4875, -0.5869],
        [-0.8698,  0.0039],
        [-0.4879,  0.5967]], device='cuda:0')
25215 tensor([[ 0.8885,  0.0100],
        [ 0.4878, -0.5868],
        [-0.8700,  0.0038],
        [-0.4881,  0.5966]], device='cuda:0')
25216 tensor([[ 0.8888,  0.0101],
        [ 0.4880, -0.5867],
        [-0.8702,  0.0037],
        [-0.4883,  0.5965]], device='cuda:0')
25217 tensor([[ 0.8891,  0.0102],
        [ 0.4883, -0.5866],
        [-0.8704,  0.0036],
        [-0.4885,  0.5964]], device='cuda:0')
25218 tensor([[ 0.8893,  0.0103],
        [ 0.4886, -0.5866],
        [-0.8705,  0.0035],
        [-0.4887,  0.5963]], device='cuda:0')
25219 tensor([[ 0.8896,  0.0104],
        [ 0.4888, -0.5865],
        [-0.8707,  0.0034],
        [-0.4889,  0.5962]], device='cuda:0')
25220 tensor([[ 0.8899,  0.0105],
        [ 0.4891, -0.5864],
        [-0.8709,  0.0033],
        [-0.4891,  0.5961]], device='cuda:0')
25221 tensor([[ 0.8901,  0.0106],
        [ 0.4894, -0.5863],
        [-0.8711,  0.0032],
        [-0.4893,  0.5960]], device='cuda:0')
25222 tensor([[ 0.8904,  0.0106],
        [ 0.4897, -0.5862],
        [-0.8713,  0.0032],
        [-0.4895,  0.5960]], device='cuda:0')
25223 tensor([[ 0.8907,  0.0108],
        [ 0.4900, -0.5861],
        [-0.8714,  0.0031],
        [-0.4896,  0.5959]], device='cuda:0')
25224 tensor([[ 0.8910,  0.0109],
        [ 0.4903, -0.5860],
        [-0.8716,  0.0030],
        [-0.4898,  0.5958]], device='cuda:0')
25225 tensor([[ 0.8913,  0.0110],
        [ 0.4906, -0.5859],
        [-0.8718,  0.0029],
        [-0.4900,  0.5957]], device='cuda:0')
25226 tensor([[ 0.8916,  0.0111],
        [ 0.4909, -0.5858],
        [-0.8720,  0.0029],
        [-0.4902,  0.5956]], device='cuda:0')
25227 tensor([[ 0.8919,  0.0112],
        [ 0.4912, -0.5857],
        [-0.8721,  0.0027],
        [-0.4904,  0.5955]], device='cuda:0')
25228 tensor([[ 0.8921,  0.0113],
        [ 0.4914, -0.5856],
        [-0.8723,  0.0026],
        [-0.4906,  0.5954]], device='cuda:0')
25229 tensor([[ 0.8924,  0.0114],
        [ 0.4917, -0.5855],
        [-0.8725,  0.0025],
        [-0.4908,  0.5953]], device='cuda:0')
