5460 tensor([[ 0.1020,  0.0953],
        [ 0.0683,  0.0427],
        [-0.1180, -0.0826],
        [-0.0976, -0.0406]], device='cuda:0')
5461 tensor([[ 0.1021,  0.0954],
        [ 0.0683,  0.0428],
        [-0.1181, -0.0827],
        [-0.0976, -0.0406]], device='cuda:0')
5462 tensor([[ 0.1021,  0.0955],
        [ 0.0683,  0.0428],
        [-0.1181, -0.0828],
        [-0.0976, -0.0407]], device='cuda:0')
5463 tensor([[ 0.1022,  0.0956],
        [ 0.0683,  0.0429],
        [-0.1182, -0.0829],
        [-0.0976, -0.0407]], device='cuda:0')
5464 tensor([[ 0.1022,  0.0957],
        [ 0.0683,  0.0430],
        [-0.1182, -0.0830],
        [-0.0977, -0.0408]], device='cuda:0')
5465 tensor([[ 0.1022,  0.0958],
        [ 0.0683,  0.0430],
        [-0.1183, -0.0831],
        [-0.0977, -0.0409]], device='cuda:0')
5466 tensor([[ 0.1023,  0.0959],
        [ 0.0683,  0.0431],
        [-0.1183, -0.0832],
        [-0.0977, -0.0409]], device='cuda:0')
5467 tensor([[ 0.1023,  0.0960],
        [ 0.0683,  0.0431],
        [-0.1184, -0.0833],
        [-0.0977, -0.0410]], device='cuda:0')
5468 tensor([[ 0.1024,  0.0961],
        [ 0.0683,  0.0432],
        [-0.1184, -0.0834],
        [-0.0977, -0.0410]], device='cuda:0')
5469 tensor([[ 0.1024,  0.0962],
        [ 0.0683,  0.0433],
        [-0.1184, -0.0835],
        [-0.0977, -0.0411]], device='cuda:0')
5470 tensor([[ 0.1024,  0.0963],
        [ 0.0683,  0.0433],
        [-0.1185, -0.0836],
        [-0.0978, -0.0411]], device='cuda:0')
5471 tensor([[ 0.1025,  0.0964],
        [ 0.0684,  0.0434],
        [-0.1185, -0.0837],
        [-0.0978, -0.0412]], device='cuda:0')
5472 tensor([[ 0.1025,  0.0965],
        [ 0.0684,  0.0434],
        [-0.1186, -0.0838],
        [-0.0978, -0.0412]], device='cuda:0')
5473 tensor([[ 0.1026,  0.0966],
        [ 0.0684,  0.0435],
        [-0.1186, -0.0839],
        [-0.0978, -0.0413]], device='cuda:0')
5474 tensor([[ 0.1026,  0.0967],
        [ 0.0684,  0.0435],
        [-0.1187, -0.0840],
        [-0.0978, -0.0413]], device='cuda:0')
5475 tensor([[ 0.1026,  0.0967],
        [ 0.0684,  0.0436],
        [-0.1187, -0.0840],
        [-0.0978, -0.0414]], device='cuda:0')
5476 tensor([[ 0.1027,  0.0968],
        [ 0.0684,  0.0436],
        [-0.1188, -0.0841],
        [-0.0979, -0.0414]], device='cuda:0')
5477 tensor([[ 0.1027,  0.0969],
        [ 0.0684,  0.0437],
        [-0.1188, -0.0842],
        [-0.0979, -0.0415]], device='cuda:0')
5478 tensor([[ 0.1027,  0.0970],
        [ 0.0684,  0.0438],
        [-0.1188, -0.0843],
        [-0.0979, -0.0415]], device='cuda:0')
5479 tensor([[ 0.1028,  0.0971],
        [ 0.0684,  0.0438],
        [-0.1189, -0.0844],
        [-0.0979, -0.0416]], device='cuda:0')
5480 tensor([[ 0.1028,  0.0972],
        [ 0.0684,  0.0439],
        [-0.1189, -0.0845],
        [-0.0979, -0.0416]], device='cuda:0')
5481 tensor([[ 0.1029,  0.0973],
        [ 0.0684,  0.0439],
        [-0.1190, -0.0846],
        [-0.0979, -0.0417]], device='cuda:0')
5482 tensor([[ 0.1029,  0.0974],
        [ 0.0684,  0.0440],
        [-0.1190, -0.0846],
        [-0.0979, -0.0417]], device='cuda:0')
5483 tensor([[ 0.1029,  0.0975],
        [ 0.0684,  0.0441],
        [-0.1191, -0.0847],
        [-0.0980, -0.0418]], device='cuda:0')
5484 tensor([[ 0.1030,  0.0975],
        [ 0.0684,  0.0441],
        [-0.1191, -0.0848],
        [-0.0980, -0.0419]], device='cuda:0')
5485 tensor([[ 0.1030,  0.0976],
        [ 0.0685,  0.0442],
        [-0.1191, -0.0849],
        [-0.0980, -0.0419]], device='cuda:0')
5486 tensor([[ 0.1030,  0.0977],
        [ 0.0685,  0.0443],
        [-0.1192, -0.0850],
        [-0.0980, -0.0420]], device='cuda:0')
5487 tensor([[ 0.1031,  0.0978],
        [ 0.0685,  0.0444],
        [-0.1192, -0.0851],
        [-0.0980, -0.0421]], device='cuda:0')
5488 tensor([[ 0.1031,  0.0979],
        [ 0.0685,  0.0445],
        [-0.1193, -0.0851],
        [-0.0980, -0.0422]], device='cuda:0')
5489 tensor([[ 0.1031,  0.0980],
        [ 0.0685,  0.0446],
        [-0.1193, -0.0852],
        [-0.0980, -0.0423]], device='cuda:0')
5490 tensor([[ 0.1032,  0.0981],
        [ 0.0685,  0.0447],
        [-0.1193, -0.0853],
        [-0.0981, -0.0424]], device='cuda:0')
5491 tensor([[ 0.1032,  0.0981],
        [ 0.0685,  0.0448],
        [-0.1194, -0.0854],
        [-0.0981, -0.0424]], device='cuda:0')
5492 tensor([[ 0.1032,  0.0982],
        [ 0.0685,  0.0448],
        [-0.1194, -0.0855],
        [-0.0981, -0.0425]], device='cuda:0')
5493 tensor([[ 0.1033,  0.0983],
        [ 0.0685,  0.0449],
        [-0.1195, -0.0855],
        [-0.0981, -0.0426]], device='cuda:0')
5494 tensor([[ 0.1033,  0.0984],
        [ 0.0685,  0.0450],
        [-0.1195, -0.0856],
        [-0.0981, -0.0427]], device='cuda:0')
5495 tensor([[ 0.1033,  0.0985],
        [ 0.0685,  0.0451],
        [-0.1195, -0.0857],
        [-0.0981, -0.0428]], device='cuda:0')
5496 tensor([[ 0.1034,  0.0986],
        [ 0.0685,  0.0452],
        [-0.1196, -0.0858],
        [-0.0981, -0.0428]], device='cuda:0')
5497 tensor([[ 0.1034,  0.0986],
        [ 0.0685,  0.0453],
        [-0.1196, -0.0859],
        [-0.0981, -0.0429]], device='cuda:0')
5498 tensor([[ 0.1034,  0.0987],
        [ 0.0686,  0.0453],
        [-0.1196, -0.0859],
        [-0.0982, -0.0430]], device='cuda:0')
5499 tensor([[ 0.1035,  0.0988],
        [ 0.0686,  0.0454],
        [-0.1197, -0.0860],
        [-0.0982, -0.0431]], device='cuda:0')
5500 tensor([[ 0.1035,  0.0989],
        [ 0.0687,  0.0455],
        [-0.1197, -0.0861],
        [-0.0982, -0.0431]], device='cuda:0')
5501 tensor([[ 0.1036,  0.0989],
        [ 0.0687,  0.0456],
        [-0.1197, -0.0862],
        [-0.0982, -0.0432]], device='cuda:0')
5502 tensor([[ 0.1036,  0.0990],
        [ 0.0688,  0.0456],
        [-0.1198, -0.0863],
        [-0.0983, -0.0433]], device='cuda:0')
5503 tensor([[ 0.1036,  0.0991],
        [ 0.0688,  0.0457],
        [-0.1198, -0.0863],
        [-0.0983, -0.0434]], device='cuda:0')
5504 tensor([[ 0.1037,  0.0992],
        [ 0.0688,  0.0458],
        [-0.1198, -0.0864],
        [-0.0984, -0.0435]], device='cuda:0')
5505 tensor([[ 0.1037,  0.0992],
        [ 0.0689,  0.0458],
        [-0.1199, -0.0865],
        [-0.0984, -0.0435]], device='cuda:0')
5506 tensor([[ 0.1037,  0.0993],
        [ 0.0689,  0.0459],
        [-0.1199, -0.0866],
        [-0.0984, -0.0436]], device='cuda:0')
5507 tensor([[ 0.1038,  0.0994],
        [ 0.0690,  0.0460],
        [-0.1199, -0.0867],
        [-0.0985, -0.0437]], device='cuda:0')
5508 tensor([[ 0.1038,  0.0994],
        [ 0.0690,  0.0461],
        [-0.1200, -0.0867],
        [-0.0985, -0.0438]], device='cuda:0')
5509 tensor([[ 0.1039,  0.0995],
        [ 0.0691,  0.0461],
        [-0.1200, -0.0868],
        [-0.0986, -0.0439]], device='cuda:0')
5510 tensor([[ 0.1039,  0.0996],
        [ 0.0691,  0.0462],
        [-0.1200, -0.0869],
        [-0.0986, -0.0439]], device='cuda:0')
5511 tensor([[ 0.1039,  0.0996],
        [ 0.0691,  0.0463],
        [-0.1200, -0.0870],
        [-0.0986, -0.0440]], device='cuda:0')
5512 tensor([[ 0.1040,  0.0997],
        [ 0.0692,  0.0463],
        [-0.1201, -0.0871],
        [-0.0987, -0.0441]], device='cuda:0')
5513 tensor([[ 0.1040,  0.0998],
        [ 0.0693,  0.0464],
        [-0.1201, -0.0871],
        [-0.0987, -0.0442]], device='cuda:0')
5514 tensor([[ 0.1041,  0.0999],
        [ 0.0693,  0.0465],
        [-0.1202, -0.0872],
        [-0.0988, -0.0442]], device='cuda:0')
5515 tensor([[ 0.1042,  0.0999],
        [ 0.0694,  0.0465],
        [-0.1202, -0.0873],
        [-0.0988, -0.0443]], device='cuda:0')
5516 tensor([[ 0.1043,  0.1000],
        [ 0.0695,  0.0466],
        [-0.1203, -0.0874],
        [-0.0989, -0.0444]], device='cuda:0')
5517 tensor([[ 0.1043,  0.1001],
        [ 0.0696,  0.0467],
        [-0.1204, -0.0874],
        [-0.0990, -0.0445]], device='cuda:0')
5518 tensor([[ 0.1044,  0.1001],
        [ 0.0696,  0.0467],
        [-0.1204, -0.0875],
        [-0.0991, -0.0445]], device='cuda:0')
5519 tensor([[ 0.1045,  0.1002],
        [ 0.0697,  0.0468],
        [-0.1205, -0.0876],
        [-0.0991, -0.0446]], device='cuda:0')
5520 tensor([[ 0.1045,  0.1003],
        [ 0.0698,  0.0469],
        [-0.1206, -0.0877],
        [-0.0992, -0.0447]], device='cuda:0')
5521 tensor([[ 0.1046,  0.1003],
        [ 0.0699,  0.0469],
        [-0.1206, -0.0877],
        [-0.0993, -0.0448]], device='cuda:0')
5522 tensor([[ 0.1047,  0.1004],
        [ 0.0699,  0.0470],
        [-0.1207, -0.0878],
        [-0.0993, -0.0448]], device='cuda:0')
5523 tensor([[ 0.1048,  0.1004],
        [ 0.0700,  0.0471],
        [-0.1208, -0.0879],
        [-0.0994, -0.0449]], device='cuda:0')
5524 tensor([[ 0.1048,  0.1005],
        [ 0.0701,  0.0471],
        [-0.1208, -0.0879],
        [-0.0995, -0.0450]], device='cuda:0')
5525 tensor([[ 0.1049,  0.1006],
        [ 0.0702,  0.0472],
        [-0.1209, -0.0880],
        [-0.0995, -0.0451]], device='cuda:0')
5526 tensor([[ 0.1050,  0.1006],
        [ 0.0702,  0.0473],
        [-0.1209, -0.0881],
        [-0.0996, -0.0451]], device='cuda:0')
5527 tensor([[ 0.1050,  0.1007],
        [ 0.0703,  0.0473],
        [-0.1210, -0.0882],
        [-0.0997, -0.0452]], device='cuda:0')
5528 tensor([[ 0.1051,  0.1008],
        [ 0.0704,  0.0474],
        [-0.1211, -0.0882],
        [-0.0997, -0.0453]], device='cuda:0')
5529 tensor([[ 0.1051,  0.1009],
        [ 0.0704,  0.0475],
        [-0.1211, -0.0883],
        [-0.0998, -0.0453]], device='cuda:0')
5530 tensor([[ 0.1052,  0.1010],
        [ 0.0705,  0.0475],
        [-0.1212, -0.0884],
        [-0.0999, -0.0454]], device='cuda:0')
5531 tensor([[ 0.1053,  0.1011],
        [ 0.0706,  0.0476],
        [-0.1213, -0.0885],
        [-0.1000, -0.0454]], device='cuda:0')
5532 tensor([[ 0.1053,  0.1012],
        [ 0.0706,  0.0477],
        [-0.1213, -0.0886],
        [-0.1000, -0.0455]], device='cuda:0')
5533 tensor([[ 0.1054,  0.1013],
        [ 0.0707,  0.0477],
        [-0.1214, -0.0887],
        [-0.1001, -0.0456]], device='cuda:0')
5534 tensor([[ 0.1055,  0.1014],
        [ 0.0708,  0.0478],
        [-0.1215, -0.0888],
        [-0.1002, -0.0456]], device='cuda:0')
5535 tensor([[ 0.1055,  0.1015],
        [ 0.0708,  0.0479],
        [-0.1215, -0.0889],
        [-0.1002, -0.0457]], device='cuda:0')
5536 tensor([[ 0.1056,  0.1016],
        [ 0.0709,  0.0479],
        [-0.1216, -0.0890],
        [-0.1003, -0.0458]], device='cuda:0')
5537 tensor([[ 0.1056,  0.1017],
        [ 0.0710,  0.0480],
        [-0.1217, -0.0891],
        [-0.1004, -0.0458]], device='cuda:0')
5538 tensor([[ 0.1057,  0.1018],
        [ 0.0710,  0.0481],
        [-0.1217, -0.0892],
        [-0.1004, -0.0459]], device='cuda:0')
5539 tensor([[ 0.1057,  0.1019],
        [ 0.0711,  0.0481],
        [-0.1218, -0.0893],
        [-0.1005, -0.0459]], device='cuda:0')
5540 tensor([[ 0.1058,  0.1020],
        [ 0.0711,  0.0482],
        [-0.1218, -0.0894],
        [-0.1006, -0.0460]], device='cuda:0')
5541 tensor([[ 0.1059,  0.1021],
        [ 0.0712,  0.0483],
        [-0.1219, -0.0895],
        [-0.1007, -0.0460]], device='cuda:0')
5542 tensor([[ 0.1059,  0.1022],
        [ 0.0713,  0.0483],
        [-0.1220, -0.0896],
        [-0.1007, -0.0461]], device='cuda:0')
5543 tensor([[ 0.1060,  0.1024],
        [ 0.0713,  0.0484],
        [-0.1220, -0.0897],
        [-0.1008, -0.0462]], device='cuda:0')
5544 tensor([[ 0.1060,  0.1025],
        [ 0.0714,  0.0485],
        [-0.1221, -0.0898],
        [-0.1009, -0.0463]], device='cuda:0')
5545 tensor([[ 0.1061,  0.1026],
        [ 0.0714,  0.0486],
        [-0.1222, -0.0900],
        [-0.1009, -0.0464]], device='cuda:0')
5546 tensor([[ 0.1061,  0.1028],
        [ 0.0715,  0.0487],
        [-0.1222, -0.0901],
        [-0.1010, -0.0464]], device='cuda:0')
5547 tensor([[ 0.1062,  0.1029],
        [ 0.0716,  0.0488],
        [-0.1223, -0.0902],
        [-0.1011, -0.0465]], device='cuda:0')
5548 tensor([[ 0.1062,  0.1030],
        [ 0.0716,  0.0489],
        [-0.1223, -0.0903],
        [-0.1011, -0.0466]], device='cuda:0')
5549 tensor([[ 0.1063,  0.1032],
        [ 0.0717,  0.0490],
        [-0.1224, -0.0905],
        [-0.1012, -0.0467]], device='cuda:0')
5550 tensor([[ 0.1064,  0.1033],
        [ 0.0717,  0.0491],
        [-0.1225, -0.0906],
        [-0.1012, -0.0468]], device='cuda:0')
5551 tensor([[ 0.1064,  0.1034],
        [ 0.0718,  0.0492],
        [-0.1225, -0.0907],
        [-0.1013, -0.0469]], device='cuda:0')
5552 tensor([[ 0.1065,  0.1035],
        [ 0.0718,  0.0493],
        [-0.1226, -0.0908],
        [-0.1014, -0.0470]], device='cuda:0')
5553 tensor([[ 0.1065,  0.1037],
        [ 0.0719,  0.0494],
        [-0.1226, -0.0910],
        [-0.1014, -0.0471]], device='cuda:0')
5554 tensor([[ 0.1066,  0.1038],
        [ 0.0720,  0.0495],
        [-0.1227, -0.0911],
        [-0.1015, -0.0472]], device='cuda:0')
5555 tensor([[ 0.1066,  0.1039],
        [ 0.0720,  0.0496],
        [-0.1227, -0.0912],
        [-0.1016, -0.0473]], device='cuda:0')
5556 tensor([[ 0.1067,  0.1041],
        [ 0.0721,  0.0497],
        [-0.1228, -0.0913],
        [-0.1016, -0.0474]], device='cuda:0')
5557 tensor([[ 0.1067,  0.1042],
        [ 0.0721,  0.0497],
        [-0.1229, -0.0915],
        [-0.1017, -0.0474]], device='cuda:0')
5558 tensor([[ 0.1068,  0.1043],
        [ 0.0722,  0.0498],
        [-0.1229, -0.0916],
        [-0.1017, -0.0475]], device='cuda:0')
5559 tensor([[ 0.1069,  0.1044],
        [ 0.0723,  0.0499],
        [-0.1230, -0.0917],
        [-0.1018, -0.0476]], device='cuda:0')
5560 tensor([[ 0.1070,  0.1045],
        [ 0.0724,  0.0500],
        [-0.1231, -0.0918],
        [-0.1019, -0.0477]], device='cuda:0')
5561 tensor([[ 0.1071,  0.1046],
        [ 0.0725,  0.0501],
        [-0.1232, -0.0919],
        [-0.1020, -0.0478]], device='cuda:0')
5562 tensor([[ 0.1072,  0.1048],
        [ 0.0726,  0.0502],
        [-0.1233, -0.0921],
        [-0.1021, -0.0479]], device='cuda:0')
5563 tensor([[ 0.1073,  0.1049],
        [ 0.0727,  0.0503],
        [-0.1234, -0.0922],
        [-0.1022, -0.0480]], device='cuda:0')
5564 tensor([[ 0.1074,  0.1050],
        [ 0.0728,  0.0503],
        [-0.1234, -0.0923],
        [-0.1022, -0.0481]], device='cuda:0')
5565 tensor([[ 0.1075,  0.1051],
        [ 0.0729,  0.0504],
        [-0.1235, -0.0924],
        [-0.1023, -0.0482]], device='cuda:0')
5566 tensor([[ 0.1076,  0.1052],
        [ 0.0730,  0.0505],
        [-0.1236, -0.0926],
        [-0.1024, -0.0483]], device='cuda:0')
5567 tensor([[ 0.1076,  0.1053],
        [ 0.0730,  0.0506],
        [-0.1237, -0.0927],
        [-0.1025, -0.0483]], device='cuda:0')
5568 tensor([[ 0.1077,  0.1054],
        [ 0.0731,  0.0507],
        [-0.1238, -0.0928],
        [-0.1026, -0.0484]], device='cuda:0')
5569 tensor([[ 0.1078,  0.1055],
        [ 0.0732,  0.0507],
        [-0.1239, -0.0929],
        [-0.1027, -0.0485]], device='cuda:0')
5570 tensor([[ 0.1079,  0.1057],
        [ 0.0733,  0.0508],
        [-0.1239, -0.0930],
        [-0.1027, -0.0486]], device='cuda:0')
5571 tensor([[ 0.1080,  0.1058],
        [ 0.0734,  0.0509],
        [-0.1240, -0.0931],
        [-0.1028, -0.0487]], device='cuda:0')
5572 tensor([[ 0.1081,  0.1059],
        [ 0.0735,  0.0510],
        [-0.1241, -0.0933],
        [-0.1029, -0.0488]], device='cuda:0')
5573 tensor([[ 0.1082,  0.1060],
        [ 0.0736,  0.0511],
        [-0.1242, -0.0934],
        [-0.1030, -0.0489]], device='cuda:0')
5574 tensor([[ 0.1083,  0.1061],
        [ 0.0737,  0.0511],
        [-0.1243, -0.0935],
        [-0.1031, -0.0489]], device='cuda:0')
5575 tensor([[ 0.1085,  0.1062],
        [ 0.0738,  0.0512],
        [-0.1244, -0.0936],
        [-0.1032, -0.0490]], device='cuda:0')
5576 tensor([[ 0.1086,  0.1063],
        [ 0.0740,  0.0513],
        [-0.1245, -0.0937],
        [-0.1033, -0.0491]], device='cuda:0')
5577 tensor([[ 0.1087,  0.1064],
        [ 0.0741,  0.0514],
        [-0.1247, -0.0938],
        [-0.1035, -0.0492]], device='cuda:0')
5578 tensor([[ 0.1088,  0.1065],
        [ 0.0742,  0.0514],
        [-0.1248, -0.0940],
        [-0.1036, -0.0493]], device='cuda:0')
5579 tensor([[ 0.1089,  0.1066],
        [ 0.0743,  0.0515],
        [-0.1249, -0.0941],
        [-0.1037, -0.0494]], device='cuda:0')
5580 tensor([[ 0.1091,  0.1067],
        [ 0.0744,  0.0516],
        [-0.1250, -0.0942],
        [-0.1038, -0.0494]], device='cuda:0')
5581 tensor([[ 0.1092,  0.1068],
        [ 0.0746,  0.0517],
        [-0.1251, -0.0943],
        [-0.1039, -0.0495]], device='cuda:0')
5582 tensor([[ 0.1093,  0.1069],
        [ 0.0747,  0.0517],
        [-0.1252, -0.0944],
        [-0.1040, -0.0496]], device='cuda:0')
5583 tensor([[ 0.1094,  0.1070],
        [ 0.0748,  0.0518],
        [-0.1253, -0.0945],
        [-0.1041, -0.0497]], device='cuda:0')
5584 tensor([[ 0.1095,  0.1071],
        [ 0.0749,  0.0519],
        [-0.1254, -0.0946],
        [-0.1042, -0.0498]], device='cuda:0')
5585 tensor([[ 0.1097,  0.1072],
        [ 0.0750,  0.0520],
        [-0.1256, -0.0947],
        [-0.1043, -0.0498]], device='cuda:0')
5586 tensor([[ 0.1098,  0.1073],
        [ 0.0751,  0.0520],
        [-0.1257, -0.0948],
        [-0.1045, -0.0499]], device='cuda:0')
5587 tensor([[ 0.1099,  0.1074],
        [ 0.0753,  0.0521],
        [-0.1258, -0.0949],
        [-0.1046, -0.0500]], device='cuda:0')
5588 tensor([[ 0.1100,  0.1075],
        [ 0.0754,  0.0522],
        [-0.1259, -0.0950],
        [-0.1047, -0.0501]], device='cuda:0')
5589 tensor([[ 0.1102,  0.1076],
        [ 0.0755,  0.0522],
        [-0.1260, -0.0952],
        [-0.1048, -0.0502]], device='cuda:0')
5590 tensor([[ 0.1103,  0.1077],
        [ 0.0756,  0.0523],
        [-0.1262, -0.0953],
        [-0.1049, -0.0502]], device='cuda:0')
5591 tensor([[ 0.1105,  0.1078],
        [ 0.0757,  0.0524],
        [-0.1263, -0.0954],
        [-0.1050, -0.0503]], device='cuda:0')
5592 tensor([[ 0.1106,  0.1079],
        [ 0.0758,  0.0525],
        [-0.1265, -0.0955],
        [-0.1051, -0.0504]], device='cuda:0')
5593 tensor([[ 0.1108,  0.1080],
        [ 0.0759,  0.0525],
        [-0.1266, -0.0956],
        [-0.1052, -0.0505]], device='cuda:0')
5594 tensor([[ 0.1109,  0.1081],
        [ 0.0760,  0.0526],
        [-0.1267, -0.0957],
        [-0.1053, -0.0505]], device='cuda:0')
5595 tensor([[ 0.1111,  0.1082],
        [ 0.0761,  0.0527],
        [-0.1269, -0.0958],
        [-0.1054, -0.0506]], device='cuda:0')
5596 tensor([[ 0.1112,  0.1083],
        [ 0.0763,  0.0527],
        [-0.1270, -0.0959],
        [-0.1055, -0.0507]], device='cuda:0')
5597 tensor([[ 0.1114,  0.1084],
        [ 0.0764,  0.0528],
        [-0.1272, -0.0960],
        [-0.1056, -0.0508]], device='cuda:0')
5598 tensor([[ 0.1115,  0.1085],
        [ 0.0765,  0.0529],
        [-0.1273, -0.0961],
        [-0.1057, -0.0509]], device='cuda:0')
5599 tensor([[ 0.1117,  0.1086],
        [ 0.0766,  0.0529],
        [-0.1274, -0.0962],
        [-0.1058, -0.0509]], device='cuda:0')
5600 tensor([[ 0.1118,  0.1087],
        [ 0.0767,  0.0530],
        [-0.1276, -0.0963],
        [-0.1059, -0.0510]], device='cuda:0')
5601 tensor([[ 0.1119,  0.1088],
        [ 0.0768,  0.0531],
        [-0.1277, -0.0964],
        [-0.1060, -0.0511]], device='cuda:0')
5602 tensor([[ 0.1121,  0.1089],
        [ 0.0769,  0.0531],
        [-0.1278, -0.0965],
        [-0.1061, -0.0511]], device='cuda:0')
5603 tensor([[ 0.1122,  0.1090],
        [ 0.0770,  0.0532],
        [-0.1280, -0.0966],
        [-0.1062, -0.0512]], device='cuda:0')
5604 tensor([[ 0.1123,  0.1091],
        [ 0.0771,  0.0532],
        [-0.1281, -0.0967],
        [-0.1063, -0.0512]], device='cuda:0')
5605 tensor([[ 0.1125,  0.1093],
        [ 0.0772,  0.0533],
        [-0.1283, -0.0968],
        [-0.1064, -0.0512]], device='cuda:0')
5606 tensor([[ 0.1126,  0.1094],
        [ 0.0773,  0.0533],
        [-0.1284, -0.0970],
        [-0.1065, -0.0513]], device='cuda:0')
5607 tensor([[ 0.1127,  0.1095],
        [ 0.0774,  0.0533],
        [-0.1285, -0.0971],
        [-0.1066, -0.0513]], device='cuda:0')
5608 tensor([[ 0.1129,  0.1097],
        [ 0.0775,  0.0534],
        [-0.1287, -0.0972],
        [-0.1067, -0.0513]], device='cuda:0')
5609 tensor([[ 0.1130,  0.1098],
        [ 0.0776,  0.0534],
        [-0.1288, -0.0973],
        [-0.1068, -0.0513]], device='cuda:0')
5610 tensor([[ 0.1131,  0.1099],
        [ 0.0777,  0.0534],
        [-0.1289, -0.0975],
        [-0.1069, -0.0514]], device='cuda:0')
5611 tensor([[ 0.1132,  0.1100],
        [ 0.0778,  0.0535],
        [-0.1291, -0.0976],
        [-0.1070, -0.0514]], device='cuda:0')
5612 tensor([[ 0.1134,  0.1102],
        [ 0.0779,  0.0535],
        [-0.1292, -0.0977],
        [-0.1071, -0.0514]], device='cuda:0')
5613 tensor([[ 0.1135,  0.1103],
        [ 0.0779,  0.0535],
        [-0.1293, -0.0978],
        [-0.1072, -0.0514]], device='cuda:0')
5614 tensor([[ 0.1136,  0.1104],
        [ 0.0780,  0.0535],
        [-0.1295, -0.0980],
        [-0.1073, -0.0515]], device='cuda:0')
5615 tensor([[ 0.1137,  0.1105],
        [ 0.0781,  0.0536],
        [-0.1296, -0.0981],
        [-0.1074, -0.0515]], device='cuda:0')
5616 tensor([[ 0.1139,  0.1107],
        [ 0.0782,  0.0536],
        [-0.1297, -0.0982],
        [-0.1075, -0.0515]], device='cuda:0')
5617 tensor([[ 0.1140,  0.1108],
        [ 0.0783,  0.0536],
        [-0.1299, -0.0983],
        [-0.1076, -0.0515]], device='cuda:0')
5618 tensor([[ 0.1142,  0.1109],
        [ 0.0784,  0.0537],
        [-0.1300, -0.0984],
        [-0.1077, -0.0516]], device='cuda:0')
5619 tensor([[ 0.1143,  0.1110],
        [ 0.0785,  0.0537],
        [-0.1301, -0.0986],
        [-0.1078, -0.0516]], device='cuda:0')
5620 tensor([[ 0.1145,  0.1111],
        [ 0.0786,  0.0537],
        [-0.1303, -0.0987],
        [-0.1079, -0.0516]], device='cuda:0')
5621 tensor([[ 0.1146,  0.1113],
        [ 0.0787,  0.0537],
        [-0.1304, -0.0988],
        [-0.1080, -0.0517]], device='cuda:0')
5622 tensor([[ 0.1148,  0.1114],
        [ 0.0788,  0.0538],
        [-0.1306, -0.0989],
        [-0.1081, -0.0517]], device='cuda:0')
5623 tensor([[ 0.1150,  0.1115],
        [ 0.0789,  0.0538],
        [-0.1308, -0.0991],
        [-0.1082, -0.0517]], device='cuda:0')
5624 tensor([[ 0.1151,  0.1116],
        [ 0.0790,  0.0538],
        [-0.1309, -0.0992],
        [-0.1083, -0.0518]], device='cuda:0')
5625 tensor([[ 0.1153,  0.1117],
        [ 0.0791,  0.0538],
        [-0.1311, -0.0993],
        [-0.1084, -0.0518]], device='cuda:0')
5626 tensor([[ 0.1154,  0.1118],
        [ 0.0792,  0.0539],
        [-0.1312, -0.0994],
        [-0.1085, -0.0518]], device='cuda:0')
5627 tensor([[ 0.1156,  0.1119],
        [ 0.0793,  0.0539],
        [-0.1314, -0.0995],
        [-0.1085, -0.0519]], device='cuda:0')
5628 tensor([[ 0.1158,  0.1121],
        [ 0.0794,  0.0539],
        [-0.1315, -0.0997],
        [-0.1086, -0.0519]], device='cuda:0')
5629 tensor([[ 0.1159,  0.1122],
        [ 0.0794,  0.0539],
        [-0.1317, -0.0998],
        [-0.1087, -0.0519]], device='cuda:0')
5630 tensor([[ 0.1161,  0.1123],
        [ 0.0795,  0.0539],
        [-0.1318, -0.0999],
        [-0.1088, -0.0519]], device='cuda:0')
5631 tensor([[ 0.1162,  0.1124],
        [ 0.0796,  0.0540],
        [-0.1320, -0.1000],
        [-0.1089, -0.0520]], device='cuda:0')
5632 tensor([[ 0.1164,  0.1125],
        [ 0.0797,  0.0540],
        [-0.1321, -0.1001],
        [-0.1090, -0.0520]], device='cuda:0')
5633 tensor([[ 0.1166,  0.1126],
        [ 0.0798,  0.0540],
        [-0.1323, -0.1002],
        [-0.1090, -0.0520]], device='cuda:0')
5634 tensor([[ 0.1168,  0.1127],
        [ 0.0799,  0.0540],
        [-0.1325, -0.1004],
        [-0.1091, -0.0521]], device='cuda:0')
5635 tensor([[ 0.1169,  0.1128],
        [ 0.0799,  0.0541],
        [-0.1326, -0.1005],
        [-0.1091, -0.0521]], device='cuda:0')
5636 tensor([[ 0.1171,  0.1129],
        [ 0.0800,  0.0541],
        [-0.1328, -0.1006],
        [-0.1092, -0.0521]], device='cuda:0')
5637 tensor([[ 0.1173,  0.1130],
        [ 0.0800,  0.0541],
        [-0.1330, -0.1007],
        [-0.1092, -0.0521]], device='cuda:0')
5638 tensor([[ 0.1175,  0.1131],
        [ 0.0801,  0.0541],
        [-0.1332, -0.1008],
        [-0.1093, -0.0522]], device='cuda:0')
5639 tensor([[ 0.1177,  0.1132],
        [ 0.0801,  0.0541],
        [-0.1334, -0.1009],
        [-0.1093, -0.0522]], device='cuda:0')
5640 tensor([[ 0.1179,  0.1133],
        [ 0.0802,  0.0542],
        [-0.1335, -0.1010],
        [-0.1093, -0.0522]], device='cuda:0')
5641 tensor([[ 0.1180,  0.1134],
        [ 0.0802,  0.0542],
        [-0.1337, -0.1011],
        [-0.1094, -0.0523]], device='cuda:0')
5642 tensor([[ 0.1182,  0.1135],
        [ 0.0803,  0.0542],
        [-0.1339, -0.1012],
        [-0.1094, -0.0523]], device='cuda:0')
5643 tensor([[ 0.1184,  0.1136],
        [ 0.0803,  0.0542],
        [-0.1341, -0.1014],
        [-0.1095, -0.0523]], device='cuda:0')
5644 tensor([[ 0.1186,  0.1137],
        [ 0.0804,  0.0543],
        [-0.1342, -0.1015],
        [-0.1095, -0.0523]], device='cuda:0')
5645 tensor([[ 0.1188,  0.1138],
        [ 0.0804,  0.0543],
        [-0.1344, -0.1016],
        [-0.1096, -0.0524]], device='cuda:0')
5646 tensor([[ 0.1189,  0.1139],
        [ 0.0805,  0.0543],
        [-0.1346, -0.1017],
        [-0.1096, -0.0524]], device='cuda:0')
5647 tensor([[ 0.1191,  0.1140],
        [ 0.0805,  0.0543],
        [-0.1348, -0.1018],
        [-0.1097, -0.0524]], device='cuda:0')
5648 tensor([[ 0.1193,  0.1142],
        [ 0.0805,  0.0543],
        [-0.1349, -0.1019],
        [-0.1097, -0.0524]], device='cuda:0')
5649 tensor([[ 0.1194,  0.1143],
        [ 0.0806,  0.0544],
        [-0.1351, -0.1020],
        [-0.1098, -0.0524]], device='cuda:0')
5650 tensor([[ 0.1196,  0.1145],
        [ 0.0806,  0.0544],
        [-0.1353, -0.1022],
        [-0.1098, -0.0524]], device='cuda:0')
5651 tensor([[ 0.1198,  0.1146],
        [ 0.0807,  0.0544],
        [-0.1354, -0.1023],
        [-0.1099, -0.0524]], device='cuda:0')
5652 tensor([[ 0.1199,  0.1148],
        [ 0.0807,  0.0544],
        [-0.1356, -0.1024],
        [-0.1099, -0.0524]], device='cuda:0')
5653 tensor([[ 0.1201,  0.1149],
        [ 0.0808,  0.0543],
        [-0.1358, -0.1026],
        [-0.1100, -0.0524]], device='cuda:0')
5654 tensor([[ 0.1203,  0.1150],
        [ 0.0808,  0.0543],
        [-0.1360, -0.1027],
        [-0.1100, -0.0523]], device='cuda:0')
5655 tensor([[ 0.1204,  0.1152],
        [ 0.0808,  0.0543],
        [-0.1361, -0.1028],
        [-0.1101, -0.0523]], device='cuda:0')
5656 tensor([[ 0.1206,  0.1153],
        [ 0.0809,  0.0543],
        [-0.1363, -0.1030],
        [-0.1101, -0.0523]], device='cuda:0')
5657 tensor([[ 0.1207,  0.1154],
        [ 0.0809,  0.0543],
        [-0.1365, -0.1031],
        [-0.1102, -0.0523]], device='cuda:0')
5658 tensor([[ 0.1209,  0.1156],
        [ 0.0810,  0.0543],
        [-0.1366, -0.1032],
        [-0.1102, -0.0523]], device='cuda:0')
5659 tensor([[ 0.1211,  0.1157],
        [ 0.0810,  0.0543],
        [-0.1368, -0.1034],
        [-0.1103, -0.0523]], device='cuda:0')
5660 tensor([[ 0.1212,  0.1158],
        [ 0.0811,  0.0543],
        [-0.1369, -0.1035],
        [-0.1103, -0.0523]], device='cuda:0')
5661 tensor([[ 0.1214,  0.1160],
        [ 0.0811,  0.0543],
        [-0.1371, -0.1036],
        [-0.1104, -0.0523]], device='cuda:0')
5662 tensor([[ 0.1215,  0.1161],
        [ 0.0811,  0.0543],
        [-0.1373, -0.1037],
        [-0.1104, -0.0523]], device='cuda:0')
5663 tensor([[ 0.1217,  0.1162],
        [ 0.0812,  0.0543],
        [-0.1374, -0.1039],
        [-0.1104, -0.0522]], device='cuda:0')
5664 tensor([[ 0.1219,  0.1164],
        [ 0.0812,  0.0543],
        [-0.1376, -0.1040],
        [-0.1105, -0.0522]], device='cuda:0')
5665 tensor([[ 0.1221,  0.1165],
        [ 0.0813,  0.0543],
        [-0.1378, -0.1041],
        [-0.1105, -0.0522]], device='cuda:0')
5666 tensor([[ 0.1223,  0.1166],
        [ 0.0813,  0.0542],
        [-0.1380, -0.1043],
        [-0.1106, -0.0522]], device='cuda:0')
5667 tensor([[ 0.1225,  0.1167],
        [ 0.0814,  0.0542],
        [-0.1382, -0.1044],
        [-0.1106, -0.0522]], device='cuda:0')
5668 tensor([[ 0.1227,  0.1168],
        [ 0.0814,  0.0542],
        [-0.1384, -0.1045],
        [-0.1107, -0.0522]], device='cuda:0')
5669 tensor([[ 0.1229,  0.1170],
        [ 0.0815,  0.0542],
        [-0.1386, -0.1046],
        [-0.1107, -0.0522]], device='cuda:0')
5670 tensor([[ 0.1231,  0.1171],
        [ 0.0815,  0.0542],
        [-0.1388, -0.1048],
        [-0.1107, -0.0522]], device='cuda:0')
5671 tensor([[ 0.1233,  0.1172],
        [ 0.0815,  0.0542],
        [-0.1389, -0.1049],
        [-0.1108, -0.0522]], device='cuda:0')
5672 tensor([[ 0.1234,  0.1173],
        [ 0.0816,  0.0542],
        [-0.1391, -0.1050],
        [-0.1108, -0.0522]], device='cuda:0')
5673 tensor([[ 0.1236,  0.1174],
        [ 0.0816,  0.0542],
        [-0.1393, -0.1051],
        [-0.1109, -0.0522]], device='cuda:0')
5674 tensor([[ 0.1238,  0.1176],
        [ 0.0817,  0.0542],
        [-0.1395, -0.1053],
        [-0.1109, -0.0522]], device='cuda:0')
5675 tensor([[ 0.1240,  0.1177],
        [ 0.0817,  0.0541],
        [-0.1397, -0.1054],
        [-0.1109, -0.0522]], device='cuda:0')
5676 tensor([[ 0.1242,  0.1178],
        [ 0.0818,  0.0541],
        [-0.1398, -0.1055],
        [-0.1110, -0.0522]], device='cuda:0')
5677 tensor([[ 0.1244,  0.1179],
        [ 0.0818,  0.0541],
        [-0.1400, -0.1056],
        [-0.1110, -0.0522]], device='cuda:0')
5678 tensor([[ 0.1246,  0.1180],
        [ 0.0819,  0.0541],
        [-0.1402, -0.1057],
        [-0.1110, -0.0522]], device='cuda:0')
5679 tensor([[ 0.1248,  0.1181],
        [ 0.0819,  0.0541],
        [-0.1404, -0.1059],
        [-0.1110, -0.0522]], device='cuda:0')
5680 tensor([[ 0.1250,  0.1183],
        [ 0.0819,  0.0541],
        [-0.1406, -0.1060],
        [-0.1110, -0.0522]], device='cuda:0')
5681 tensor([[ 0.1252,  0.1184],
        [ 0.0819,  0.0541],
        [-0.1408, -0.1061],
        [-0.1110, -0.0522]], device='cuda:0')
5682 tensor([[ 0.1254,  0.1185],
        [ 0.0819,  0.0541],
        [-0.1410, -0.1062],
        [-0.1110, -0.0522]], device='cuda:0')
5683 tensor([[ 0.1257,  0.1186],
        [ 0.0819,  0.0541],
        [-0.1413, -0.1063],
        [-0.1110, -0.0521]], device='cuda:0')
5684 tensor([[ 0.1259,  0.1187],
        [ 0.0819,  0.0541],
        [-0.1415, -0.1065],
        [-0.1110, -0.0521]], device='cuda:0')
5685 tensor([[ 0.1261,  0.1188],
        [ 0.0819,  0.0540],
        [-0.1417, -0.1066],
        [-0.1110, -0.0521]], device='cuda:0')
5686 tensor([[ 0.1263,  0.1189],
        [ 0.0819,  0.0540],
        [-0.1419, -0.1067],
        [-0.1110, -0.0521]], device='cuda:0')
5687 tensor([[ 0.1265,  0.1190],
        [ 0.0819,  0.0540],
        [-0.1421, -0.1068],
        [-0.1110, -0.0521]], device='cuda:0')
5688 tensor([[ 0.1267,  0.1191],
        [ 0.0819,  0.0540],
        [-0.1423, -0.1069],
        [-0.1110, -0.0521]], device='cuda:0')
5689 tensor([[ 0.1269,  0.1192],
        [ 0.0819,  0.0540],
        [-0.1425, -0.1070],
        [-0.1110, -0.0521]], device='cuda:0')
5690 tensor([[ 0.1271,  0.1194],
        [ 0.0819,  0.0540],
        [-0.1427, -0.1072],
        [-0.1110, -0.0521]], device='cuda:0')
5691 tensor([[ 0.1273,  0.1195],
        [ 0.0819,  0.0540],
        [-0.1429, -0.1073],
        [-0.1110, -0.0521]], device='cuda:0')
5692 tensor([[ 0.1275,  0.1196],
        [ 0.0819,  0.0540],
        [-0.1431, -0.1074],
        [-0.1111, -0.0521]], device='cuda:0')
5693 tensor([[ 0.1278,  0.1197],
        [ 0.0819,  0.0540],
        [-0.1433, -0.1075],
        [-0.1110, -0.0521]], device='cuda:0')
5694 tensor([[ 0.1280,  0.1198],
        [ 0.0820,  0.0540],
        [-0.1435, -0.1076],
        [-0.1110, -0.0521]], device='cuda:0')
5695 tensor([[ 0.1282,  0.1199],
        [ 0.0819,  0.0539],
        [-0.1437, -0.1077],
        [-0.1110, -0.0521]], device='cuda:0')
5696 tensor([[ 0.1285,  0.1200],
        [ 0.0819,  0.0539],
        [-0.1440, -0.1078],
        [-0.1109, -0.0521]], device='cuda:0')
5697 tensor([[ 0.1287,  0.1201],
        [ 0.0819,  0.0539],
        [-0.1442, -0.1079],
        [-0.1109, -0.0521]], device='cuda:0')
5698 tensor([[ 0.1289,  0.1202],
        [ 0.0819,  0.0539],
        [-0.1444, -0.1080],
        [-0.1109, -0.0521]], device='cuda:0')
5699 tensor([[ 0.1292,  0.1203],
        [ 0.0818,  0.0539],
        [-0.1446, -0.1081],
        [-0.1108, -0.0521]], device='cuda:0')
5700 tensor([[ 0.1294,  0.1204],
        [ 0.0818,  0.0539],
        [-0.1449, -0.1083],
        [-0.1108, -0.0521]], device='cuda:0')
5701 tensor([[ 0.1296,  0.1205],
        [ 0.0818,  0.0539],
        [-0.1451, -0.1084],
        [-0.1108, -0.0521]], device='cuda:0')
5702 tensor([[ 0.1298,  0.1206],
        [ 0.0818,  0.0539],
        [-0.1453, -0.1085],
        [-0.1108, -0.0521]], device='cuda:0')
5703 tensor([[ 0.1301,  0.1207],
        [ 0.0817,  0.0539],
        [-0.1455, -0.1086],
        [-0.1107, -0.0521]], device='cuda:0')
5704 tensor([[ 0.1303,  0.1208],
        [ 0.0817,  0.0539],
        [-0.1458, -0.1087],
        [-0.1107, -0.0521]], device='cuda:0')
5705 tensor([[ 0.1305,  0.1209],
        [ 0.0817,  0.0538],
        [-0.1460, -0.1088],
        [-0.1107, -0.0521]], device='cuda:0')
5706 tensor([[ 0.1307,  0.1210],
        [ 0.0817,  0.0538],
        [-0.1462, -0.1089],
        [-0.1107, -0.0521]], device='cuda:0')
5707 tensor([[ 0.1310,  0.1211],
        [ 0.0816,  0.0538],
        [-0.1464, -0.1090],
        [-0.1106, -0.0521]], device='cuda:0')
5708 tensor([[ 0.1312,  0.1212],
        [ 0.0816,  0.0538],
        [-0.1466, -0.1091],
        [-0.1106, -0.0520]], device='cuda:0')
5709 tensor([[ 0.1314,  0.1213],
        [ 0.0816,  0.0538],
        [-0.1469, -0.1092],
        [-0.1106, -0.0520]], device='cuda:0')
5710 tensor([[ 0.1316,  0.1214],
        [ 0.0816,  0.0538],
        [-0.1471, -0.1093],
        [-0.1106, -0.0519]], device='cuda:0')
5711 tensor([[ 0.1318,  0.1215],
        [ 0.0815,  0.0538],
        [-0.1473, -0.1094],
        [-0.1106, -0.0519]], device='cuda:0')
5712 tensor([[ 0.1320,  0.1216],
        [ 0.0815,  0.0538],
        [-0.1475, -0.1095],
        [-0.1106, -0.0519]], device='cuda:0')
5713 tensor([[ 0.1322,  0.1217],
        [ 0.0815,  0.0537],
        [-0.1477, -0.1096],
        [-0.1105, -0.0518]], device='cuda:0')
5714 tensor([[ 0.1324,  0.1218],
        [ 0.0814,  0.0537],
        [-0.1479, -0.1097],
        [-0.1105, -0.0518]], device='cuda:0')
5715 tensor([[ 0.1326,  0.1219],
        [ 0.0814,  0.0537],
        [-0.1482, -0.1097],
        [-0.1105, -0.0518]], device='cuda:0')
5716 tensor([[ 0.1328,  0.1220],
        [ 0.0814,  0.0536],
        [-0.1484, -0.1098],
        [-0.1105, -0.0517]], device='cuda:0')
5717 tensor([[ 0.1330,  0.1221],
        [ 0.0814,  0.0536],
        [-0.1486, -0.1099],
        [-0.1105, -0.0517]], device='cuda:0')
5718 tensor([[ 0.1332,  0.1222],
        [ 0.0813,  0.0536],
        [-0.1488, -0.1100],
        [-0.1105, -0.0517]], device='cuda:0')
5719 tensor([[ 0.1334,  0.1223],
        [ 0.0813,  0.0536],
        [-0.1490, -0.1101],
        [-0.1104, -0.0516]], device='cuda:0')
5720 tensor([[ 0.1336,  0.1224],
        [ 0.0813,  0.0535],
        [-0.1492, -0.1102],
        [-0.1104, -0.0516]], device='cuda:0')
5721 tensor([[ 0.1338,  0.1225],
        [ 0.0813,  0.0535],
        [-0.1494, -0.1103],
        [-0.1104, -0.0516]], device='cuda:0')
5722 tensor([[ 0.1340,  0.1226],
        [ 0.0812,  0.0535],
        [-0.1496, -0.1104],
        [-0.1104, -0.0515]], device='cuda:0')
5723 tensor([[ 0.1342,  0.1227],
        [ 0.0812,  0.0534],
        [-0.1498, -0.1105],
        [-0.1104, -0.0515]], device='cuda:0')
5724 tensor([[ 0.1344,  0.1227],
        [ 0.0812,  0.0534],
        [-0.1500, -0.1106],
        [-0.1104, -0.0514]], device='cuda:0')
5725 tensor([[ 0.1346,  0.1228],
        [ 0.0812,  0.0534],
        [-0.1502, -0.1106],
        [-0.1103, -0.0513]], device='cuda:0')
5726 tensor([[ 0.1348,  0.1229],
        [ 0.0811,  0.0533],
        [-0.1504, -0.1107],
        [-0.1103, -0.0513]], device='cuda:0')
5727 tensor([[ 0.1350,  0.1230],
        [ 0.0811,  0.0533],
        [-0.1506, -0.1108],
        [-0.1103, -0.0512]], device='cuda:0')
5728 tensor([[ 0.1352,  0.1231],
        [ 0.0811,  0.0532],
        [-0.1508, -0.1109],
        [-0.1103, -0.0512]], device='cuda:0')
5729 tensor([[ 0.1354,  0.1232],
        [ 0.0811,  0.0531],
        [-0.1510, -0.1110],
        [-0.1103, -0.0511]], device='cuda:0')
5730 tensor([[ 0.1356,  0.1233],
        [ 0.0810,  0.0531],
        [-0.1512, -0.1111],
        [-0.1103, -0.0510]], device='cuda:0')
5731 tensor([[ 0.1358,  0.1234],
        [ 0.0810,  0.0530],
        [-0.1514, -0.1112],
        [-0.1102, -0.0510]], device='cuda:0')
5732 tensor([[ 0.1360,  0.1235],
        [ 0.0810,  0.0530],
        [-0.1516, -0.1112],
        [-0.1102, -0.0509]], device='cuda:0')
5733 tensor([[ 0.1361,  0.1236],
        [ 0.0810,  0.0529],
        [-0.1518, -0.1113],
        [-0.1102, -0.0508]], device='cuda:0')
5734 tensor([[ 0.1363,  0.1237],
        [ 0.0809,  0.0529],
        [-0.1520, -0.1114],
        [-0.1102, -0.0508]], device='cuda:0')
5735 tensor([[ 0.1365,  0.1237],
        [ 0.0809,  0.0528],
        [-0.1522, -0.1115],
        [-0.1102, -0.0507]], device='cuda:0')
5736 tensor([[ 0.1367,  0.1238],
        [ 0.0809,  0.0528],
        [-0.1524, -0.1116],
        [-0.1102, -0.0507]], device='cuda:0')
5737 tensor([[ 0.1369,  0.1239],
        [ 0.0809,  0.0527],
        [-0.1526, -0.1116],
        [-0.1102, -0.0506]], device='cuda:0')
5738 tensor([[ 0.1371,  0.1240],
        [ 0.0808,  0.0527],
        [-0.1527, -0.1117],
        [-0.1101, -0.0506]], device='cuda:0')
5739 tensor([[ 0.1372,  0.1241],
        [ 0.0808,  0.0526],
        [-0.1529, -0.1118],
        [-0.1100, -0.0505]], device='cuda:0')
5740 tensor([[ 0.1374,  0.1242],
        [ 0.0807,  0.0525],
        [-0.1531, -0.1119],
        [-0.1100, -0.0505]], device='cuda:0')
5741 tensor([[ 0.1376,  0.1242],
        [ 0.0807,  0.0525],
        [-0.1533, -0.1120],
        [-0.1099, -0.0504]], device='cuda:0')
5742 tensor([[ 0.1378,  0.1243],
        [ 0.0806,  0.0524],
        [-0.1535, -0.1121],
        [-0.1099, -0.0503]], device='cuda:0')
5743 tensor([[ 0.1380,  0.1244],
        [ 0.0806,  0.0524],
        [-0.1536, -0.1122],
        [-0.1098, -0.0503]], device='cuda:0')
5744 tensor([[ 0.1381,  0.1245],
        [ 0.0805,  0.0523],
        [-0.1538, -0.1122],
        [-0.1098, -0.0502]], device='cuda:0')
5745 tensor([[ 0.1383,  0.1246],
        [ 0.0805,  0.0523],
        [-0.1540, -0.1123],
        [-0.1097, -0.0502]], device='cuda:0')
5746 tensor([[ 0.1385,  0.1246],
        [ 0.0804,  0.0522],
        [-0.1542, -0.1124],
        [-0.1096, -0.0501]], device='cuda:0')
5747 tensor([[ 0.1387,  0.1247],
        [ 0.0804,  0.0522],
        [-0.1543, -0.1125],
        [-0.1096, -0.0501]], device='cuda:0')
5748 tensor([[ 0.1389,  0.1248],
        [ 0.0803,  0.0521],
        [-0.1545, -0.1126],
        [-0.1095, -0.0500]], device='cuda:0')
5749 tensor([[ 0.1390,  0.1249],
        [ 0.0803,  0.0520],
        [-0.1547, -0.1126],
        [-0.1095, -0.0500]], device='cuda:0')
5750 tensor([[ 0.1392,  0.1249],
        [ 0.0802,  0.0520],
        [-0.1549, -0.1127],
        [-0.1094, -0.0499]], device='cuda:0')
5751 tensor([[ 0.1394,  0.1250],
        [ 0.0802,  0.0519],
        [-0.1550, -0.1128],
        [-0.1094, -0.0499]], device='cuda:0')
5752 tensor([[ 0.1396,  0.1251],
        [ 0.0801,  0.0519],
        [-0.1552, -0.1129],
        [-0.1093, -0.0499]], device='cuda:0')
5753 tensor([[ 0.1397,  0.1252],
        [ 0.0801,  0.0518],
        [-0.1554, -0.1130],
        [-0.1093, -0.0498]], device='cuda:0')
5754 tensor([[ 0.1399,  0.1253],
        [ 0.0800,  0.0518],
        [-0.1555, -0.1130],
        [-0.1092, -0.0497]], device='cuda:0')
5755 tensor([[ 0.1400,  0.1253],
        [ 0.0799,  0.0517],
        [-0.1557, -0.1131],
        [-0.1092, -0.0496]], device='cuda:0')
5756 tensor([[ 0.1402,  0.1254],
        [ 0.0799,  0.0516],
        [-0.1559, -0.1132],
        [-0.1091, -0.0495]], device='cuda:0')
5757 tensor([[ 0.1404,  0.1255],
        [ 0.0798,  0.0516],
        [-0.1561, -0.1133],
        [-0.1091, -0.0494]], device='cuda:0')
5758 tensor([[ 0.1405,  0.1256],
        [ 0.0798,  0.0515],
        [-0.1562, -0.1133],
        [-0.1091, -0.0493]], device='cuda:0')
5759 tensor([[ 0.1407,  0.1256],
        [ 0.0797,  0.0514],
        [-0.1564, -0.1134],
        [-0.1090, -0.0493]], device='cuda:0')
5760 tensor([[ 0.1409,  0.1257],
        [ 0.0797,  0.0513],
        [-0.1566, -0.1135],
        [-0.1090, -0.0492]], device='cuda:0')
5761 tensor([[ 0.1410,  0.1258],
        [ 0.0796,  0.0512],
        [-0.1567, -0.1135],
        [-0.1089, -0.0491]], device='cuda:0')
5762 tensor([[ 0.1412,  0.1259],
        [ 0.0796,  0.0512],
        [-0.1569, -0.1136],
        [-0.1089, -0.0490]], device='cuda:0')
5763 tensor([[ 0.1413,  0.1259],
        [ 0.0795,  0.0511],
        [-0.1570, -0.1137],
        [-0.1088, -0.0489]], device='cuda:0')
5764 tensor([[ 0.1415,  0.1260],
        [ 0.0795,  0.0510],
        [-0.1572, -0.1138],
        [-0.1088, -0.0489]], device='cuda:0')
5765 tensor([[ 0.1416,  0.1261],
        [ 0.0794,  0.0509],
        [-0.1574, -0.1138],
        [-0.1088, -0.0488]], device='cuda:0')
5766 tensor([[ 0.1418,  0.1262],
        [ 0.0794,  0.0509],
        [-0.1575, -0.1139],
        [-0.1087, -0.0487]], device='cuda:0')
5767 tensor([[ 0.1419,  0.1262],
        [ 0.0793,  0.0508],
        [-0.1577, -0.1140],
        [-0.1087, -0.0486]], device='cuda:0')
5768 tensor([[ 0.1421,  0.1263],
        [ 0.0793,  0.0507],
        [-0.1579, -0.1140],
        [-0.1086, -0.0485]], device='cuda:0')
5769 tensor([[ 0.1422,  0.1264],
        [ 0.0792,  0.0506],
        [-0.1580, -0.1141],
        [-0.1086, -0.0484]], device='cuda:0')
5770 tensor([[ 0.1424,  0.1265],
        [ 0.0792,  0.0505],
        [-0.1582, -0.1142],
        [-0.1085, -0.0483]], device='cuda:0')
5771 tensor([[ 0.1425,  0.1265],
        [ 0.0791,  0.0504],
        [-0.1583, -0.1142],
        [-0.1085, -0.0482]], device='cuda:0')
5772 tensor([[ 0.1427,  0.1266],
        [ 0.0791,  0.0503],
        [-0.1585, -0.1143],
        [-0.1085, -0.0480]], device='cuda:0')
5773 tensor([[ 0.1428,  0.1267],
        [ 0.0790,  0.0502],
        [-0.1586, -0.1144],
        [-0.1084, -0.0479]], device='cuda:0')
5774 tensor([[ 0.1430,  0.1268],
        [ 0.0790,  0.0501],
        [-0.1588, -0.1144],
        [-0.1084, -0.0478]], device='cuda:0')
5775 tensor([[ 0.1431,  0.1268],
        [ 0.0789,  0.0500],
        [-0.1589, -0.1145],
        [-0.1083, -0.0477]], device='cuda:0')
5776 tensor([[ 0.1433,  0.1269],
        [ 0.0789,  0.0499],
        [-0.1591, -0.1146],
        [-0.1083, -0.0476]], device='cuda:0')
5777 tensor([[ 0.1434,  0.1270],
        [ 0.0788,  0.0498],
        [-0.1593, -0.1146],
        [-0.1083, -0.0475]], device='cuda:0')
5778 tensor([[ 0.1436,  0.1270],
        [ 0.0788,  0.0497],
        [-0.1594, -0.1147],
        [-0.1082, -0.0474]], device='cuda:0')
5779 tensor([[ 0.1437,  0.1271],
        [ 0.0787,  0.0496],
        [-0.1596, -0.1148],
        [-0.1082, -0.0473]], device='cuda:0')
5780 tensor([[ 0.1439,  0.1272],
        [ 0.0787,  0.0495],
        [-0.1597, -0.1148],
        [-0.1081, -0.0472]], device='cuda:0')
5781 tensor([[ 0.1440,  0.1272],
        [ 0.0786,  0.0494],
        [-0.1599, -0.1149],
        [-0.1081, -0.0470]], device='cuda:0')
5782 tensor([[ 0.1441,  0.1273],
        [ 0.0786,  0.0493],
        [-0.1600, -0.1149],
        [-0.1081, -0.0469]], device='cuda:0')
5783 tensor([[ 0.1443,  0.1274],
        [ 0.0785,  0.0492],
        [-0.1601, -0.1150],
        [-0.1080, -0.0468]], device='cuda:0')
5784 tensor([[ 0.1444,  0.1274],
        [ 0.0785,  0.0491],
        [-0.1603, -0.1150],
        [-0.1080, -0.0467]], device='cuda:0')
5785 tensor([[ 0.1446,  0.1274],
        [ 0.0785,  0.0490],
        [-0.1604, -0.1150],
        [-0.1079, -0.0466]], device='cuda:0')
5786 tensor([[ 0.1447,  0.1275],
        [ 0.0784,  0.0489],
        [-0.1606, -0.1150],
        [-0.1079, -0.0465]], device='cuda:0')
5787 tensor([[ 0.1448,  0.1275],
        [ 0.0784,  0.0488],
        [-0.1607, -0.1151],
        [-0.1079, -0.0464]], device='cuda:0')
5788 tensor([[ 0.1450,  0.1275],
        [ 0.0783,  0.0487],
        [-0.1609, -0.1151],
        [-0.1078, -0.0463]], device='cuda:0')
5789 tensor([[ 0.1451,  0.1276],
        [ 0.0783,  0.0486],
        [-0.1610, -0.1151],
        [-0.1078, -0.0462]], device='cuda:0')
5790 tensor([[ 0.1452,  0.1276],
        [ 0.0782,  0.0485],
        [-0.1612, -0.1151],
        [-0.1078, -0.0461]], device='cuda:0')
5791 tensor([[ 0.1454,  0.1276],
        [ 0.0782,  0.0484],
        [-0.1613, -0.1152],
        [-0.1077, -0.0460]], device='cuda:0')
5792 tensor([[ 0.1455,  0.1277],
        [ 0.0781,  0.0483],
        [-0.1614, -0.1152],
        [-0.1077, -0.0459]], device='cuda:0')
5793 tensor([[ 0.1456,  0.1277],
        [ 0.0781,  0.0482],
        [-0.1616, -0.1152],
        [-0.1077, -0.0458]], device='cuda:0')
5794 tensor([[ 0.1458,  0.1277],
        [ 0.0780,  0.0481],
        [-0.1617, -0.1152],
        [-0.1076, -0.0457]], device='cuda:0')
5795 tensor([[ 0.1459,  0.1277],
        [ 0.0780,  0.0480],
        [-0.1619, -0.1153],
        [-0.1076, -0.0456]], device='cuda:0')
5796 tensor([[ 0.1460,  0.1278],
        [ 0.0780,  0.0479],
        [-0.1620, -0.1153],
        [-0.1075, -0.0455]], device='cuda:0')
5797 tensor([[ 0.1462,  0.1278],
        [ 0.0779,  0.0478],
        [-0.1621, -0.1153],
        [-0.1075, -0.0454]], device='cuda:0')
5798 tensor([[ 0.1463,  0.1278],
        [ 0.0779,  0.0477],
        [-0.1623, -0.1153],
        [-0.1075, -0.0453]], device='cuda:0')
5799 tensor([[ 0.1464,  0.1278],
        [ 0.0778,  0.0477],
        [-0.1624, -0.1153],
        [-0.1074, -0.0452]], device='cuda:0')
5800 tensor([[ 0.1465,  0.1278],
        [ 0.0778,  0.0476],
        [-0.1625, -0.1153],
        [-0.1074, -0.0452]], device='cuda:0')
5801 tensor([[ 0.1467,  0.1278],
        [ 0.0777,  0.0476],
        [-0.1627, -0.1153],
        [-0.1074, -0.0451]], device='cuda:0')
5802 tensor([[ 0.1468,  0.1278],
        [ 0.0777,  0.0475],
        [-0.1628, -0.1152],
        [-0.1073, -0.0451]], device='cuda:0')
5803 tensor([[ 0.1469,  0.1278],
        [ 0.0777,  0.0475],
        [-0.1629, -0.1152],
        [-0.1073, -0.0450]], device='cuda:0')
5804 tensor([[ 0.1470,  0.1278],
        [ 0.0776,  0.0474],
        [-0.1631, -0.1152],
        [-0.1073, -0.0450]], device='cuda:0')
5805 tensor([[ 0.1472,  0.1278],
        [ 0.0776,  0.0474],
        [-0.1632, -0.1152],
        [-0.1072, -0.0449]], device='cuda:0')
5806 tensor([[ 0.1473,  0.1278],
        [ 0.0775,  0.0473],
        [-0.1633, -0.1152],
        [-0.1072, -0.0448]], device='cuda:0')
5807 tensor([[ 0.1474,  0.1277],
        [ 0.0775,  0.0473],
        [-0.1634, -0.1152],
        [-0.1072, -0.0448]], device='cuda:0')
5808 tensor([[ 0.1475,  0.1277],
        [ 0.0775,  0.0472],
        [-0.1636, -0.1152],
        [-0.1071, -0.0447]], device='cuda:0')
5809 tensor([[ 0.1477,  0.1277],
        [ 0.0774,  0.0472],
        [-0.1637, -0.1151],
        [-0.1071, -0.0447]], device='cuda:0')
5810 tensor([[ 0.1478,  0.1277],
        [ 0.0774,  0.0471],
        [-0.1638, -0.1151],
        [-0.1071, -0.0446]], device='cuda:0')
5811 tensor([[ 0.1479,  0.1277],
        [ 0.0773,  0.0471],
        [-0.1640, -0.1151],
        [-0.1070, -0.0446]], device='cuda:0')
5812 tensor([[ 0.1480,  0.1277],
        [ 0.0773,  0.0470],
        [-0.1641, -0.1151],
        [-0.1070, -0.0445]], device='cuda:0')
5813 tensor([[ 0.1481,  0.1277],
        [ 0.0773,  0.0469],
        [-0.1642, -0.1151],
        [-0.1070, -0.0445]], device='cuda:0')
5814 tensor([[ 0.1482,  0.1277],
        [ 0.0773,  0.0469],
        [-0.1642, -0.1151],
        [-0.1069, -0.0444]], device='cuda:0')
5815 tensor([[ 0.1483,  0.1277],
        [ 0.0773,  0.0468],
        [-0.1643, -0.1151],
        [-0.1069, -0.0443]], device='cuda:0')
5816 tensor([[ 0.1484,  0.1277],
        [ 0.0773,  0.0468],
        [-0.1644, -0.1151],
        [-0.1069, -0.0443]], device='cuda:0')
5817 tensor([[ 0.1485,  0.1276],
        [ 0.0773,  0.0467],
        [-0.1645, -0.1151],
        [-0.1069, -0.0443]], device='cuda:0')
5818 tensor([[ 0.1486,  0.1276],
        [ 0.0773,  0.0467],
        [-0.1646, -0.1151],
        [-0.1069, -0.0442]], device='cuda:0')
5819 tensor([[ 0.1486,  0.1276],
        [ 0.0773,  0.0466],
        [-0.1646, -0.1151],
        [-0.1069, -0.0442]], device='cuda:0')
5820 tensor([[ 0.1487,  0.1276],
        [ 0.0773,  0.0466],
        [-0.1647, -0.1151],
        [-0.1069, -0.0441]], device='cuda:0')
5821 tensor([[ 0.1488,  0.1276],
        [ 0.0773,  0.0465],
        [-0.1648, -0.1151],
        [-0.1069, -0.0441]], device='cuda:0')
5822 tensor([[ 0.1489,  0.1276],
        [ 0.0773,  0.0464],
        [-0.1649, -0.1150],
        [-0.1069, -0.0440]], device='cuda:0')
5823 tensor([[ 0.1490,  0.1276],
        [ 0.0773,  0.0464],
        [-0.1649, -0.1150],
        [-0.1069, -0.0440]], device='cuda:0')
5824 tensor([[ 0.1491,  0.1275],
        [ 0.0773,  0.0463],
        [-0.1650, -0.1150],
        [-0.1069, -0.0439]], device='cuda:0')
5825 tensor([[ 0.1491,  0.1275],
        [ 0.0773,  0.0463],
        [-0.1651, -0.1150],
        [-0.1069, -0.0439]], device='cuda:0')
5826 tensor([[ 0.1492,  0.1275],
        [ 0.0773,  0.0462],
        [-0.1652, -0.1150],
        [-0.1069, -0.0438]], device='cuda:0')
5827 tensor([[ 0.1493,  0.1275],
        [ 0.0773,  0.0462],
        [-0.1652, -0.1150],
        [-0.1069, -0.0438]], device='cuda:0')
5828 tensor([[ 0.1494,  0.1275],
        [ 0.0773,  0.0461],
        [-0.1653, -0.1150],
        [-0.1068, -0.0437]], device='cuda:0')
5829 tensor([[ 0.1495,  0.1275],
        [ 0.0773,  0.0461],
        [-0.1654, -0.1150],
        [-0.1069, -0.0437]], device='cuda:0')
5830 tensor([[ 0.1495,  0.1275],
        [ 0.0774,  0.0460],
        [-0.1655, -0.1150],
        [-0.1069, -0.0436]], device='cuda:0')
5831 tensor([[ 0.1496,  0.1275],
        [ 0.0774,  0.0460],
        [-0.1655, -0.1150],
        [-0.1069, -0.0436]], device='cuda:0')
5832 tensor([[ 0.1497,  0.1274],
        [ 0.0775,  0.0459],
        [-0.1656, -0.1150],
        [-0.1070, -0.0435]], device='cuda:0')
5833 tensor([[ 0.1498,  0.1274],
        [ 0.0775,  0.0459],
        [-0.1657, -0.1150],
        [-0.1070, -0.0435]], device='cuda:0')
5834 tensor([[ 0.1499,  0.1274],
        [ 0.0775,  0.0458],
        [-0.1658, -0.1150],
        [-0.1070, -0.0435]], device='cuda:0')
5835 tensor([[ 0.1499,  0.1274],
        [ 0.0776,  0.0458],
        [-0.1658, -0.1150],
        [-0.1070, -0.0434]], device='cuda:0')
5836 tensor([[ 0.1500,  0.1274],
        [ 0.0776,  0.0457],
        [-0.1659, -0.1150],
        [-0.1071, -0.0434]], device='cuda:0')
5837 tensor([[ 0.1501,  0.1274],
        [ 0.0776,  0.0457],
        [-0.1660, -0.1150],
        [-0.1071, -0.0433]], device='cuda:0')
5838 tensor([[ 0.1502,  0.1274],
        [ 0.0777,  0.0456],
        [-0.1660, -0.1150],
        [-0.1071, -0.0433]], device='cuda:0')
5839 tensor([[ 0.1502,  0.1274],
        [ 0.0777,  0.0456],
        [-0.1661, -0.1150],
        [-0.1072, -0.0432]], device='cuda:0')
5840 tensor([[ 0.1503,  0.1273],
        [ 0.0777,  0.0455],
        [-0.1662, -0.1149],
        [-0.1072, -0.0432]], device='cuda:0')
5841 tensor([[ 0.1504,  0.1273],
        [ 0.0778,  0.0454],
        [-0.1662, -0.1149],
        [-0.1072, -0.0432]], device='cuda:0')
5842 tensor([[ 0.1505,  0.1273],
        [ 0.0778,  0.0454],
        [-0.1663, -0.1149],
        [-0.1073, -0.0431]], device='cuda:0')
5843 tensor([[ 0.1505,  0.1273],
        [ 0.0778,  0.0454],
        [-0.1664, -0.1149],
        [-0.1073, -0.0431]], device='cuda:0')
5844 tensor([[ 0.1506,  0.1273],
        [ 0.0779,  0.0453],
        [-0.1665, -0.1149],
        [-0.1073, -0.0430]], device='cuda:0')
5845 tensor([[ 0.1507,  0.1273],
        [ 0.0779,  0.0453],
        [-0.1665, -0.1149],
        [-0.1073, -0.0430]], device='cuda:0')
5846 tensor([[ 0.1508,  0.1273],
        [ 0.0779,  0.0452],
        [-0.1666, -0.1149],
        [-0.1074, -0.0429]], device='cuda:0')
5847 tensor([[ 0.1508,  0.1273],
        [ 0.0780,  0.0452],
        [-0.1667, -0.1149],
        [-0.1074, -0.0429]], device='cuda:0')
5848 tensor([[ 0.1509,  0.1272],
        [ 0.0780,  0.0451],
        [-0.1667, -0.1149],
        [-0.1074, -0.0429]], device='cuda:0')
5849 tensor([[ 0.1510,  0.1272],
        [ 0.0780,  0.0451],
        [-0.1668, -0.1149],
        [-0.1074, -0.0428]], device='cuda:0')
5850 tensor([[ 0.1511,  0.1272],
        [ 0.0781,  0.0450],
        [-0.1669, -0.1149],
        [-0.1075, -0.0428]], device='cuda:0')
5851 tensor([[ 0.1511,  0.1272],
        [ 0.0781,  0.0450],
        [-0.1669, -0.1149],
        [-0.1075, -0.0427]], device='cuda:0')
5852 tensor([[ 0.1512,  0.1272],
        [ 0.0781,  0.0449],
        [-0.1670, -0.1149],
        [-0.1075, -0.0427]], device='cuda:0')
5853 tensor([[ 0.1513,  0.1272],
        [ 0.0781,  0.0449],
        [-0.1671, -0.1149],
        [-0.1075, -0.0427]], device='cuda:0')
5854 tensor([[ 0.1513,  0.1272],
        [ 0.0782,  0.0448],
        [-0.1671, -0.1149],
        [-0.1076, -0.0426]], device='cuda:0')
5855 tensor([[ 0.1514,  0.1272],
        [ 0.0782,  0.0448],
        [-0.1672, -0.1149],
        [-0.1076, -0.0426]], device='cuda:0')
5856 tensor([[ 0.1515,  0.1272],
        [ 0.0782,  0.0447],
        [-0.1672, -0.1149],
        [-0.1076, -0.0425]], device='cuda:0')
5857 tensor([[ 0.1515,  0.1271],
        [ 0.0783,  0.0447],
        [-0.1673, -0.1149],
        [-0.1077, -0.0425]], device='cuda:0')
5858 tensor([[ 0.1516,  0.1271],
        [ 0.0783,  0.0446],
        [-0.1674, -0.1149],
        [-0.1076, -0.0425]], device='cuda:0')
5859 tensor([[ 0.1517,  0.1271],
        [ 0.0783,  0.0446],
        [-0.1674, -0.1149],
        [-0.1076, -0.0424]], device='cuda:0')
5860 tensor([[ 0.1518,  0.1271],
        [ 0.0783,  0.0445],
        [-0.1675, -0.1149],
        [-0.1076, -0.0424]], device='cuda:0')
5861 tensor([[ 0.1518,  0.1271],
        [ 0.0783,  0.0445],
        [-0.1676, -0.1149],
        [-0.1076, -0.0424]], device='cuda:0')
5862 tensor([[ 0.1519,  0.1271],
        [ 0.0783,  0.0445],
        [-0.1676, -0.1148],
        [-0.1076, -0.0423]], device='cuda:0')
5863 tensor([[ 0.1520,  0.1271],
        [ 0.0783,  0.0444],
        [-0.1677, -0.1148],
        [-0.1076, -0.0423]], device='cuda:0')
5864 tensor([[ 0.1520,  0.1271],
        [ 0.0783,  0.0444],
        [-0.1677, -0.1148],
        [-0.1076, -0.0422]], device='cuda:0')
5865 tensor([[ 0.1521,  0.1271],
        [ 0.0783,  0.0443],
        [-0.1678, -0.1148],
        [-0.1076, -0.0422]], device='cuda:0')
5866 tensor([[ 0.1522,  0.1270],
        [ 0.0783,  0.0443],
        [-0.1679, -0.1148],
        [-0.1076, -0.0422]], device='cuda:0')
5867 tensor([[ 0.1522,  0.1270],
        [ 0.0783,  0.0442],
        [-0.1679, -0.1148],
        [-0.1076, -0.0421]], device='cuda:0')
5868 tensor([[ 0.1523,  0.1270],
        [ 0.0783,  0.0442],
        [-0.1680, -0.1148],
        [-0.1076, -0.0421]], device='cuda:0')
5869 tensor([[ 0.1523,  0.1270],
        [ 0.0783,  0.0442],
        [-0.1680, -0.1148],
        [-0.1076, -0.0421]], device='cuda:0')
5870 tensor([[ 0.1524,  0.1270],
        [ 0.0783,  0.0441],
        [-0.1681, -0.1148],
        [-0.1076, -0.0420]], device='cuda:0')
5871 tensor([[ 0.1525,  0.1270],
        [ 0.0783,  0.0441],
        [-0.1682, -0.1148],
        [-0.1076, -0.0420]], device='cuda:0')
5872 tensor([[ 0.1525,  0.1270],
        [ 0.0783,  0.0440],
        [-0.1682, -0.1148],
        [-0.1076, -0.0420]], device='cuda:0')
5873 tensor([[ 0.1526,  0.1270],
        [ 0.0783,  0.0440],
        [-0.1682, -0.1148],
        [-0.1076, -0.0419]], device='cuda:0')
5874 tensor([[ 0.1526,  0.1270],
        [ 0.0783,  0.0439],
        [-0.1683, -0.1148],
        [-0.1075, -0.0419]], device='cuda:0')
5875 tensor([[ 0.1527,  0.1269],
        [ 0.0783,  0.0439],
        [-0.1683, -0.1148],
        [-0.1075, -0.0418]], device='cuda:0')
5876 tensor([[ 0.1527,  0.1269],
        [ 0.0783,  0.0439],
        [-0.1683, -0.1148],
        [-0.1075, -0.0418]], device='cuda:0')
5877 tensor([[ 0.1527,  0.1269],
        [ 0.0783,  0.0438],
        [-0.1683, -0.1148],
        [-0.1074, -0.0418]], device='cuda:0')
5878 tensor([[ 0.1527,  0.1269],
        [ 0.0782,  0.0438],
        [-0.1683, -0.1148],
        [-0.1074, -0.0417]], device='cuda:0')
5879 tensor([[ 0.1528,  0.1269],
        [ 0.0782,  0.0437],
        [-0.1684, -0.1148],
        [-0.1074, -0.0417]], device='cuda:0')
5880 tensor([[ 0.1528,  0.1269],
        [ 0.0782,  0.0437],
        [-0.1684, -0.1148],
        [-0.1073, -0.0417]], device='cuda:0')
5881 tensor([[ 0.1528,  0.1269],
        [ 0.0782,  0.0437],
        [-0.1684, -0.1148],
        [-0.1073, -0.0416]], device='cuda:0')
5882 tensor([[ 0.1528,  0.1269],
        [ 0.0781,  0.0436],
        [-0.1684, -0.1148],
        [-0.1073, -0.0416]], device='cuda:0')
5883 tensor([[ 0.1529,  0.1269],
        [ 0.0781,  0.0436],
        [-0.1684, -0.1148],
        [-0.1073, -0.0416]], device='cuda:0')
5884 tensor([[ 0.1529,  0.1269],
        [ 0.0781,  0.0435],
        [-0.1685, -0.1148],
        [-0.1072, -0.0415]], device='cuda:0')
5885 tensor([[ 0.1529,  0.1268],
        [ 0.0781,  0.0435],
        [-0.1685, -0.1148],
        [-0.1072, -0.0415]], device='cuda:0')
5886 tensor([[ 0.1529,  0.1268],
        [ 0.0780,  0.0435],
        [-0.1685, -0.1148],
        [-0.1072, -0.0415]], device='cuda:0')
5887 tensor([[ 0.1529,  0.1268],
        [ 0.0780,  0.0434],
        [-0.1685, -0.1147],
        [-0.1072, -0.0414]], device='cuda:0')
5888 tensor([[ 0.1530,  0.1268],
        [ 0.0780,  0.0434],
        [-0.1685, -0.1147],
        [-0.1072, -0.0414]], device='cuda:0')
5889 tensor([[ 0.1530,  0.1268],
        [ 0.0779,  0.0434],
        [-0.1686, -0.1147],
        [-0.1071, -0.0413]], device='cuda:0')
5890 tensor([[ 0.1530,  0.1267],
        [ 0.0779,  0.0433],
        [-0.1686, -0.1146],
        [-0.1071, -0.0413]], device='cuda:0')
5891 tensor([[ 0.1530,  0.1267],
        [ 0.0779,  0.0433],
        [-0.1686, -0.1146],
        [-0.1071, -0.0412]], device='cuda:0')
5892 tensor([[ 0.1530,  0.1267],
        [ 0.0779,  0.0433],
        [-0.1686, -0.1145],
        [-0.1071, -0.0411]], device='cuda:0')
5893 tensor([[ 0.1531,  0.1266],
        [ 0.0778,  0.0432],
        [-0.1687, -0.1145],
        [-0.1071, -0.0411]], device='cuda:0')
5894 tensor([[ 0.1531,  0.1266],
        [ 0.0778,  0.0431],
        [-0.1687, -0.1144],
        [-0.1071, -0.0410]], device='cuda:0')
5895 tensor([[ 0.1531,  0.1265],
        [ 0.0778,  0.0431],
        [-0.1687, -0.1144],
        [-0.1070, -0.0410]], device='cuda:0')
5896 tensor([[ 0.1531,  0.1265],
        [ 0.0778,  0.0430],
        [-0.1687, -0.1143],
        [-0.1070, -0.0409]], device='cuda:0')
5897 tensor([[ 0.1531,  0.1265],
        [ 0.0777,  0.0430],
        [-0.1688, -0.1143],
        [-0.1070, -0.0408]], device='cuda:0')
5898 tensor([[ 0.1531,  0.1264],
        [ 0.0777,  0.0429],
        [-0.1688, -0.1142],
        [-0.1070, -0.0408]], device='cuda:0')
5899 tensor([[ 0.1532,  0.1264],
        [ 0.0777,  0.0429],
        [-0.1688, -0.1142],
        [-0.1070, -0.0407]], device='cuda:0')
5900 tensor([[ 0.1532,  0.1263],
        [ 0.0776,  0.0428],
        [-0.1688, -0.1142],
        [-0.1070, -0.0407]], device='cuda:0')
5901 tensor([[ 0.1532,  0.1263],
        [ 0.0776,  0.0428],
        [-0.1689, -0.1141],
        [-0.1069, -0.0406]], device='cuda:0')
5902 tensor([[ 0.1532,  0.1263],
        [ 0.0776,  0.0427],
        [-0.1689, -0.1141],
        [-0.1069, -0.0406]], device='cuda:0')
5903 tensor([[ 0.1532,  0.1262],
        [ 0.0776,  0.0427],
        [-0.1689, -0.1140],
        [-0.1069, -0.0405]], device='cuda:0')
5904 tensor([[ 0.1532,  0.1262],
        [ 0.0776,  0.0426],
        [-0.1689, -0.1140],
        [-0.1068, -0.0405]], device='cuda:0')
5905 tensor([[ 0.1532,  0.1261],
        [ 0.0775,  0.0426],
        [-0.1688, -0.1140],
        [-0.1068, -0.0404]], device='cuda:0')
5906 tensor([[ 0.1532,  0.1261],
        [ 0.0775,  0.0425],
        [-0.1688, -0.1139],
        [-0.1067, -0.0404]], device='cuda:0')
5907 tensor([[ 0.1532,  0.1261],
        [ 0.0775,  0.0425],
        [-0.1688, -0.1139],
        [-0.1067, -0.0403]], device='cuda:0')
5908 tensor([[ 0.1532,  0.1260],
        [ 0.0774,  0.0424],
        [-0.1688, -0.1138],
        [-0.1066, -0.0403]], device='cuda:0')
5909 tensor([[ 0.1531,  0.1260],
        [ 0.0774,  0.0424],
        [-0.1688, -0.1138],
        [-0.1066, -0.0402]], device='cuda:0')
5910 tensor([[ 0.1531,  0.1259],
        [ 0.0773,  0.0423],
        [-0.1687, -0.1138],
        [-0.1065, -0.0402]], device='cuda:0')
5911 tensor([[ 0.1531,  0.1259],
        [ 0.0773,  0.0423],
        [-0.1687, -0.1137],
        [-0.1065, -0.0401]], device='cuda:0')
5912 tensor([[ 0.1531,  0.1258],
        [ 0.0772,  0.0422],
        [-0.1687, -0.1137],
        [-0.1065, -0.0401]], device='cuda:0')
5913 tensor([[ 0.1531,  0.1258],
        [ 0.0772,  0.0422],
        [-0.1687, -0.1137],
        [-0.1064, -0.0401]], device='cuda:0')
5914 tensor([[ 0.1531,  0.1258],
        [ 0.0771,  0.0421],
        [-0.1687, -0.1136],
        [-0.1064, -0.0400]], device='cuda:0')
5915 tensor([[ 0.1531,  0.1257],
        [ 0.0771,  0.0421],
        [-0.1686, -0.1136],
        [-0.1063, -0.0400]], device='cuda:0')
5916 tensor([[ 0.1530,  0.1257],
        [ 0.0771,  0.0420],
        [-0.1686, -0.1136],
        [-0.1063, -0.0399]], device='cuda:0')
5917 tensor([[ 0.1530,  0.1256],
        [ 0.0770,  0.0420],
        [-0.1686, -0.1135],
        [-0.1063, -0.0399]], device='cuda:0')
5918 tensor([[ 0.1530,  0.1256],
        [ 0.0770,  0.0419],
        [-0.1686, -0.1135],
        [-0.1062, -0.0398]], device='cuda:0')
5919 tensor([[ 0.1530,  0.1255],
        [ 0.0769,  0.0419],
        [-0.1686, -0.1134],
        [-0.1062, -0.0397]], device='cuda:0')
5920 tensor([[ 0.1530,  0.1255],
        [ 0.0769,  0.0418],
        [-0.1686, -0.1133],
        [-0.1062, -0.0397]], device='cuda:0')
5921 tensor([[ 0.1530,  0.1254],
        [ 0.0768,  0.0418],
        [-0.1686, -0.1132],
        [-0.1061, -0.0396]], device='cuda:0')
5922 tensor([[ 0.1529,  0.1253],
        [ 0.0768,  0.0417],
        [-0.1686, -0.1131],
        [-0.1061, -0.0395]], device='cuda:0')
5923 tensor([[ 0.1529,  0.1253],
        [ 0.0768,  0.0417],
        [-0.1685, -0.1131],
        [-0.1061, -0.0394]], device='cuda:0')
5924 tensor([[ 0.1529,  0.1252],
        [ 0.0767,  0.0416],
        [-0.1685, -0.1130],
        [-0.1060, -0.0394]], device='cuda:0')
5925 tensor([[ 0.1529,  0.1251],
        [ 0.0767,  0.0415],
        [-0.1685, -0.1129],
        [-0.1060, -0.0393]], device='cuda:0')
5926 tensor([[ 0.1529,  0.1251],
        [ 0.0766,  0.0415],
        [-0.1685, -0.1128],
        [-0.1060, -0.0392]], device='cuda:0')
5927 tensor([[ 0.1528,  0.1250],
        [ 0.0766,  0.0414],
        [-0.1685, -0.1128],
        [-0.1059, -0.0392]], device='cuda:0')
5928 tensor([[ 0.1528,  0.1249],
        [ 0.0765,  0.0413],
        [-0.1685, -0.1127],
        [-0.1059, -0.0391]], device='cuda:0')
5929 tensor([[ 0.1528,  0.1248],
        [ 0.0765,  0.0413],
        [-0.1685, -0.1126],
        [-0.1059, -0.0390]], device='cuda:0')
5930 tensor([[ 0.1528,  0.1248],
        [ 0.0764,  0.0412],
        [-0.1685, -0.1126],
        [-0.1058, -0.0390]], device='cuda:0')
5931 tensor([[ 0.1528,  0.1247],
        [ 0.0764,  0.0412],
        [-0.1685, -0.1125],
        [-0.1058, -0.0389]], device='cuda:0')
5932 tensor([[ 0.1528,  0.1246],
        [ 0.0764,  0.0411],
        [-0.1685, -0.1124],
        [-0.1058, -0.0389]], device='cuda:0')
5933 tensor([[ 0.1527,  0.1246],
        [ 0.0763,  0.0410],
        [-0.1684, -0.1124],
        [-0.1057, -0.0388]], device='cuda:0')
5934 tensor([[ 0.1527,  0.1245],
        [ 0.0763,  0.0410],
        [-0.1684, -0.1123],
        [-0.1056, -0.0387]], device='cuda:0')
5935 tensor([[ 0.1527,  0.1244],
        [ 0.0763,  0.0409],
        [-0.1683, -0.1122],
        [-0.1056, -0.0387]], device='cuda:0')
5936 tensor([[ 0.1526,  0.1244],
        [ 0.0762,  0.0408],
        [-0.1683, -0.1122],
        [-0.1055, -0.0386]], device='cuda:0')
5937 tensor([[ 0.1526,  0.1243],
        [ 0.0761,  0.0408],
        [-0.1682, -0.1121],
        [-0.1054, -0.0386]], device='cuda:0')
5938 tensor([[ 0.1526,  0.1242],
        [ 0.0761,  0.0407],
        [-0.1682, -0.1120],
        [-0.1054, -0.0385]], device='cuda:0')
5939 tensor([[ 0.1525,  0.1242],
        [ 0.0760,  0.0407],
        [-0.1681, -0.1120],
        [-0.1053, -0.0384]], device='cuda:0')
5940 tensor([[ 0.1525,  0.1241],
        [ 0.0760,  0.0406],
        [-0.1681, -0.1119],
        [-0.1053, -0.0384]], device='cuda:0')
5941 tensor([[ 0.1524,  0.1240],
        [ 0.0759,  0.0405],
        [-0.1680, -0.1119],
        [-0.1052, -0.0383]], device='cuda:0')
5942 tensor([[ 0.1524,  0.1240],
        [ 0.0758,  0.0405],
        [-0.1680, -0.1118],
        [-0.1051, -0.0383]], device='cuda:0')
5943 tensor([[ 0.1523,  0.1239],
        [ 0.0758,  0.0404],
        [-0.1679, -0.1117],
        [-0.1051, -0.0382]], device='cuda:0')
5944 tensor([[ 0.1523,  0.1238],
        [ 0.0757,  0.0403],
        [-0.1679, -0.1117],
        [-0.1050, -0.0382]], device='cuda:0')
5945 tensor([[ 0.1523,  0.1238],
        [ 0.0757,  0.0403],
        [-0.1678, -0.1116],
        [-0.1050, -0.0381]], device='cuda:0')
5946 tensor([[ 0.1522,  0.1237],
        [ 0.0756,  0.0402],
        [-0.1678, -0.1116],
        [-0.1049, -0.0381]], device='cuda:0')
5947 tensor([[ 0.1522,  0.1236],
        [ 0.0756,  0.0402],
        [-0.1678, -0.1115],
        [-0.1049, -0.0380]], device='cuda:0')
5948 tensor([[ 0.1521,  0.1236],
        [ 0.0755,  0.0401],
        [-0.1677, -0.1114],
        [-0.1048, -0.0379]], device='cuda:0')
5949 tensor([[ 0.1521,  0.1235],
        [ 0.0754,  0.0401],
        [-0.1677, -0.1113],
        [-0.1048, -0.0378]], device='cuda:0')
5950 tensor([[ 0.1520,  0.1234],
        [ 0.0754,  0.0400],
        [-0.1677, -0.1112],
        [-0.1047, -0.0378]], device='cuda:0')
5951 tensor([[ 0.1520,  0.1234],
        [ 0.0753,  0.0400],
        [-0.1676, -0.1111],
        [-0.1047, -0.0377]], device='cuda:0')
5952 tensor([[ 0.1520,  0.1233],
        [ 0.0753,  0.0399],
        [-0.1676, -0.1110],
        [-0.1046, -0.0376]], device='cuda:0')
5953 tensor([[ 0.1519,  0.1232],
        [ 0.0752,  0.0398],
        [-0.1675, -0.1109],
        [-0.1046, -0.0375]], device='cuda:0')
5954 tensor([[ 0.1519,  0.1231],
        [ 0.0752,  0.0397],
        [-0.1675, -0.1108],
        [-0.1045, -0.0374]], device='cuda:0')
5955 tensor([[ 0.1518,  0.1230],
        [ 0.0751,  0.0397],
        [-0.1675, -0.1107],
        [-0.1045, -0.0374]], device='cuda:0')
5956 tensor([[ 0.1518,  0.1229],
        [ 0.0750,  0.0396],
        [-0.1674, -0.1106],
        [-0.1044, -0.0373]], device='cuda:0')
5957 tensor([[ 0.1517,  0.1228],
        [ 0.0750,  0.0395],
        [-0.1674, -0.1106],
        [-0.1044, -0.0372]], device='cuda:0')
5958 tensor([[ 0.1517,  0.1227],
        [ 0.0749,  0.0394],
        [-0.1674, -0.1105],
        [-0.1044, -0.0371]], device='cuda:0')
5959 tensor([[ 0.1516,  0.1227],
        [ 0.0749,  0.0394],
        [-0.1673, -0.1104],
        [-0.1043, -0.0370]], device='cuda:0')
5960 tensor([[ 0.1516,  0.1226],
        [ 0.0748,  0.0393],
        [-0.1673, -0.1103],
        [-0.1043, -0.0370]], device='cuda:0')
5961 tensor([[ 0.1516,  0.1225],
        [ 0.0748,  0.0392],
        [-0.1673, -0.1102],
        [-0.1042, -0.0369]], device='cuda:0')
5962 tensor([[ 0.1515,  0.1224],
        [ 0.0747,  0.0392],
        [-0.1672, -0.1101],
        [-0.1042, -0.0368]], device='cuda:0')
5963 tensor([[ 0.1515,  0.1223],
        [ 0.0747,  0.0391],
        [-0.1672, -0.1100],
        [-0.1041, -0.0367]], device='cuda:0')
5964 tensor([[ 0.1514,  0.1222],
        [ 0.0746,  0.0390],
        [-0.1672, -0.1099],
        [-0.1041, -0.0366]], device='cuda:0')
5965 tensor([[ 0.1514,  0.1221],
        [ 0.0745,  0.0390],
        [-0.1671, -0.1098],
        [-0.1040, -0.0365]], device='cuda:0')
5966 tensor([[ 0.1514,  0.1220],
        [ 0.0745,  0.0389],
        [-0.1671, -0.1096],
        [-0.1040, -0.0364]], device='cuda:0')
5967 tensor([[ 0.1513,  0.1219],
        [ 0.0744,  0.0388],
        [-0.1671, -0.1095],
        [-0.1039, -0.0363]], device='cuda:0')
5968 tensor([[ 0.1513,  0.1218],
        [ 0.0744,  0.0387],
        [-0.1670, -0.1094],
        [-0.1039, -0.0363]], device='cuda:0')
5969 tensor([[ 0.1512,  0.1217],
        [ 0.0743,  0.0386],
        [-0.1670, -0.1093],
        [-0.1039, -0.0362]], device='cuda:0')
5970 tensor([[ 0.1512,  0.1216],
        [ 0.0743,  0.0385],
        [-0.1670, -0.1092],
        [-0.1038, -0.0361]], device='cuda:0')
5971 tensor([[ 0.1511,  0.1215],
        [ 0.0742,  0.0384],
        [-0.1669, -0.1091],
        [-0.1038, -0.0360]], device='cuda:0')
5972 tensor([[ 0.1511,  0.1214],
        [ 0.0742,  0.0384],
        [-0.1669, -0.1090],
        [-0.1037, -0.0359]], device='cuda:0')
5973 tensor([[ 0.1511,  0.1213],
        [ 0.0741,  0.0383],
        [-0.1669, -0.1088],
        [-0.1037, -0.0358]], device='cuda:0')
5974 tensor([[ 0.1510,  0.1211],
        [ 0.0741,  0.0382],
        [-0.1668, -0.1087],
        [-0.1037, -0.0357]], device='cuda:0')
5975 tensor([[ 0.1510,  0.1210],
        [ 0.0740,  0.0381],
        [-0.1668, -0.1086],
        [-0.1036, -0.0356]], device='cuda:0')
5976 tensor([[ 0.1510,  0.1209],
        [ 0.0740,  0.0380],
        [-0.1668, -0.1085],
        [-0.1036, -0.0355]], device='cuda:0')
5977 tensor([[ 0.1509,  0.1208],
        [ 0.0739,  0.0379],
        [-0.1667, -0.1084],
        [-0.1035, -0.0354]], device='cuda:0')
5978 tensor([[ 0.1509,  0.1207],
        [ 0.0739,  0.0378],
        [-0.1667, -0.1083],
        [-0.1034, -0.0353]], device='cuda:0')
5979 tensor([[ 0.1508,  0.1206],
        [ 0.0738,  0.0377],
        [-0.1666, -0.1082],
        [-0.1034, -0.0352]], device='cuda:0')
5980 tensor([[ 0.1508,  0.1205],
        [ 0.0737,  0.0377],
        [-0.1665, -0.1081],
        [-0.1033, -0.0352]], device='cuda:0')
5981 tensor([[ 0.1508,  0.1204],
        [ 0.0737,  0.0376],
        [-0.1665, -0.1080],
        [-0.1032, -0.0351]], device='cuda:0')
5982 tensor([[ 0.1507,  0.1203],
        [ 0.0736,  0.0375],
        [-0.1664, -0.1079],
        [-0.1031, -0.0350]], device='cuda:0')
5983 tensor([[ 0.1506,  0.1202],
        [ 0.0735,  0.0374],
        [-0.1664, -0.1078],
        [-0.1031, -0.0349]], device='cuda:0')
5984 tensor([[ 0.1506,  0.1201],
        [ 0.0735,  0.0373],
        [-0.1663, -0.1077],
        [-0.1030, -0.0348]], device='cuda:0')
5985 tensor([[ 0.1505,  0.1200],
        [ 0.0734,  0.0372],
        [-0.1662, -0.1076],
        [-0.1029, -0.0348]], device='cuda:0')
5986 tensor([[ 0.1505,  0.1199],
        [ 0.0733,  0.0371],
        [-0.1662, -0.1075],
        [-0.1028, -0.0347]], device='cuda:0')
5987 tensor([[ 0.1504,  0.1198],
        [ 0.0732,  0.0370],
        [-0.1661, -0.1074],
        [-0.1028, -0.0346]], device='cuda:0')
5988 tensor([[ 0.1504,  0.1197],
        [ 0.0732,  0.0370],
        [-0.1660, -0.1073],
        [-0.1027, -0.0345]], device='cuda:0')
5989 tensor([[ 0.1503,  0.1196],
        [ 0.0731,  0.0369],
        [-0.1660, -0.1072],
        [-0.1026, -0.0344]], device='cuda:0')
5990 tensor([[ 0.1502,  0.1195],
        [ 0.0730,  0.0368],
        [-0.1659, -0.1071],
        [-0.1026, -0.0344]], device='cuda:0')
5991 tensor([[ 0.1502,  0.1194],
        [ 0.0730,  0.0367],
        [-0.1659, -0.1071],
        [-0.1025, -0.0343]], device='cuda:0')
5992 tensor([[ 0.1501,  0.1193],
        [ 0.0729,  0.0366],
        [-0.1658, -0.1070],
        [-0.1024, -0.0342]], device='cuda:0')
5993 tensor([[ 0.1501,  0.1192],
        [ 0.0728,  0.0365],
        [-0.1657, -0.1069],
        [-0.1023, -0.0341]], device='cuda:0')
5994 tensor([[ 0.1500,  0.1191],
        [ 0.0728,  0.0365],
        [-0.1657, -0.1068],
        [-0.1022, -0.0341]], device='cuda:0')
5995 tensor([[ 0.1500,  0.1190],
        [ 0.0727,  0.0364],
        [-0.1656, -0.1067],
        [-0.1021, -0.0340]], device='cuda:0')
5996 tensor([[ 0.1499,  0.1189],
        [ 0.0726,  0.0363],
        [-0.1655, -0.1066],
        [-0.1020, -0.0339]], device='cuda:0')
5997 tensor([[ 0.1498,  0.1188],
        [ 0.0725,  0.0362],
        [-0.1654, -0.1065],
        [-0.1019, -0.0338]], device='cuda:0')
5998 tensor([[ 0.1498,  0.1187],
        [ 0.0724,  0.0361],
        [-0.1653, -0.1064],
        [-0.1018, -0.0338]], device='cuda:0')
5999 tensor([[ 0.1497,  0.1186],
        [ 0.0723,  0.0361],
        [-0.1652, -0.1063],
        [-0.1018, -0.0337]], device='cuda:0')
6000 tensor([[ 0.1496,  0.1185],
        [ 0.0722,  0.0360],
        [-0.1652, -0.1062],
        [-0.1017, -0.0336]], device='cuda:0')
6001 tensor([[ 0.1495,  0.1184],
        [ 0.0721,  0.0359],
        [-0.1651, -0.1062],
        [-0.1016, -0.0335]], device='cuda:0')
6002 tensor([[ 0.1494,  0.1183],
        [ 0.0721,  0.0358],
        [-0.1650, -0.1061],
        [-0.1015, -0.0335]], device='cuda:0')
6003 tensor([[ 0.1494,  0.1182],
        [ 0.0720,  0.0357],
        [-0.1649, -0.1060],
        [-0.1014, -0.0334]], device='cuda:0')
6004 tensor([[ 0.1493,  0.1181],
        [ 0.0719,  0.0357],
        [-0.1648, -0.1059],
        [-0.1013, -0.0333]], device='cuda:0')
6005 tensor([[ 0.1492,  0.1180],
        [ 0.0718,  0.0356],
        [-0.1648, -0.1058],
        [-0.1012, -0.0332]], device='cuda:0')
6006 tensor([[ 0.1491,  0.1179],
        [ 0.0717,  0.0355],
        [-0.1647, -0.1057],
        [-0.1012, -0.0332]], device='cuda:0')
6007 tensor([[ 0.1491,  0.1178],
        [ 0.0716,  0.0354],
        [-0.1646, -0.1056],
        [-0.1011, -0.0331]], device='cuda:0')
6008 tensor([[ 0.1490,  0.1177],
        [ 0.0715,  0.0353],
        [-0.1645, -0.1055],
        [-0.1010, -0.0330]], device='cuda:0')
6009 tensor([[ 0.1489,  0.1176],
        [ 0.0715,  0.0353],
        [-0.1644, -0.1055],
        [-0.1009, -0.0330]], device='cuda:0')
6010 tensor([[ 0.1489,  0.1176],
        [ 0.0714,  0.0352],
        [-0.1643, -0.1054],
        [-0.1008, -0.0329]], device='cuda:0')
6011 tensor([[ 0.1488,  0.1175],
        [ 0.0713,  0.0351],
        [-0.1642, -0.1053],
        [-0.1007, -0.0328]], device='cuda:0')
6012 tensor([[ 0.1487,  0.1174],
        [ 0.0712,  0.0350],
        [-0.1641, -0.1052],
        [-0.1006, -0.0328]], device='cuda:0')
6013 tensor([[ 0.1486,  0.1173],
        [ 0.0711,  0.0350],
        [-0.1640, -0.1051],
        [-0.1005, -0.0327]], device='cuda:0')
6014 tensor([[ 0.1485,  0.1172],
        [ 0.0710,  0.0349],
        [-0.1639, -0.1051],
        [-0.1004, -0.0326]], device='cuda:0')
6015 tensor([[ 0.1484,  0.1171],
        [ 0.0709,  0.0348],
        [-0.1638, -0.1050],
        [-0.1003, -0.0326]], device='cuda:0')
6016 tensor([[ 0.1483,  0.1170],
        [ 0.0708,  0.0347],
        [-0.1637, -0.1049],
        [-0.1002, -0.0325]], device='cuda:0')
6017 tensor([[ 0.1482,  0.1169],
        [ 0.0707,  0.0347],
        [-0.1636, -0.1048],
        [-0.1001, -0.0324]], device='cuda:0')
6018 tensor([[ 0.1481,  0.1168],
        [ 0.0706,  0.0346],
        [-0.1636, -0.1047],
        [-0.1000, -0.0324]], device='cuda:0')
6019 tensor([[ 0.1480,  0.1168],
        [ 0.0705,  0.0345],
        [-0.1635, -0.1046],
        [-0.0999, -0.0323]], device='cuda:0')
6020 tensor([[ 0.1479,  0.1167],
        [ 0.0704,  0.0345],
        [-0.1634, -0.1046],
        [-0.0998, -0.0322]], device='cuda:0')
6021 tensor([[ 0.1479,  0.1166],
        [ 0.0703,  0.0344],
        [-0.1633, -0.1045],
        [-0.0998, -0.0322]], device='cuda:0')
6022 tensor([[ 0.1478,  0.1165],
        [ 0.0703,  0.0343],
        [-0.1632, -0.1044],
        [-0.0997, -0.0321]], device='cuda:0')
6023 tensor([[ 0.1477,  0.1164],
        [ 0.0702,  0.0342],
        [-0.1631, -0.1043],
        [-0.0996, -0.0320]], device='cuda:0')
6024 tensor([[ 0.1476,  0.1163],
        [ 0.0701,  0.0342],
        [-0.1630, -0.1043],
        [-0.0995, -0.0320]], device='cuda:0')
6025 tensor([[ 0.1475,  0.1162],
        [ 0.0700,  0.0341],
        [-0.1629, -0.1042],
        [-0.0994, -0.0319]], device='cuda:0')
6026 tensor([[ 0.1474,  0.1162],
        [ 0.0699,  0.0340],
        [-0.1628, -0.1041],
        [-0.0993, -0.0318]], device='cuda:0')
6027 tensor([[ 0.1473,  0.1161],
        [ 0.0698,  0.0340],
        [-0.1627, -0.1040],
        [-0.0992, -0.0318]], device='cuda:0')
6028 tensor([[ 0.1472,  0.1160],
        [ 0.0698,  0.0339],
        [-0.1625, -0.1040],
        [-0.0991, -0.0317]], device='cuda:0')
6029 tensor([[ 0.1471,  0.1159],
        [ 0.0697,  0.0338],
        [-0.1624, -0.1039],
        [-0.0990, -0.0316]], device='cuda:0')
