83632 0
83632 1
83632 2
83632 3
83632 5
83646 1
83647 0
83647 2
83647 4
83648 3
83662 0
83662 1
83662 2
83662 3
83662 5
83676 1
83677 0
83677 2
83677 4
83678 3
83692 0
83692 1
83692 2
83692 3
83692 5
83706 1
83707 0
83707 2
83707 4
83708 3
83722 0
83722 1
83722 2
83722 3
83722 5
83736 1
83737 0
83737 2
83737 4
83737 5
83738 3
83750 1
83751 4
83752 0
83752 2
83752 4
83754 3
83766 1
83767 0
83767 2
83767 4
83768 3
83782 0
83782 1
83782 2
83782 3
83782 4
83796 3
83797 0
83797 2
83797 5
83798 1
83812 0
83812 1
83812 2
83812 3
83812 4
83826 3
83827 0
83827 2
83827 4
83827 5
83828 1
83840 3
83841 5
83842 0
83842 2
83842 5
83844 1
83856 3
83857 0
83857 2
83857 5
83858 1
83872 0
83872 1
83872 2
83872 3
83872 4
83886 3
83887 0
83887 2
83887 5
83888 1
83902 0
83902 1
83902 2
83902 3
83902 4
83916 3
83917 0
83917 2
83917 5
83918 1
83932 0
83932 1
83932 2
83932 3
83932 4
83946 3
83947 0
83947 2
83947 5
83948 1
83962 0
83962 1
83962 2
83962 3
83962 4
83976 3
83977 0
83977 2
83977 5
83978 1
83992 0
83992 1
83992 2
83992 3
83992 4
84006 3
84007 0
84007 2
84007 5
84008 1
84022 0
84022 1
84022 2
84022 3
84022 4
84036 3
84037 0
84037 2
84037 5
84038 1
84052 0
84052 1
84052 2
84052 3
84052 5
84066 1
84067 0
84067 2
84067 4
84068 3
84082 0
84082 1
84082 2
84082 3
84082 4
84096 3
84097 0
84097 2
84097 5
84098 1
84112 0
84112 1
84112 2
84112 3
84112 5
84126 1
84127 0
84127 2
84127 4
84128 3
84142 0
84142 1
84142 2
84142 3
84142 5
84156 1
84157 0
84157 2
84157 4
84158 3
84172 0
84172 1
84172 2
84172 3
84172 5
84186 1
84187 0
84187 2
84187 4
84188 3
84202 0
84202 1
84202 2
84202 3
84202 4
84216 3
84217 0
84217 2
84217 4
84217 5
84218 1
84230 3
84231 5
84232 0
84232 2
84232 5
84234 1
84246 3
84247 0
84247 2
84247 5
84248 1
84262 0
84262 1
84262 2
84262 3
84262 5
84276 1
84277 0
84277 2
84277 4
84278 3
84292 0
84292 1
84292 2
84292 3
84292 5
84306 1
84307 0
84307 2
84307 4
84308 3
84322 0
84322 1
84322 2
84322 3
84322 5
84336 1
84337 0
84337 2
84337 4
84338 3
84352 0
84352 1
84352 2
84352 3
84352 5
84366 1
84367 0
84367 2
84367 4
84368 3
84382 0
84382 1
84382 2
84382 3
84382 5
84396 1
84397 0
84397 2
84397 4
84398 3
84412 0
84412 1
84412 2
84412 3
84412 4
84426 3
84427 0
84427 2
84427 5
84428 1
84442 0
84442 1
84442 2
84442 3
84442 4
84456 3
84457 0
84457 2
84457 5
84458 1
84472 0
84472 1
84472 2
84472 3
84472 5
84486 1
84487 0
84487 2
84487 4
84487 5
84488 3
84500 1
84501 4
84502 0
84502 2
84502 4
84504 3
84516 1
84517 0
84517 2
84517 4
84517 5
84518 3
84530 1
84531 4
84532 0
84532 2
84532 4
84534 3
84546 1
84547 0
84547 2
84547 4
84547 5
84548 3
84560 1
84561 4
84562 0
84562 2
84562 5
84564 3
84574 1
84575 4
84577 0
84577 2
84577 4
84580 3
84590 1
84591 0
84591 4
84592 4
84593 2
84594 3
84606 0
84606 1
84607 4
84608 2
84608 3
84621 0
84622 1
84622 3
84622 5
84623 2
84636 0
84636 1
84637 4
84638 2
84638 3
84651 0
84652 1
84652 3
84652 5
84653 2
84666 0
84666 1
84667 4
84667 5
84668 2
84668 3
84680 1
84681 0
84681 4
84682 5
84683 2
84684 3
84694 1
84695 4
84696 0
84697 4
84698 2
84700 3
84701 5
84710 0
84710 1
84711 4
84712 4
84714 2
84714 3
84715 5
84725 0
84726 1
84727 4
84728 3
84729 2
84730 5
84740 0
84742 1
84742 3
84742 4
84744 2
84755 0
84757 1
84757 3
84757 4
84759 2
84770 0
84771 3
84772 4
84773 1
84774 2
84785 0
84785 3
84787 5
84789 1
84789 2
84800 0
84801 3
84801 4
84802 4
84803 1
84804 2
84815 3
84816 0
84817 4
84818 2
84819 1
84829 3
84831 0
84832 4
84833 2
84835 1
84843 3
84846 0
84847 5
84848 2
84851 1
84859 3
84861 0
84862 4
84863 2
84865 1
84873 3
84874 5
84877 0
84877 2
84877 5
84881 1
84889 3
84890 5
84892 0
84892 2
84892 4
84895 1
84903 3
84904 5
84907 0
84907 2
84907 5
84911 1
84919 3
84920 5
84921 2
84922 4
84923 0
84925 1
84926 4
84933 3
84934 5
84936 2
84937 5
84938 0
84941 1
84942 4
84949 3
84950 5
84951 2
84952 5
84953 0
84955 1
84956 4
84965 2
84965 3
84966 5
84967 4
84969 0
84969 1
84970 4
84979 3
84980 2
84980 5
84982 5
84984 0
84985 1
84986 4
84995 2
84995 3
84996 5
84997 5
84999 0
84999 1
85000 4
85010 2
85011 3
85012 5
85013 1
85014 0
85015 4
85025 2
85027 1
85027 3
85027 4
85029 0
85040 2
85040 3
85041 5
85042 5
85044 0
85044 1
85045 4
85054 2
85056 3
85057 5
85058 1
85060 0
85061 4
85069 2
85072 1
85072 3
85072 5
85075 0
85084 2
85086 1
85087 4
85088 3
85090 0
85099 2
85102 1
85102 3
85102 5
85105 0
85114 2
85116 1
85117 5
85118 3
85120 0
85129 2
85131 1
85132 5
85133 3
85135 0
85145 1
85145 2
85147 5
85149 0
85149 3
85159 1
85160 2
85160 4
85162 4
85164 0
85165 3
85175 1
85175 2
85177 5
85179 0
85179 3
85189 1
85190 2
85190 4
85192 5
85194 0
85195 3
85203 1
85204 4
85206 2
85207 5
85208 0
85211 3
85217 1
85218 4
85221 2
85222 4
85223 0
85227 3
85233 1
85234 4
85236 2
85237 5
85238 0
85241 3
85247 1
85248 4
85252 0
85252 2
85252 5
85257 3
85261 1
85262 4
85267 0
85267 2
85267 4
85273 3
85277 1
85278 4
85281 0
85282 4
85283 2
85287 3
85288 5
85293 1
85294 4
85296 0
85297 4
85298 2
85301 3
85302 5
85309 1
85310 0
85310 4
85312 5
85314 2
85315 3
85316 5
85323 1
85324 4
85325 0
85327 4
85329 2
85331 3
85332 5
85339 1
85340 0
85340 4
85342 4
85344 2
85345 3
85346 5
85355 0
85355 1
85356 4
85357 4
85359 2
85359 3
85360 5
85369 0
85371 1
85372 4
85372 5
85373 3
85375 2
85384 0
85385 1
85386 4
85387 4
85389 3
85390 2
85391 5
85399 0
85400 1
85401 4
85402 4
85404 3
85405 2
85406 5
85414 0
85415 4
85416 1
85417 5
85418 3
85420 2
85421 5
85429 0
85430 1
85430 4
85432 4
85434 3
85435 2
85436 5
85444 0
85445 4
85446 1
85447 4
85448 3
85450 2
85451 5
85459 0
85460 4
85462 1
85462 3
85462 4
85465 2
85473 0
85474 4
85477 1
85477 3
85477 4
85481 2
