191152 0
191152 1
191152 2
191152 3
191152 5
191166 1
191167 0
191167 2
191167 4
191168 3
191182 0
191182 1
191182 2
191182 3
191182 4
191196 3
191197 0
191197 2
191197 5
191198 1
191212 0
191212 1
191212 2
191212 3
191212 4
191226 3
191227 0
191227 2
191227 5
191228 1
191242 0
191242 1
191242 2
191242 3
191242 4
191256 3
191257 0
191257 2
191257 5
191258 1
191272 0
191272 1
191272 2
191272 3
191272 4
191286 3
191287 0
191287 2
191287 5
191288 1
191302 0
191302 1
191302 2
191302 3
191302 4
191316 3
191317 0
191317 2
191317 5
191318 1
191332 0
191332 1
191332 2
191332 3
191332 4
191346 3
191347 0
191347 2
191347 5
191348 1
191362 0
191362 1
191362 2
191362 3
191362 4
191376 3
191377 0
191377 2
191377 5
191378 1
191392 0
191392 1
191392 2
191392 3
191392 4
191406 3
191407 0
191407 2
191407 5
191408 1
191422 0
191422 1
191422 2
191422 3
191422 4
191436 3
191437 0
191437 2
191437 5
191438 1
191452 0
191452 1
191452 2
191452 3
191452 4
191466 3
191467 0
191467 2
191467 5
191468 1
191482 0
191482 1
191482 2
191482 3
191482 4
191496 3
191497 0
191497 2
191497 5
191498 1
191512 0
191512 1
191512 2
191512 3
191512 4
191526 3
191527 0
191527 2
191527 5
191528 1
191542 0
191542 1
191542 2
191542 3
191542 4
191556 3
191557 0
191557 2
191557 5
191558 1
191572 0
191572 1
191572 2
191572 3
191572 4
191586 3
191587 0
191587 2
191587 5
191588 1
191602 0
191602 1
191602 2
191602 3
191602 4
191616 3
191617 0
191617 2
191617 5
191618 1
191632 0
191632 1
191632 2
191632 3
191632 4
191646 3
191647 0
191647 2
191647 5
191648 1
191662 0
191662 1
191662 2
191662 3
191662 5
191676 1
191677 0
191677 2
191677 4
191678 3
191692 0
191692 1
191692 2
191692 3
191692 5
191706 1
191707 0
191707 2
191707 4
191708 3
191722 0
191722 1
191722 2
191722 3
191722 5
191736 1
191737 0
191737 2
191737 4
191738 3
191752 0
191752 1
191752 2
191752 3
191752 5
191766 1
191767 0
191767 2
191767 4
191768 3
191782 0
191782 1
191782 2
191782 3
191782 5
191796 1
191797 0
191797 2
191797 4
191798 3
191812 0
191812 1
191812 2
191812 3
191812 5
191826 1
191827 0
191827 2
191827 4
191828 3
191842 0
191842 1
191842 2
191842 3
191842 4
191856 3
191857 0
191857 2
191857 5
191858 1
191872 0
191872 1
191872 2
191872 3
191872 4
191886 3
191887 0
191887 2
191887 5
191888 1
191902 0
191902 1
191902 2
191902 3
191902 4
191916 3
191917 0
191917 2
191917 5
191918 1
191932 0
191932 1
191932 2
191932 3
191932 4
191946 3
191947 0
191947 2
191947 5
191948 1
191962 0
191962 1
191962 2
191962 3
191962 4
191976 3
191977 0
191977 2
191977 5
191978 1
191992 0
191992 1
191992 2
191992 3
191992 4
192006 3
192007 0
192007 2
192007 5
192008 1
192022 0
192022 1
192022 2
192022 3
192022 4
192036 3
192037 0
192037 2
192037 5
192038 1
192052 0
192052 1
192052 2
192052 3
192052 4
192066 3
192067 0
192067 2
192067 5
192068 1
192082 0
192082 1
192082 2
192082 3
192082 4
192096 3
192097 0
192097 2
192097 4
192097 5
192098 1
192110 3
192111 5
192112 0
192112 2
192112 5
192114 1
192126 3
192127 0
192127 2
192127 4
192127 5
192128 1
192140 3
192141 5
192142 0
192142 2
192142 5
192144 1
192156 3
192157 0
192157 2
192157 5
192158 1
192172 0
192172 1
192172 2
192172 3
192172 4
192186 3
192187 0
192187 2
192187 5
192188 1
192202 0
192202 1
192202 2
192202 3
192202 4
192216 3
192217 0
192217 2
192217 5
192218 1
192232 0
192232 1
192232 2
192232 3
192232 4
192246 3
192247 0
192247 2
192247 5
192248 1
192262 0
192262 1
192262 2
192262 3
192262 4
192276 3
192277 0
192277 2
192277 5
192278 1
192292 0
192292 1
192292 2
192292 3
192292 4
192306 3
192307 0
192307 2
192307 5
192308 1
192322 0
192322 1
192322 2
192322 3
192322 4
192336 3
192337 0
192337 2
192337 5
192338 1
192351 2
192352 1
192352 3
192352 5
192353 0
192366 1
192367 0
192367 2
192367 4
192368 3
192382 0
192382 1
192382 2
192382 3
192382 5
192396 1
192397 0
192397 2
192397 4
192398 3
192412 0
192412 1
192412 2
192412 3
192412 5
192426 1
192427 0
192427 2
192427 4
192428 3
192442 0
192442 1
192442 2
192442 3
192442 5
192456 1
192457 0
192457 2
192457 4
192457 5
192458 3
192470 1
192471 4
192472 0
192472 2
192472 4
192474 3
192486 1
192487 0
192487 2
192487 4
192488 3
192502 0
192502 1
192502 2
192502 3
192502 5
192516 1
192517 0
192517 2
192517 4
192518 3
192532 0
192532 1
192532 2
192532 3
192532 5
192546 1
192547 0
192547 2
192547 4
192548 3
192562 0
192562 1
192562 2
192562 3
192562 5
192576 1
192577 0
192577 2
192577 4
192578 3
192591 0
192592 1
192592 3
192592 4
192593 2
192606 0
192606 3
192607 5
192608 1
192608 2
192621 0
192622 1
192622 3
192622 4
192623 2
192636 0
192636 3
192637 5
192638 1
192638 2
192652 0
192652 1
192652 2
192652 3
192652 5
192666 0
192666 1
192667 4
192668 2
192668 3
192681 0
192682 1
192682 3
192682 4
192683 2
192696 0
192696 3
192697 4
192698 1
192698 2
192710 3
192711 0
192711 5
192712 5
192713 2
192714 1
192726 3
192727 0
192727 2
192727 4
192727 5
192728 1
192740 3
192741 5
192742 0
192742 2
192742 5
192744 1
192757 0
192757 1
192757 2
192757 3
192757 4
192771 3
192772 0
192772 2
192772 5
192773 1
192787 0
192787 1
192787 2
192787 3
192787 4
192801 3
192802 0
192802 2
192802 5
192803 1
192817 0
192817 1
192817 2
192817 3
192817 4
192831 3
192832 0
192832 2
192832 5
192833 1
192847 0
192847 1
192847 2
192847 3
192847 4
192861 3
192862 0
192862 2
192862 5
192863 1
192877 0
192877 1
192877 2
192877 3
192877 4
192890 3
192891 2
192891 5
192892 5
192893 0
192894 1
192906 2
192906 3
192907 5
192908 0
192908 1
192921 2
192922 1
192922 3
192922 4
192923 0
192936 2
192936 3
192937 5
192938 0
192938 1
192951 2
192952 1
192952 3
192952 4
192953 0
192966 2
192966 3
192967 5
192968 0
192968 1
192981 2
192982 1
192982 3
192982 4
192983 0
192996 2
192996 3
192997 5
192998 0
192998 1
193011 2
193012 1
193012 3
193012 5
193013 0
193026 1
193026 2
193027 4
193028 0
193028 3
193041 2
193042 1
193042 3
193042 5
193043 0
193056 1
193056 2
193057 4
193058 0
193058 3
193071 2
193072 1
193072 3
193072 5
193073 0
193086 1
193086 2
193087 4
193088 0
193088 3
193102 0
193102 1
193102 2
193102 3
193102 5
193116 1
193116 2
193117 5
193118 0
193118 3
193130 1
193131 4
193132 0
193132 2
193132 4
193134 3
193146 1
193147 0
193147 2
193147 4
193147 5
193148 3
193160 1
193161 4
193162 0
193162 2
193162 4
193164 3
193176 1
193177 0
193177 2
193177 4
193177 5
193178 3
193190 1
193191 4
193192 0
193192 2
193192 4
193194 3
193206 1
193207 0
193207 2
193207 4
193208 3
193222 0
193222 1
193222 2
193222 3
193222 5
193236 1
193237 0
193237 2
193237 4
193237 5
193238 3
193250 1
193251 4
193252 0
193252 2
193252 4
193254 3
193266 0
193266 1
193267 4
193268 2
193268 3
193281 0
193282 1
193282 3
193282 5
193283 2
193296 0
193296 1
193297 4
193298 2
193298 3
193311 0
193312 1
193312 3
193312 5
193313 2
193326 0
193326 1
193327 4
193328 2
193328 3
193341 0
193342 1
193342 3
193342 4
193343 2
193356 0
193356 3
193357 5
193358 1
193358 2
193371 0
193372 1
193372 3
193372 4
193373 2
193386 0
193386 3
193387 5
193388 1
193388 2
193401 0
193402 1
193402 3
193402 4
193403 2
193416 0
193416 3
193417 5
193418 1
193418 2
193431 0
193432 1
193432 3
193432 4
193433 2
193446 0
193446 3
193447 4
193448 1
193448 2
193460 3
193461 0
193461 5
193462 5
193463 2
193464 1
193476 0
193477 1
193477 3
193477 4
193478 2
193491 3
193492 0
193492 2
193492 5
193493 1
193507 0
193507 1
193507 2
193507 3
193507 4
193521 3
193522 0
193522 2
193522 4
193522 5
193523 1
193535 3
193536 5
193537 0
193537 2
193537 5
193539 1
193551 3
193552 0
193552 2
193552 5
193553 1
193567 0
193567 1
193567 2
193567 3
193567 4
193581 3
193582 0
193582 2
193582 5
193583 1
193597 0
193597 1
193597 2
193597 3
193597 4
193611 3
193612 0
193612 2
193612 5
193613 1
193626 2
193627 1
193627 3
193627 4
193628 0
193640 3
193641 2
193641 5
193642 5
193643 0
193644 1
193656 2
193656 3
193657 5
193658 0
193658 1
193671 2
193672 1
193672 3
193672 4
193673 0
193686 2
193686 3
193687 5
193688 0
193688 1
193701 2
193702 1
193702 3
193702 4
193703 0
193716 2
193716 3
193717 5
193718 0
193718 1
193731 2
193732 1
193732 3
193732 4
193733 0
193746 2
193746 3
193747 5
193748 0
193748 1
193761 2
193762 1
193762 3
193762 5
193763 0
193776 1
193776 2
193777 4
193778 0
193778 3
193791 2
193792 1
193792 3
193792 5
193793 0
193806 1
193806 2
193807 4
193808 0
193808 3
193821 2
193822 1
193822 3
193822 5
193823 0
193836 1
193836 2
193837 5
193838 0
193838 3
193850 1
193851 2
193851 4
193852 4
193853 0
193854 3
193866 1
193867 0
193867 2
193867 4
193867 5
193868 3
193880 1
193881 4
193882 0
193882 2
193882 4
193884 3
193896 1
193897 0
193897 2
193897 4
193897 5
193898 3
193910 1
193911 4
193912 0
193912 2
193912 4
193914 3
193926 1
193927 0
193927 2
193927 4
193927 5
193928 3
193940 1
193941 4
193942 0
193942 2
193942 4
193944 3
193956 1
193957 0
193957 2
193957 4
193957 5
193958 3
193970 1
193971 4
193972 0
193972 2
193972 4
193974 3
193986 1
193987 0
193987 2
193987 4
193987 5
193988 3
194000 1
194001 0
194001 4
194002 4
194003 2
194004 3
194016 0
194016 1
194017 4
194017 5
194018 2
194018 3
194030 1
194031 0
194031 4
194032 4
194033 2
194034 3
194046 0
194046 1
194047 4
194048 2
194048 3
194061 0
194062 1
194062 3
194062 5
194063 2
194076 0
194076 1
194077 4
194078 2
194078 3
194091 0
194092 1
194092 3
194092 4
194093 2
194106 0
194106 3
194107 5
194108 1
194108 2
194121 0
194122 1
194122 3
194122 4
194123 2
194136 0
194136 3
194137 4
194138 1
194138 2
194150 3
194151 0
194152 4
194153 2
194154 1
