2895 tensor([[ 0.0480,  0.0434],
        [ 0.0510,  0.0312],
        [-0.0636, -0.0311],
        [-0.0798, -0.0297]], device='cuda:0')
2896 tensor([[ 0.0481,  0.0435],
        [ 0.0511,  0.0313],
        [-0.0637, -0.0313],
        [-0.0798, -0.0298]], device='cuda:0')
2897 tensor([[ 0.0482,  0.0437],
        [ 0.0511,  0.0314],
        [-0.0639, -0.0314],
        [-0.0799, -0.0298]], device='cuda:0')
2898 tensor([[ 0.0483,  0.0438],
        [ 0.0511,  0.0314],
        [-0.0640, -0.0315],
        [-0.0799, -0.0299]], device='cuda:0')
2899 tensor([[ 0.0485,  0.0439],
        [ 0.0512,  0.0315],
        [-0.0641, -0.0317],
        [-0.0800, -0.0300]], device='cuda:0')
2900 tensor([[ 0.0486,  0.0441],
        [ 0.0512,  0.0316],
        [-0.0642, -0.0318],
        [-0.0800, -0.0300]], device='cuda:0')
2901 tensor([[ 0.0487,  0.0442],
        [ 0.0513,  0.0316],
        [-0.0643, -0.0319],
        [-0.0800, -0.0301]], device='cuda:0')
2902 tensor([[ 0.0488,  0.0443],
        [ 0.0513,  0.0317],
        [-0.0644, -0.0320],
        [-0.0801, -0.0302]], device='cuda:0')
2903 tensor([[ 0.0489,  0.0445],
        [ 0.0513,  0.0318],
        [-0.0645, -0.0322],
        [-0.0801, -0.0302]], device='cuda:0')
2904 tensor([[ 0.0490,  0.0446],
        [ 0.0514,  0.0318],
        [-0.0646, -0.0323],
        [-0.0802, -0.0303]], device='cuda:0')
2905 tensor([[ 0.0491,  0.0447],
        [ 0.0514,  0.0319],
        [-0.0648, -0.0324],
        [-0.0802, -0.0303]], device='cuda:0')
2906 tensor([[ 0.0492,  0.0448],
        [ 0.0515,  0.0320],
        [-0.0649, -0.0325],
        [-0.0803, -0.0304]], device='cuda:0')
2907 tensor([[ 0.0493,  0.0450],
        [ 0.0515,  0.0320],
        [-0.0650, -0.0326],
        [-0.0803, -0.0305]], device='cuda:0')
2908 tensor([[ 0.0494,  0.0451],
        [ 0.0515,  0.0321],
        [-0.0651, -0.0328],
        [-0.0804, -0.0305]], device='cuda:0')
2909 tensor([[ 0.0495,  0.0452],
        [ 0.0516,  0.0322],
        [-0.0652, -0.0329],
        [-0.0804, -0.0306]], device='cuda:0')
2910 tensor([[ 0.0496,  0.0453],
        [ 0.0516,  0.0322],
        [-0.0653, -0.0330],
        [-0.0804, -0.0306]], device='cuda:0')
2911 tensor([[ 0.0497,  0.0454],
        [ 0.0516,  0.0323],
        [-0.0654, -0.0331],
        [-0.0805, -0.0307]], device='cuda:0')
2912 tensor([[ 0.0498,  0.0456],
        [ 0.0517,  0.0323],
        [-0.0655, -0.0332],
        [-0.0805, -0.0308]], device='cuda:0')
2913 tensor([[ 0.0499,  0.0457],
        [ 0.0517,  0.0324],
        [-0.0656, -0.0333],
        [-0.0806, -0.0308]], device='cuda:0')
2914 tensor([[ 0.0500,  0.0458],
        [ 0.0517,  0.0325],
        [-0.0657, -0.0335],
        [-0.0806, -0.0309]], device='cuda:0')
2915 tensor([[ 0.0501,  0.0459],
        [ 0.0518,  0.0325],
        [-0.0658, -0.0336],
        [-0.0807, -0.0309]], device='cuda:0')
2916 tensor([[ 0.0502,  0.0460],
        [ 0.0518,  0.0326],
        [-0.0659, -0.0337],
        [-0.0807, -0.0310]], device='cuda:0')
2917 tensor([[ 0.0503,  0.0462],
        [ 0.0518,  0.0326],
        [-0.0660, -0.0338],
        [-0.0807, -0.0310]], device='cuda:0')
2918 tensor([[ 0.0504,  0.0463],
        [ 0.0519,  0.0327],
        [-0.0661, -0.0339],
        [-0.0808, -0.0311]], device='cuda:0')
2919 tensor([[ 0.0505,  0.0464],
        [ 0.0519,  0.0328],
        [-0.0662, -0.0340],
        [-0.0808, -0.0312]], device='cuda:0')
2920 tensor([[ 0.0506,  0.0465],
        [ 0.0520,  0.0329],
        [-0.0663, -0.0341],
        [-0.0809, -0.0313]], device='cuda:0')
2921 tensor([[ 0.0507,  0.0466],
        [ 0.0520,  0.0330],
        [-0.0664, -0.0342],
        [-0.0809, -0.0314]], device='cuda:0')
2922 tensor([[ 0.0507,  0.0467],
        [ 0.0520,  0.0331],
        [-0.0665, -0.0343],
        [-0.0809, -0.0314]], device='cuda:0')
2923 tensor([[ 0.0508,  0.0468],
        [ 0.0521,  0.0332],
        [-0.0666, -0.0345],
        [-0.0810, -0.0315]], device='cuda:0')
2924 tensor([[ 0.0509,  0.0470],
        [ 0.0521,  0.0333],
        [-0.0667, -0.0346],
        [-0.0810, -0.0316]], device='cuda:0')
2925 tensor([[ 0.0510,  0.0471],
        [ 0.0521,  0.0334],
        [-0.0668, -0.0347],
        [-0.0811, -0.0317]], device='cuda:0')
2926 tensor([[ 0.0511,  0.0472],
        [ 0.0522,  0.0335],
        [-0.0669, -0.0348],
        [-0.0811, -0.0318]], device='cuda:0')
2927 tensor([[ 0.0512,  0.0473],
        [ 0.0522,  0.0336],
        [-0.0670, -0.0349],
        [-0.0811, -0.0319]], device='cuda:0')
2928 tensor([[ 0.0513,  0.0474],
        [ 0.0522,  0.0337],
        [-0.0671, -0.0350],
        [-0.0812, -0.0320]], device='cuda:0')
2929 tensor([[ 0.0514,  0.0475],
        [ 0.0523,  0.0338],
        [-0.0672, -0.0351],
        [-0.0812, -0.0321]], device='cuda:0')
2930 tensor([[ 0.0515,  0.0476],
        [ 0.0523,  0.0339],
        [-0.0673, -0.0352],
        [-0.0813, -0.0321]], device='cuda:0')
2931 tensor([[ 0.0516,  0.0477],
        [ 0.0523,  0.0339],
        [-0.0674, -0.0353],
        [-0.0813, -0.0322]], device='cuda:0')
2932 tensor([[ 0.0517,  0.0478],
        [ 0.0524,  0.0340],
        [-0.0675, -0.0354],
        [-0.0813, -0.0323]], device='cuda:0')
2933 tensor([[ 0.0517,  0.0479],
        [ 0.0524,  0.0341],
        [-0.0676, -0.0355],
        [-0.0814, -0.0324]], device='cuda:0')
2934 tensor([[ 0.0518,  0.0480],
        [ 0.0525,  0.0342],
        [-0.0677, -0.0356],
        [-0.0814, -0.0325]], device='cuda:0')
2935 tensor([[ 0.0519,  0.0481],
        [ 0.0526,  0.0343],
        [-0.0678, -0.0357],
        [-0.0815, -0.0326]], device='cuda:0')
2936 tensor([[ 0.0520,  0.0482],
        [ 0.0526,  0.0343],
        [-0.0679, -0.0358],
        [-0.0815, -0.0327]], device='cuda:0')
2937 tensor([[ 0.0521,  0.0483],
        [ 0.0527,  0.0344],
        [-0.0679, -0.0359],
        [-0.0816, -0.0328]], device='cuda:0')
2938 tensor([[ 0.0522,  0.0484],
        [ 0.0528,  0.0345],
        [-0.0680, -0.0360],
        [-0.0817, -0.0328]], device='cuda:0')
2939 tensor([[ 0.0523,  0.0485],
        [ 0.0528,  0.0346],
        [-0.0681, -0.0361],
        [-0.0817, -0.0329]], device='cuda:0')
2940 tensor([[ 0.0524,  0.0486],
        [ 0.0529,  0.0347],
        [-0.0682, -0.0363],
        [-0.0818, -0.0330]], device='cuda:0')
2941 tensor([[ 0.0525,  0.0487],
        [ 0.0530,  0.0347],
        [-0.0683, -0.0364],
        [-0.0818, -0.0331]], device='cuda:0')
2942 tensor([[ 0.0526,  0.0488],
        [ 0.0530,  0.0348],
        [-0.0684, -0.0365],
        [-0.0819, -0.0332]], device='cuda:0')
2943 tensor([[ 0.0527,  0.0489],
        [ 0.0531,  0.0349],
        [-0.0684, -0.0366],
        [-0.0820, -0.0333]], device='cuda:0')
2944 tensor([[ 0.0527,  0.0490],
        [ 0.0532,  0.0350],
        [-0.0685, -0.0367],
        [-0.0820, -0.0334]], device='cuda:0')
2945 tensor([[ 0.0528,  0.0491],
        [ 0.0532,  0.0350],
        [-0.0686, -0.0368],
        [-0.0821, -0.0334]], device='cuda:0')
2946 tensor([[ 0.0529,  0.0492],
        [ 0.0533,  0.0351],
        [-0.0687, -0.0369],
        [-0.0822, -0.0335]], device='cuda:0')
2947 tensor([[ 0.0530,  0.0493],
        [ 0.0534,  0.0352],
        [-0.0688, -0.0370],
        [-0.0822, -0.0336]], device='cuda:0')
2948 tensor([[ 0.0531,  0.0494],
        [ 0.0535,  0.0353],
        [-0.0689, -0.0371],
        [-0.0823, -0.0337]], device='cuda:0')
2949 tensor([[ 0.0533,  0.0495],
        [ 0.0536,  0.0353],
        [-0.0690, -0.0372],
        [-0.0824, -0.0338]], device='cuda:0')
2950 tensor([[ 0.0534,  0.0496],
        [ 0.0537,  0.0354],
        [-0.0691, -0.0373],
        [-0.0825, -0.0338]], device='cuda:0')
2951 tensor([[ 0.0535,  0.0497],
        [ 0.0538,  0.0355],
        [-0.0692, -0.0374],
        [-0.0826, -0.0339]], device='cuda:0')
2952 tensor([[ 0.0536,  0.0498],
        [ 0.0539,  0.0356],
        [-0.0693, -0.0375],
        [-0.0826, -0.0340]], device='cuda:0')
2953 tensor([[ 0.0537,  0.0498],
        [ 0.0540,  0.0356],
        [-0.0694, -0.0376],
        [-0.0827, -0.0341]], device='cuda:0')
2954 tensor([[ 0.0539,  0.0499],
        [ 0.0541,  0.0357],
        [-0.0696, -0.0377],
        [-0.0828, -0.0342]], device='cuda:0')
2955 tensor([[ 0.0540,  0.0500],
        [ 0.0542,  0.0358],
        [-0.0697, -0.0378],
        [-0.0829, -0.0342]], device='cuda:0')
2956 tensor([[ 0.0541,  0.0501],
        [ 0.0543,  0.0359],
        [-0.0698, -0.0379],
        [-0.0830, -0.0343]], device='cuda:0')
2957 tensor([[ 0.0542,  0.0502],
        [ 0.0544,  0.0359],
        [-0.0699, -0.0379],
        [-0.0831, -0.0344]], device='cuda:0')
2958 tensor([[ 0.0543,  0.0503],
        [ 0.0545,  0.0360],
        [-0.0700, -0.0380],
        [-0.0832, -0.0345]], device='cuda:0')
2959 tensor([[ 0.0545,  0.0504],
        [ 0.0546,  0.0361],
        [-0.0701, -0.0381],
        [-0.0833, -0.0346]], device='cuda:0')
2960 tensor([[ 0.0546,  0.0505],
        [ 0.0546,  0.0361],
        [-0.0702, -0.0382],
        [-0.0834, -0.0346]], device='cuda:0')
2961 tensor([[ 0.0547,  0.0505],
        [ 0.0547,  0.0362],
        [-0.0703, -0.0383],
        [-0.0835, -0.0347]], device='cuda:0')
2962 tensor([[ 0.0548,  0.0506],
        [ 0.0548,  0.0363],
        [-0.0704, -0.0384],
        [-0.0836, -0.0348]], device='cuda:0')
2963 tensor([[ 0.0549,  0.0508],
        [ 0.0549,  0.0363],
        [-0.0706, -0.0385],
        [-0.0836, -0.0349]], device='cuda:0')
2964 tensor([[ 0.0550,  0.0509],
        [ 0.0550,  0.0364],
        [-0.0707, -0.0386],
        [-0.0837, -0.0349]], device='cuda:0')
2965 tensor([[ 0.0551,  0.0510],
        [ 0.0551,  0.0365],
        [-0.0708, -0.0387],
        [-0.0838, -0.0350]], device='cuda:0')
2966 tensor([[ 0.0552,  0.0511],
        [ 0.0552,  0.0366],
        [-0.0709, -0.0389],
        [-0.0839, -0.0351]], device='cuda:0')
2967 tensor([[ 0.0553,  0.0513],
        [ 0.0553,  0.0366],
        [-0.0710, -0.0390],
        [-0.0840, -0.0351]], device='cuda:0')
2968 tensor([[ 0.0554,  0.0514],
        [ 0.0554,  0.0367],
        [-0.0711, -0.0391],
        [-0.0841, -0.0352]], device='cuda:0')
2969 tensor([[ 0.0555,  0.0515],
        [ 0.0554,  0.0368],
        [-0.0712, -0.0392],
        [-0.0842, -0.0353]], device='cuda:0')
2970 tensor([[ 0.0556,  0.0516],
        [ 0.0555,  0.0368],
        [-0.0713, -0.0394],
        [-0.0843, -0.0353]], device='cuda:0')
2971 tensor([[ 0.0558,  0.0518],
        [ 0.0556,  0.0369],
        [-0.0714, -0.0395],
        [-0.0844, -0.0354]], device='cuda:0')
2972 tensor([[ 0.0559,  0.0519],
        [ 0.0557,  0.0370],
        [-0.0716, -0.0396],
        [-0.0845, -0.0355]], device='cuda:0')
2973 tensor([[ 0.0560,  0.0520],
        [ 0.0558,  0.0371],
        [-0.0717, -0.0397],
        [-0.0846, -0.0355]], device='cuda:0')
2974 tensor([[ 0.0561,  0.0521],
        [ 0.0559,  0.0371],
        [-0.0718, -0.0398],
        [-0.0846, -0.0356]], device='cuda:0')
2975 tensor([[ 0.0562,  0.0522],
        [ 0.0559,  0.0372],
        [-0.0719, -0.0399],
        [-0.0847, -0.0357]], device='cuda:0')
2976 tensor([[ 0.0563,  0.0524],
        [ 0.0560,  0.0373],
        [-0.0720, -0.0401],
        [-0.0848, -0.0357]], device='cuda:0')
2977 tensor([[ 0.0564,  0.0525],
        [ 0.0561,  0.0373],
        [-0.0721, -0.0402],
        [-0.0849, -0.0358]], device='cuda:0')
2978 tensor([[ 0.0565,  0.0526],
        [ 0.0562,  0.0374],
        [-0.0722, -0.0403],
        [-0.0850, -0.0359]], device='cuda:0')
2979 tensor([[ 0.0566,  0.0528],
        [ 0.0563,  0.0375],
        [-0.0723, -0.0404],
        [-0.0851, -0.0360]], device='cuda:0')
2980 tensor([[ 0.0567,  0.0529],
        [ 0.0563,  0.0376],
        [-0.0724, -0.0406],
        [-0.0852, -0.0361]], device='cuda:0')
2981 tensor([[ 0.0568,  0.0531],
        [ 0.0564,  0.0377],
        [-0.0725, -0.0407],
        [-0.0852, -0.0362]], device='cuda:0')
2982 tensor([[ 0.0568,  0.0532],
        [ 0.0565,  0.0378],
        [-0.0726, -0.0409],
        [-0.0853, -0.0362]], device='cuda:0')
2983 tensor([[ 0.0569,  0.0534],
        [ 0.0566,  0.0379],
        [-0.0727, -0.0410],
        [-0.0854, -0.0363]], device='cuda:0')
2984 tensor([[ 0.0570,  0.0535],
        [ 0.0567,  0.0380],
        [-0.0728, -0.0412],
        [-0.0855, -0.0364]], device='cuda:0')
2985 tensor([[ 0.0571,  0.0537],
        [ 0.0567,  0.0381],
        [-0.0729, -0.0413],
        [-0.0856, -0.0365]], device='cuda:0')
2986 tensor([[ 0.0572,  0.0538],
        [ 0.0568,  0.0382],
        [-0.0730, -0.0415],
        [-0.0857, -0.0366]], device='cuda:0')
2987 tensor([[ 0.0573,  0.0540],
        [ 0.0569,  0.0384],
        [-0.0731, -0.0416],
        [-0.0858, -0.0367]], device='cuda:0')
2988 tensor([[ 0.0574,  0.0541],
        [ 0.0570,  0.0385],
        [-0.0732, -0.0417],
        [-0.0858, -0.0368]], device='cuda:0')
2989 tensor([[ 0.0575,  0.0543],
        [ 0.0570,  0.0386],
        [-0.0733, -0.0419],
        [-0.0859, -0.0369]], device='cuda:0')
2990 tensor([[ 0.0576,  0.0544],
        [ 0.0571,  0.0386],
        [-0.0734, -0.0420],
        [-0.0860, -0.0370]], device='cuda:0')
2991 tensor([[ 0.0577,  0.0546],
        [ 0.0572,  0.0387],
        [-0.0735, -0.0422],
        [-0.0861, -0.0371]], device='cuda:0')
2992 tensor([[ 0.0578,  0.0547],
        [ 0.0573,  0.0388],
        [-0.0736, -0.0423],
        [-0.0862, -0.0372]], device='cuda:0')
2993 tensor([[ 0.0579,  0.0549],
        [ 0.0574,  0.0389],
        [-0.0737, -0.0424],
        [-0.0862, -0.0373]], device='cuda:0')
2994 tensor([[ 0.0581,  0.0550],
        [ 0.0575,  0.0390],
        [-0.0738, -0.0426],
        [-0.0863, -0.0374]], device='cuda:0')
2995 tensor([[ 0.0582,  0.0551],
        [ 0.0576,  0.0391],
        [-0.0740, -0.0427],
        [-0.0864, -0.0375]], device='cuda:0')
2996 tensor([[ 0.0583,  0.0553],
        [ 0.0577,  0.0392],
        [-0.0741, -0.0429],
        [-0.0865, -0.0376]], device='cuda:0')
2997 tensor([[ 0.0584,  0.0554],
        [ 0.0578,  0.0393],
        [-0.0742, -0.0430],
        [-0.0866, -0.0377]], device='cuda:0')
2998 tensor([[ 0.0586,  0.0555],
        [ 0.0579,  0.0394],
        [-0.0743, -0.0432],
        [-0.0867, -0.0378]], device='cuda:0')
2999 tensor([[ 0.0587,  0.0557],
        [ 0.0580,  0.0394],
        [-0.0745, -0.0433],
        [-0.0868, -0.0379]], device='cuda:0')
3000 tensor([[ 0.0588,  0.0558],
        [ 0.0581,  0.0395],
        [-0.0746, -0.0434],
        [-0.0869, -0.0380]], device='cuda:0')
3001 tensor([[ 0.0590,  0.0559],
        [ 0.0583,  0.0396],
        [-0.0747, -0.0436],
        [-0.0870, -0.0381]], device='cuda:0')
3002 tensor([[ 0.0591,  0.0560],
        [ 0.0584,  0.0397],
        [-0.0748, -0.0437],
        [-0.0871, -0.0381]], device='cuda:0')
3003 tensor([[ 0.0592,  0.0562],
        [ 0.0585,  0.0398],
        [-0.0750, -0.0438],
        [-0.0872, -0.0382]], device='cuda:0')
3004 tensor([[ 0.0593,  0.0563],
        [ 0.0586,  0.0399],
        [-0.0751, -0.0440],
        [-0.0873, -0.0383]], device='cuda:0')
3005 tensor([[ 0.0595,  0.0564],
        [ 0.0587,  0.0400],
        [-0.0752, -0.0441],
        [-0.0874, -0.0384]], device='cuda:0')
3006 tensor([[ 0.0596,  0.0566],
        [ 0.0588,  0.0400],
        [-0.0753, -0.0442],
        [-0.0875, -0.0385]], device='cuda:0')
3007 tensor([[ 0.0597,  0.0567],
        [ 0.0589,  0.0401],
        [-0.0754, -0.0444],
        [-0.0876, -0.0386]], device='cuda:0')
3008 tensor([[ 0.0598,  0.0569],
        [ 0.0590,  0.0402],
        [-0.0756, -0.0445],
        [-0.0877, -0.0387]], device='cuda:0')
3009 tensor([[ 0.0600,  0.0570],
        [ 0.0591,  0.0404],
        [-0.0757, -0.0447],
        [-0.0878, -0.0388]], device='cuda:0')
3010 tensor([[ 0.0601,  0.0572],
        [ 0.0592,  0.0405],
        [-0.0758, -0.0448],
        [-0.0879, -0.0389]], device='cuda:0')
3011 tensor([[ 0.0602,  0.0574],
        [ 0.0593,  0.0406],
        [-0.0759, -0.0450],
        [-0.0880, -0.0390]], device='cuda:0')
3012 tensor([[ 0.0603,  0.0575],
        [ 0.0594,  0.0407],
        [-0.0760, -0.0452],
        [-0.0881, -0.0392]], device='cuda:0')
3013 tensor([[ 0.0604,  0.0577],
        [ 0.0595,  0.0409],
        [-0.0762, -0.0453],
        [-0.0882, -0.0393]], device='cuda:0')
3014 tensor([[ 0.0605,  0.0578],
        [ 0.0595,  0.0410],
        [-0.0763, -0.0455],
        [-0.0883, -0.0394]], device='cuda:0')
3015 tensor([[ 0.0606,  0.0580],
        [ 0.0596,  0.0411],
        [-0.0764, -0.0456],
        [-0.0884, -0.0395]], device='cuda:0')
3016 tensor([[ 0.0608,  0.0582],
        [ 0.0597,  0.0412],
        [-0.0765, -0.0458],
        [-0.0885, -0.0396]], device='cuda:0')
3017 tensor([[ 0.0609,  0.0583],
        [ 0.0598,  0.0413],
        [-0.0766, -0.0460],
        [-0.0886, -0.0397]], device='cuda:0')
3018 tensor([[ 0.0610,  0.0585],
        [ 0.0599,  0.0415],
        [-0.0768, -0.0461],
        [-0.0887, -0.0399]], device='cuda:0')
3019 tensor([[ 0.0611,  0.0586],
        [ 0.0600,  0.0416],
        [-0.0769, -0.0463],
        [-0.0888, -0.0400]], device='cuda:0')
3020 tensor([[ 0.0612,  0.0588],
        [ 0.0601,  0.0417],
        [-0.0770, -0.0464],
        [-0.0889, -0.0401]], device='cuda:0')
3021 tensor([[ 0.0613,  0.0590],
        [ 0.0602,  0.0418],
        [-0.0771, -0.0466],
        [-0.0890, -0.0402]], device='cuda:0')
3022 tensor([[ 0.0614,  0.0591],
        [ 0.0603,  0.0419],
        [-0.0772, -0.0467],
        [-0.0891, -0.0403]], device='cuda:0')
3023 tensor([[ 0.0616,  0.0593],
        [ 0.0604,  0.0420],
        [-0.0773, -0.0469],
        [-0.0892, -0.0404]], device='cuda:0')
3024 tensor([[ 0.0617,  0.0594],
        [ 0.0605,  0.0421],
        [-0.0775, -0.0470],
        [-0.0893, -0.0405]], device='cuda:0')
3025 tensor([[ 0.0619,  0.0596],
        [ 0.0606,  0.0422],
        [-0.0776, -0.0472],
        [-0.0894, -0.0406]], device='cuda:0')
3026 tensor([[ 0.0620,  0.0597],
        [ 0.0608,  0.0423],
        [-0.0778, -0.0473],
        [-0.0895, -0.0408]], device='cuda:0')
3027 tensor([[ 0.0622,  0.0599],
        [ 0.0609,  0.0424],
        [-0.0779, -0.0475],
        [-0.0896, -0.0409]], device='cuda:0')
3028 tensor([[ 0.0623,  0.0600],
        [ 0.0610,  0.0425],
        [-0.0780, -0.0476],
        [-0.0897, -0.0410]], device='cuda:0')
3029 tensor([[ 0.0625,  0.0601],
        [ 0.0611,  0.0426],
        [-0.0782, -0.0478],
        [-0.0898, -0.0411]], device='cuda:0')
3030 tensor([[ 0.0626,  0.0603],
        [ 0.0612,  0.0427],
        [-0.0783, -0.0479],
        [-0.0900, -0.0412]], device='cuda:0')
3031 tensor([[ 0.0627,  0.0604],
        [ 0.0614,  0.0428],
        [-0.0785, -0.0481],
        [-0.0901, -0.0413]], device='cuda:0')
3032 tensor([[ 0.0629,  0.0606],
        [ 0.0615,  0.0429],
        [-0.0786, -0.0482],
        [-0.0902, -0.0414]], device='cuda:0')
3033 tensor([[ 0.0630,  0.0607],
        [ 0.0616,  0.0430],
        [-0.0787, -0.0484],
        [-0.0903, -0.0415]], device='cuda:0')
3034 tensor([[ 0.0632,  0.0608],
        [ 0.0617,  0.0431],
        [-0.0789, -0.0485],
        [-0.0904, -0.0416]], device='cuda:0')
3035 tensor([[ 0.0633,  0.0610],
        [ 0.0618,  0.0432],
        [-0.0790, -0.0487],
        [-0.0905, -0.0418]], device='cuda:0')
3036 tensor([[ 0.0635,  0.0611],
        [ 0.0619,  0.0433],
        [-0.0791, -0.0488],
        [-0.0906, -0.0419]], device='cuda:0')
3037 tensor([[ 0.0636,  0.0613],
        [ 0.0620,  0.0434],
        [-0.0793, -0.0490],
        [-0.0907, -0.0420]], device='cuda:0')
3038 tensor([[ 0.0637,  0.0614],
        [ 0.0621,  0.0436],
        [-0.0794, -0.0491],
        [-0.0908, -0.0421]], device='cuda:0')
3039 tensor([[ 0.0638,  0.0616],
        [ 0.0622,  0.0437],
        [-0.0795, -0.0492],
        [-0.0909, -0.0422]], device='cuda:0')
3040 tensor([[ 0.0640,  0.0618],
        [ 0.0624,  0.0438],
        [-0.0797, -0.0494],
        [-0.0911, -0.0423]], device='cuda:0')
3041 tensor([[ 0.0641,  0.0620],
        [ 0.0625,  0.0440],
        [-0.0798, -0.0496],
        [-0.0912, -0.0424]], device='cuda:0')
3042 tensor([[ 0.0642,  0.0621],
        [ 0.0626,  0.0441],
        [-0.0800, -0.0498],
        [-0.0913, -0.0425]], device='cuda:0')
3043 tensor([[ 0.0644,  0.0623],
        [ 0.0627,  0.0442],
        [-0.0801, -0.0499],
        [-0.0914, -0.0427]], device='cuda:0')
3044 tensor([[ 0.0645,  0.0625],
        [ 0.0628,  0.0444],
        [-0.0802, -0.0501],
        [-0.0915, -0.0428]], device='cuda:0')
3045 tensor([[ 0.0646,  0.0626],
        [ 0.0629,  0.0445],
        [-0.0804, -0.0503],
        [-0.0916, -0.0429]], device='cuda:0')
3046 tensor([[ 0.0647,  0.0628],
        [ 0.0630,  0.0446],
        [-0.0805, -0.0504],
        [-0.0917, -0.0431]], device='cuda:0')
3047 tensor([[ 0.0649,  0.0630],
        [ 0.0631,  0.0448],
        [-0.0806, -0.0506],
        [-0.0918, -0.0432]], device='cuda:0')
3048 tensor([[ 0.0650,  0.0631],
        [ 0.0632,  0.0449],
        [-0.0808, -0.0507],
        [-0.0919, -0.0433]], device='cuda:0')
3049 tensor([[ 0.0651,  0.0633],
        [ 0.0633,  0.0450],
        [-0.0809, -0.0509],
        [-0.0920, -0.0434]], device='cuda:0')
3050 tensor([[ 0.0652,  0.0635],
        [ 0.0634,  0.0451],
        [-0.0810, -0.0511],
        [-0.0921, -0.0435]], device='cuda:0')
3051 tensor([[ 0.0654,  0.0636],
        [ 0.0635,  0.0452],
        [-0.0811, -0.0512],
        [-0.0922, -0.0437]], device='cuda:0')
3052 tensor([[ 0.0655,  0.0638],
        [ 0.0636,  0.0454],
        [-0.0813, -0.0514],
        [-0.0923, -0.0438]], device='cuda:0')
3053 tensor([[ 0.0656,  0.0640],
        [ 0.0637,  0.0455],
        [-0.0814, -0.0515],
        [-0.0924, -0.0439]], device='cuda:0')
3054 tensor([[ 0.0657,  0.0642],
        [ 0.0638,  0.0457],
        [-0.0815, -0.0517],
        [-0.0925, -0.0440]], device='cuda:0')
3055 tensor([[ 0.0659,  0.0643],
        [ 0.0638,  0.0458],
        [-0.0816, -0.0519],
        [-0.0926, -0.0441]], device='cuda:0')
3056 tensor([[ 0.0660,  0.0645],
        [ 0.0639,  0.0460],
        [-0.0818, -0.0520],
        [-0.0927, -0.0443]], device='cuda:0')
3057 tensor([[ 0.0661,  0.0647],
        [ 0.0640,  0.0461],
        [-0.0819, -0.0522],
        [-0.0929, -0.0444]], device='cuda:0')
3058 tensor([[ 0.0662,  0.0649],
        [ 0.0641,  0.0462],
        [-0.0820, -0.0524],
        [-0.0930, -0.0446]], device='cuda:0')
3059 tensor([[ 0.0663,  0.0651],
        [ 0.0642,  0.0464],
        [-0.0821, -0.0526],
        [-0.0931, -0.0447]], device='cuda:0')
3060 tensor([[ 0.0664,  0.0653],
        [ 0.0643,  0.0465],
        [-0.0823, -0.0528],
        [-0.0932, -0.0448]], device='cuda:0')
3061 tensor([[ 0.0666,  0.0655],
        [ 0.0644,  0.0467],
        [-0.0824, -0.0530],
        [-0.0933, -0.0450]], device='cuda:0')
3062 tensor([[ 0.0667,  0.0656],
        [ 0.0645,  0.0468],
        [-0.0825, -0.0531],
        [-0.0933, -0.0451]], device='cuda:0')
3063 tensor([[ 0.0668,  0.0658],
        [ 0.0646,  0.0470],
        [-0.0826, -0.0533],
        [-0.0934, -0.0453]], device='cuda:0')
3064 tensor([[ 0.0669,  0.0660],
        [ 0.0647,  0.0471],
        [-0.0828, -0.0535],
        [-0.0935, -0.0454]], device='cuda:0')
3065 tensor([[ 0.0670,  0.0662],
        [ 0.0648,  0.0472],
        [-0.0829, -0.0537],
        [-0.0936, -0.0455]], device='cuda:0')
3066 tensor([[ 0.0671,  0.0664],
        [ 0.0649,  0.0473],
        [-0.0830, -0.0538],
        [-0.0937, -0.0457]], device='cuda:0')
3067 tensor([[ 0.0672,  0.0665],
        [ 0.0650,  0.0475],
        [-0.0831, -0.0540],
        [-0.0938, -0.0458]], device='cuda:0')
3068 tensor([[ 0.0673,  0.0667],
        [ 0.0650,  0.0476],
        [-0.0832, -0.0542],
        [-0.0939, -0.0459]], device='cuda:0')
3069 tensor([[ 0.0675,  0.0669],
        [ 0.0651,  0.0478],
        [-0.0833, -0.0543],
        [-0.0940, -0.0460]], device='cuda:0')
3070 tensor([[ 0.0676,  0.0671],
        [ 0.0652,  0.0479],
        [-0.0835, -0.0545],
        [-0.0941, -0.0462]], device='cuda:0')
3071 tensor([[ 0.0677,  0.0673],
        [ 0.0653,  0.0481],
        [-0.0836, -0.0547],
        [-0.0942, -0.0463]], device='cuda:0')
3072 tensor([[ 0.0678,  0.0675],
        [ 0.0654,  0.0482],
        [-0.0837, -0.0549],
        [-0.0943, -0.0464]], device='cuda:0')
3073 tensor([[ 0.0679,  0.0677],
        [ 0.0655,  0.0484],
        [-0.0838, -0.0551],
        [-0.0944, -0.0466]], device='cuda:0')
3074 tensor([[ 0.0680,  0.0679],
        [ 0.0656,  0.0485],
        [-0.0839, -0.0553],
        [-0.0945, -0.0467]], device='cuda:0')
3075 tensor([[ 0.0681,  0.0681],
        [ 0.0656,  0.0487],
        [-0.0840, -0.0555],
        [-0.0946, -0.0469]], device='cuda:0')
3076 tensor([[ 0.0682,  0.0683],
        [ 0.0657,  0.0488],
        [-0.0841, -0.0557],
        [-0.0947, -0.0470]], device='cuda:0')
3077 tensor([[ 0.0683,  0.0685],
        [ 0.0658,  0.0490],
        [-0.0843, -0.0559],
        [-0.0948, -0.0472]], device='cuda:0')
3078 tensor([[ 0.0684,  0.0687],
        [ 0.0659,  0.0491],
        [-0.0844, -0.0561],
        [-0.0949, -0.0473]], device='cuda:0')
3079 tensor([[ 0.0685,  0.0689],
        [ 0.0660,  0.0493],
        [-0.0845, -0.0563],
        [-0.0949, -0.0475]], device='cuda:0')
3080 tensor([[ 0.0686,  0.0691],
        [ 0.0661,  0.0494],
        [-0.0846, -0.0565],
        [-0.0950, -0.0476]], device='cuda:0')
3081 tensor([[ 0.0687,  0.0693],
        [ 0.0662,  0.0495],
        [-0.0847, -0.0567],
        [-0.0951, -0.0478]], device='cuda:0')
3082 tensor([[ 0.0688,  0.0695],
        [ 0.0662,  0.0497],
        [-0.0848, -0.0569],
        [-0.0952, -0.0479]], device='cuda:0')
3083 tensor([[ 0.0690,  0.0697],
        [ 0.0663,  0.0498],
        [-0.0849, -0.0571],
        [-0.0953, -0.0480]], device='cuda:0')
3084 tensor([[ 0.0691,  0.0699],
        [ 0.0664,  0.0499],
        [-0.0850, -0.0572],
        [-0.0954, -0.0482]], device='cuda:0')
3085 tensor([[ 0.0693,  0.0700],
        [ 0.0666,  0.0501],
        [-0.0851, -0.0574],
        [-0.0954, -0.0483]], device='cuda:0')
3086 tensor([[ 0.0694,  0.0702],
        [ 0.0667,  0.0502],
        [-0.0853, -0.0576],
        [-0.0955, -0.0485]], device='cuda:0')
3087 tensor([[ 0.0695,  0.0704],
        [ 0.0668,  0.0503],
        [-0.0854, -0.0578],
        [-0.0956, -0.0486]], device='cuda:0')
3088 tensor([[ 0.0697,  0.0706],
        [ 0.0669,  0.0505],
        [-0.0855, -0.0580],
        [-0.0957, -0.0487]], device='cuda:0')
3089 tensor([[ 0.0698,  0.0707],
        [ 0.0670,  0.0506],
        [-0.0857, -0.0582],
        [-0.0958, -0.0489]], device='cuda:0')
3090 tensor([[ 0.0699,  0.0709],
        [ 0.0671,  0.0507],
        [-0.0858, -0.0584],
        [-0.0959, -0.0490]], device='cuda:0')
3091 tensor([[ 0.0701,  0.0711],
        [ 0.0672,  0.0508],
        [-0.0859, -0.0585],
        [-0.0960, -0.0492]], device='cuda:0')
3092 tensor([[ 0.0702,  0.0713],
        [ 0.0673,  0.0510],
        [-0.0861, -0.0587],
        [-0.0961, -0.0493]], device='cuda:0')
3093 tensor([[ 0.0703,  0.0714],
        [ 0.0674,  0.0511],
        [-0.0862, -0.0589],
        [-0.0962, -0.0494]], device='cuda:0')
3094 tensor([[ 0.0705,  0.0716],
        [ 0.0675,  0.0512],
        [-0.0863, -0.0591],
        [-0.0963, -0.0496]], device='cuda:0')
3095 tensor([[ 0.0706,  0.0718],
        [ 0.0676,  0.0513],
        [-0.0864, -0.0593],
        [-0.0964, -0.0497]], device='cuda:0')
3096 tensor([[ 0.0707,  0.0720],
        [ 0.0676,  0.0514],
        [-0.0866, -0.0594],
        [-0.0965, -0.0498]], device='cuda:0')
3097 tensor([[ 0.0708,  0.0721],
        [ 0.0677,  0.0516],
        [-0.0867, -0.0596],
        [-0.0965, -0.0500]], device='cuda:0')
3098 tensor([[ 0.0710,  0.0723],
        [ 0.0678,  0.0517],
        [-0.0868, -0.0598],
        [-0.0966, -0.0501]], device='cuda:0')
3099 tensor([[ 0.0711,  0.0725],
        [ 0.0679,  0.0519],
        [-0.0869, -0.0600],
        [-0.0967, -0.0502]], device='cuda:0')
3100 tensor([[ 0.0712,  0.0727],
        [ 0.0680,  0.0520],
        [-0.0870, -0.0601],
        [-0.0968, -0.0503]], device='cuda:0')
3101 tensor([[ 0.0713,  0.0729],
        [ 0.0681,  0.0522],
        [-0.0872, -0.0603],
        [-0.0969, -0.0505]], device='cuda:0')
3102 tensor([[ 0.0714,  0.0731],
        [ 0.0682,  0.0523],
        [-0.0873, -0.0605],
        [-0.0970, -0.0506]], device='cuda:0')
3103 tensor([[ 0.0715,  0.0733],
        [ 0.0683,  0.0524],
        [-0.0874, -0.0607],
        [-0.0971, -0.0507]], device='cuda:0')
3104 tensor([[ 0.0717,  0.0735],
        [ 0.0683,  0.0526],
        [-0.0875, -0.0609],
        [-0.0972, -0.0509]], device='cuda:0')
3105 tensor([[ 0.0718,  0.0737],
        [ 0.0684,  0.0527],
        [-0.0877, -0.0611],
        [-0.0973, -0.0510]], device='cuda:0')
3106 tensor([[ 0.0719,  0.0739],
        [ 0.0685,  0.0529],
        [-0.0878, -0.0613],
        [-0.0974, -0.0512]], device='cuda:0')
3107 tensor([[ 0.0720,  0.0741],
        [ 0.0686,  0.0530],
        [-0.0879, -0.0615],
        [-0.0975, -0.0513]], device='cuda:0')
3108 tensor([[ 0.0721,  0.0743],
        [ 0.0687,  0.0531],
        [-0.0880, -0.0617],
        [-0.0975, -0.0515]], device='cuda:0')
3109 tensor([[ 0.0722,  0.0745],
        [ 0.0688,  0.0533],
        [-0.0881, -0.0618],
        [-0.0976, -0.0516]], device='cuda:0')
3110 tensor([[ 0.0724,  0.0746],
        [ 0.0689,  0.0534],
        [-0.0883, -0.0620],
        [-0.0977, -0.0517]], device='cuda:0')
3111 tensor([[ 0.0725,  0.0748],
        [ 0.0689,  0.0535],
        [-0.0884, -0.0622],
        [-0.0978, -0.0519]], device='cuda:0')
3112 tensor([[ 0.0726,  0.0750],
        [ 0.0690,  0.0537],
        [-0.0885, -0.0624],
        [-0.0979, -0.0520]], device='cuda:0')
3113 tensor([[ 0.0727,  0.0752],
        [ 0.0691,  0.0538],
        [-0.0886, -0.0626],
        [-0.0980, -0.0521]], device='cuda:0')
3114 tensor([[ 0.0729,  0.0753],
        [ 0.0692,  0.0539],
        [-0.0887, -0.0628],
        [-0.0981, -0.0523]], device='cuda:0')
3115 tensor([[ 0.0730,  0.0755],
        [ 0.0693,  0.0540],
        [-0.0888, -0.0629],
        [-0.0981, -0.0524]], device='cuda:0')
3116 tensor([[ 0.0731,  0.0757],
        [ 0.0694,  0.0542],
        [-0.0890, -0.0631],
        [-0.0982, -0.0525]], device='cuda:0')
3117 tensor([[ 0.0733,  0.0759],
        [ 0.0695,  0.0543],
        [-0.0891, -0.0633],
        [-0.0983, -0.0527]], device='cuda:0')
3118 tensor([[ 0.0734,  0.0760],
        [ 0.0696,  0.0544],
        [-0.0892, -0.0635],
        [-0.0984, -0.0528]], device='cuda:0')
3119 tensor([[ 0.0736,  0.0762],
        [ 0.0697,  0.0545],
        [-0.0894, -0.0637],
        [-0.0985, -0.0529]], device='cuda:0')
3120 tensor([[ 0.0737,  0.0764],
        [ 0.0698,  0.0546],
        [-0.0895, -0.0638],
        [-0.0986, -0.0531]], device='cuda:0')
3121 tensor([[ 0.0738,  0.0765],
        [ 0.0699,  0.0548],
        [-0.0896, -0.0640],
        [-0.0987, -0.0532]], device='cuda:0')
3122 tensor([[ 0.0740,  0.0767],
        [ 0.0700,  0.0549],
        [-0.0898, -0.0642],
        [-0.0988, -0.0533]], device='cuda:0')
3123 tensor([[ 0.0741,  0.0769],
        [ 0.0701,  0.0550],
        [-0.0899, -0.0644],
        [-0.0989, -0.0535]], device='cuda:0')
3124 tensor([[ 0.0742,  0.0770],
        [ 0.0702,  0.0551],
        [-0.0900, -0.0645],
        [-0.0989, -0.0536]], device='cuda:0')
3125 tensor([[ 0.0744,  0.0772],
        [ 0.0703,  0.0552],
        [-0.0901, -0.0647],
        [-0.0990, -0.0537]], device='cuda:0')
3126 tensor([[ 0.0745,  0.0774],
        [ 0.0704,  0.0554],
        [-0.0903, -0.0649],
        [-0.0991, -0.0539]], device='cuda:0')
3127 tensor([[ 0.0746,  0.0775],
        [ 0.0705,  0.0555],
        [-0.0904, -0.0651],
        [-0.0992, -0.0540]], device='cuda:0')
3128 tensor([[ 0.0748,  0.0777],
        [ 0.0706,  0.0556],
        [-0.0905, -0.0652],
        [-0.0993, -0.0541]], device='cuda:0')
3129 tensor([[ 0.0749,  0.0778],
        [ 0.0707,  0.0557],
        [-0.0906, -0.0654],
        [-0.0994, -0.0542]], device='cuda:0')
3130 tensor([[ 0.0751,  0.0780],
        [ 0.0708,  0.0558],
        [-0.0907, -0.0656],
        [-0.0995, -0.0544]], device='cuda:0')
3131 tensor([[ 0.0752,  0.0782],
        [ 0.0709,  0.0559],
        [-0.0909, -0.0657],
        [-0.0995, -0.0545]], device='cuda:0')
3132 tensor([[ 0.0754,  0.0783],
        [ 0.0710,  0.0560],
        [-0.0910, -0.0659],
        [-0.0996, -0.0546]], device='cuda:0')
3133 tensor([[ 0.0755,  0.0785],
        [ 0.0711,  0.0561],
        [-0.0911, -0.0661],
        [-0.0997, -0.0547]], device='cuda:0')
3134 tensor([[ 0.0756,  0.0786],
        [ 0.0713,  0.0563],
        [-0.0913, -0.0662],
        [-0.0998, -0.0549]], device='cuda:0')
