30322 0
30322 1
30322 2
30322 3
30322 5
30336 1
30337 0
30337 2
30337 4
30338 3
30352 0
30352 1
30352 2
30352 3
30352 5
30366 1
30367 0
30367 2
30367 4
30368 3
30382 0
30382 1
30382 2
30382 3
30382 5
30396 1
30397 0
30397 2
30397 4
30398 3
30412 0
30412 1
30412 2
30412 3
30412 5
30426 1
30427 0
30427 2
30427 5
30428 3
30440 1
30442 0
30442 2
30442 4
30444 3
30456 1
30457 0
30457 2
30457 4
30458 3
30472 0
30472 1
30472 2
30472 3
30472 5
30486 1
30487 0
30487 2
30487 4
30488 3
30502 0
30502 1
30502 2
30502 3
30502 5
30516 1
30517 0
30517 2
30517 4
30518 3
30532 0
30532 1
30532 2
30532 3
30532 5
30546 1
30547 0
30547 2
30547 4
30548 3
30562 0
30562 1
30562 2
30562 3
30562 5
30576 1
30577 0
30577 2
30577 4
30578 3
30591 0
30592 1
30592 3
30592 4
30592 5
30593 2
30606 0
30606 1
30607 4
30608 2
30608 3
30621 0
30622 1
30622 3
30622 4
30623 2
30636 0
30636 3
30637 5
30638 1
30638 2
30651 0
30652 1
30652 3
30652 4
30653 2
30666 0
30666 3
30667 4
30668 1
30668 2
30680 3
30681 0
30682 5
30683 2
30684 1
30696 3
30697 0
30697 2
30697 4
30698 1
30710 3
30712 0
30712 2
30712 5
30714 1
30726 3
30727 0
30727 2
30727 5
30728 1
30742 0
30742 1
30742 2
30742 3
30742 4
30756 3
30757 0
30757 2
30757 4
30758 1
30770 3
30772 0
30772 2
30772 5
30774 1
30786 3
30787 0
30787 2
30787 4
30788 1
30800 3
30802 0
30802 2
30802 5
30804 1
30816 3
30817 0
30817 2
30817 5
30818 1
30832 0
30832 1
30832 2
30832 3
30832 4
30846 3
30847 0
30847 2
30847 5
30848 1
30862 0
30862 1
30862 2
30862 3
30862 4
30876 3
30877 0
30877 2
30877 5
30878 1
30892 0
30892 1
30892 2
30892 3
30892 4
30906 3
30907 0
30907 2
30907 5
30908 1
30922 0
30922 1
30922 2
30922 3
30922 4
30936 3
30937 0
30937 2
30937 4
30938 1
30950 3
30952 0
30952 2
30952 5
30954 1
30966 2
30966 3
30967 5
30968 0
30968 1
30981 2
30982 1
30982 3
30982 4
30983 0
30996 2
30996 3
30997 5
30998 0
30998 1
31011 2
31012 1
31012 3
31012 5
31013 0
31026 1
31026 2
31027 4
31028 0
31028 3
31041 2
31042 1
31042 3
31042 4
31043 0
31056 2
31056 3
31057 5
31058 0
31058 1
31071 2
31072 1
31072 3
31072 5
31073 0
31086 1
31086 2
31087 5
31088 0
31088 3
31100 1
31101 2
31102 5
31103 0
31104 3
31114 1
31116 2
31117 4
31118 0
31120 3
31130 1
31132 0
31132 2
31132 4
31134 3
31146 1
31147 0
31147 2
31147 4
31148 3
31162 0
31162 1
31162 2
31162 3
31162 5
31176 1
31177 0
31177 2
31177 5
31178 3
31190 1
31192 0
31192 2
31192 4
31194 3
31206 1
31207 0
31207 2
31207 5
31208 3
31220 1
31222 0
31222 2
31222 5
31224 3
31234 1
31237 0
31237 2
31237 4
31240 3
31250 1
31251 0
31252 4
31252 5
31253 2
31254 3
31264 1
31266 0
31267 4
31268 2
31270 3
31280 1
31281 0
31282 4
31283 2
31284 3
31296 0
31296 1
31297 4
31298 2
31298 3
31311 0
31312 1
31312 3
31312 4
31313 2
31326 0
31326 3
31327 5
31328 1
31328 2
31341 0
31342 1
31342 3
31342 4
31343 2
31356 0
31356 3
31357 5
31358 1
31358 2
31371 0
31372 1
31372 3
31372 5
31373 2
31386 0
31386 1
31387 4
31387 5
31388 2
31388 3
31399 1
31401 0
31402 4
31403 2
31405 3
31415 0
31415 1
31416 4
31417 5
31419 2
31419 3
31429 1
31430 0
31431 4
31432 4
31434 2
31435 3
31445 0
31445 1
31446 4
31447 4
31449 2
31449 3
31460 0
31461 1
31461 4
31462 4
31463 3
31464 2
31475 0
31476 4
31477 1
31477 3
31477 4
31479 2
31490 0
31491 3
31491 4
31492 4
31493 1
31494 2
31505 0
31505 3
31507 4
31509 1
31509 2
31520 0
31520 3
31522 5
31524 1
31524 2
31535 0
31536 3
31536 4
31537 4
31538 1
31539 2
31550 0
31550 3
31552 5
31554 1
31554 2
31565 0
31566 3
31566 4
31567 4
31568 1
31569 2
31580 3
31581 0
31582 4
31583 2
31584 1
31594 3
31596 0
31597 5
31598 2
31600 1
31610 3
31611 0
31612 5
31613 2
31614 1
31626 0
31626 3
31627 4
31628 1
31628 2
31640 3
31641 0
31642 4
31643 2
31644 1
31654 3
31656 0
31657 5
31658 2
31660 1
31670 3
31672 0
31672 2
31672 4
31674 1
31684 3
31687 0
31687 2
31687 4
31690 1
31698 3
31702 0
31702 2
31702 4
31706 1
31712 3
31717 0
31717 2
31717 4
31722 1
31726 3
31731 2
31732 4
31733 0
31738 1
31740 3
31746 2
31747 5
31748 0
31754 1
31756 3
31760 2
31762 5
31764 0
31768 1
31769 4
31772 3
31774 2
31777 4
31780 0
31782 1
31783 4
31786 3
31789 2
31792 5
31795 0
31798 1
31799 4
31802 3
31803 2
31807 5
31811 0
31812 1
31813 4
