20946 0
20947 1
20947 3
20947 4
20948 2
20961 0
20961 3
20962 5
20963 1
20963 2
20976 0
20977 1
20977 3
20977 5
20978 2
20991 0
20991 1
20992 4
20993 2
20993 3
21006 0
21007 1
21007 3
21007 4
21008 2
21021 0
21021 3
21022 4
21023 1
21023 2
21035 3
21036 0
21037 4
21038 2
21039 1
21049 3
21052 0
21052 2
21052 4
21055 1
21063 3
21067 0
21067 2
21067 4
21071 1
21077 3
21082 0
21082 2
21082 4
21087 1
21091 3
21096 2
21097 5
21098 0
21103 1
21107 3
21111 2
21112 5
21113 0
21117 1
21123 3
21125 2
21127 4
21129 0
21131 1
21137 3
21140 2
21142 5
21144 0
21147 1
21153 3
21154 2
21157 5
21160 0
21161 1
21169 2
21169 3
21172 4
21175 0
21175 1
21176 4
21183 3
21184 2
21187 4
21190 0
21191 1
21196 3
21198 2
21202 4
21206 0
21208 1
