34401 2
34402 1
34402 3
34402 4
34403 0
34416 2
34416 3
34417 5
34418 0
34418 1
34431 2
34432 1
34432 3
34432 5
34433 0
34446 1
34446 2
34447 4
34448 0
34448 3
34461 2
34462 1
34462 3
34462 5
34463 0
34476 1
34476 2
34477 5
34478 0
34478 3
34490 1
34491 2
34491 4
34492 4
34493 0
34494 3
34506 1
34507 0
34507 2
34507 4
34508 3
34522 0
34522 1
34522 2
34522 3
34522 5
34536 1
34537 0
34537 2
34537 4
34538 3
34552 0
34552 1
34552 2
34552 3
34552 5
34566 1
34567 0
34567 2
34567 4
34568 3
34582 0
34582 1
34582 2
34582 3
34582 5
34596 1
34597 0
34597 2
34597 4
34597 5
34598 3
34610 1
34611 4
34612 0
34612 2
34612 4
34614 3
34626 1
34627 0
34627 2
34627 4
34627 5
34628 3
34640 1
34641 4
34642 0
34642 2
34642 5
34644 3
34654 1
34655 4
34657 0
34657 2
34657 4
34660 3
34670 1
34671 0
34671 4
34672 4
34673 2
34674 3
34686 0
34686 1
34687 4
34688 2
34688 3
34701 0
34702 1
34702 3
34702 4
34703 2
34716 0
34716 3
34717 5
34718 1
34718 2
34731 0
34732 1
34732 3
34732 4
34733 2
34746 0
34746 3
34747 5
34748 1
34748 2
34761 0
34762 1
34762 3
34762 4
34763 2
34776 0
34776 3
34777 5
34778 1
34778 2
34791 0
34792 1
34792 3
34792 4
34793 2
34806 0
34806 3
34807 5
34808 1
34808 2
34821 0
34822 1
34822 3
34822 4
34823 2
34836 0
34836 3
34837 4
34838 1
34838 2
34850 3
34851 0
34852 4
34853 2
34854 1
34864 3
34867 0
34867 2
34867 5
34870 1
34880 3
34882 0
34882 2
34882 4
34884 1
34894 3
34897 0
34897 2
34897 4
34900 1
34908 3
34912 0
34912 2
34912 4
34916 1
34922 3
34926 2
34927 5
34928 0
34932 1
34933 4
34938 3
34941 2
34942 5
34943 0
34946 1
34947 4
34954 3
34956 2
34957 4
34958 0
34960 1
34961 4
34968 3
34970 2
34972 5
34974 0
34976 1
34977 4
34984 3
34985 2
34987 5
34989 0
34990 1
34991 4
35000 2
35000 3
35001 5
35002 5
35004 0
35004 1
35005 4
35014 2
35016 3
35017 5
35018 1
35020 0
35021 4
35029 2
35032 1
35032 3
35032 5
35035 0
35044 2
35047 1
35047 3
35047 5
35050 0
35059 2
35061 1
35062 5
35063 3
35065 0
35074 2
35075 1
35077 4
35079 3
35080 0
35090 2
35091 1
35092 4
35093 3
35094 0
35105 2
35107 1
35107 3
35107 4
35109 0
35120 2
35121 3
35122 5
35123 1
35124 0
35125 4
35135 2
35136 3
35137 4
35137 5
35138 1
35139 0
35150 2
35150 3
35151 5
35152 4
35154 0
35154 1
35155 4
35164 2
35164 3
35165 5
35167 5
35170 0
35170 1
35171 4
35179 2
35180 3
35181 5
35182 5
35184 1
35185 0
35186 4
35194 2
35196 3
35197 5
35198 1
35200 0
35201 4
35209 2
35212 1
35212 3
35212 5
35215 0
35224 2
35227 1
35227 3
35227 4
35230 0
35239 2
35241 3
35242 5
35243 1
35245 0
35246 4
35254 2
35257 1
35257 3
35257 5
35260 0
35269 2
35271 1
35272 5
35273 3
35275 0
35284 2
35285 1
35287 4
35289 3
35290 0
35299 2
35302 1
35302 3
35302 4
35305 0
35314 2
35316 3
35317 4
35317 5
35318 1
35320 0
35329 2
35330 3
35331 5
35332 5
35334 1
35335 0
35336 4
35344 2
35346 3
35347 4
35347 5
35348 1
35350 0
35359 2
35359 3
35360 5
35362 5
35365 0
35365 1
35366 4
35373 2
35375 3
35376 5
35377 5
35379 1
35381 0
35382 4
