25657 0
25657 1
25657 2
25657 3
25657 5
25671 1
25672 0
25672 2
25672 4
25673 3
25687 0
25687 1
25687 2
25687 3
25687 4
25701 3
25702 0
25702 2
25702 5
25703 1
25717 0
25717 1
25717 2
25717 3
25717 4
25731 3
25732 0
25732 2
25732 4
25733 1
25745 3
25747 0
25747 2
25747 5
25749 1
25761 3
25762 0
25762 2
25762 5
25763 1
25777 0
25777 1
25777 2
25777 3
25777 5
25791 1
25792 0
25792 2
25792 4
25793 3
25807 0
25807 1
25807 2
25807 3
25807 4
25821 3
25822 0
25822 2
25822 5
25823 1
25837 0
25837 1
25837 2
25837 3
25837 5
25851 1
25852 0
25852 2
25852 4
25853 3
25867 0
25867 1
25867 2
25867 3
25867 5
25881 1
25882 0
25882 2
25882 4
25883 3
25897 0
25897 1
25897 2
25897 3
25897 4
25911 3
25912 0
25912 2
25912 5
25913 1
25927 0
25927 1
25927 2
25927 3
25927 4
25941 3
25942 0
25942 2
25942 4
25943 1
25955 3
25957 0
25957 2
25957 5
25959 1
25971 3
25972 0
25972 2
25972 4
25973 1
25985 3
25987 0
25987 2
25987 4
25989 1
25999 3
26002 0
26002 2
26002 5
26005 1
26015 3
26017 0
26017 2
26017 5
26019 1
26031 2
26031 3
26032 5
26033 0
26033 1
26046 2
26047 1
26047 3
26047 4
26048 0
26061 2
26061 3
26062 4
26063 0
26063 1
26075 3
26076 2
26077 5
26078 0
26079 1
26091 2
26091 3
26092 5
26093 0
26093 1
26106 2
26107 1
26107 3
26107 4
26108 0
26121 2
26121 3
26122 4
26123 0
26123 1
26135 3
26136 2
26137 5
26138 0
26139 1
26151 2
26151 3
26152 4
26153 0
26153 1
26165 3
26166 2
26167 5
26168 0
26169 1
26181 2
26181 3
26182 5
26183 0
26183 1
26195 2
26197 1
26197 3
26197 5
26199 0
26210 2
26211 1
26212 5
26213 3
26214 0
26225 1
26225 2
26227 4
26229 0
26229 3
26241 2
26242 1
26242 3
26242 5
26243 0
26256 1
26256 2
26257 5
26258 0
26258 3
26270 1
26271 2
26272 5
26273 0
26274 3
26284 1
26286 2
26287 5
26288 0
26290 3
26298 1
26301 2
26302 4
26303 0
26306 3
26314 1
26317 0
26317 2
26317 4
26320 3
26330 1
26332 0
26332 2
26332 5
26334 3
26344 1
26347 0
26347 2
26347 5
26350 3
26358 1
26362 0
26362 2
26362 4
26366 3
26374 1
26376 0
26377 4
26378 2
26380 3
26390 1
26391 0
26392 4
26392 5
26393 2
26394 3
26404 1
26406 0
26407 4
26408 2
26410 3
26420 0
26420 1
26421 4
26422 4
26424 2
26424 3
26435 0
26436 1
26437 4
26437 5
26438 3
26439 2
26449 1
26450 0
26451 4
26452 5
26454 2
26455 3
26463 1
26465 0
26466 4
26467 4
26469 2
26471 3
26479 0
26479 1
26480 4
26482 4
26485 2
26485 3
26494 0
26495 1
26496 4
26497 4
26499 3
26500 2
26509 0
26511 1
26512 4
26513 3
26515 2
26524 0
26527 1
26527 3
26527 4
26530 2
26539 0
26542 1
26542 3
26542 4
26545 2
26554 0
26555 4
26556 3
26557 4
26558 1
26560 2
26569 0
26570 3
26570 4
26572 5
26574 1
26575 2
26584 0
26585 4
26586 3
26587 4
26588 1
26590 2
26599 0
26600 3
26600 4
26602 4
26604 1
26605 2
26614 0
26615 3
26615 4
26617 5
26619 1
26620 2
26630 0
26631 3
26631 4
26632 5
26633 1
26634 2
26645 0
26646 4
26647 1
26647 3
26647 4
26649 2
26660 0
26661 3
26661 4
26662 4
26663 1
26664 2
26675 0
26675 3
26677 4
26679 1
26679 2
26689 3
26690 0
26692 4
26694 2
26695 1
26703 3
26705 0
26707 5
26709 2
26711 1
26720 3
26721 0
26722 4
26723 2
26724 1
26734 3
26736 0
26737 5
26738 2
26740 1
26750 3
26751 0
26752 4
26753 2
26754 1
26764 3
26766 0
26767 4
26768 2
26770 1
26778 3
26782 0
26782 2
26782 5
26786 1
26794 3
26797 0
26797 2
26797 4
26800 1
26808 3
26812 0
26812 2
26812 4
26816 1
26822 3
26826 2
26827 4
26828 0
26832 1
26836 3
26841 2
26842 5
26843 0
26848 1
26852 3
26855 2
26857 4
26859 0
26862 1
26865 3
26870 2
26872 5
26874 0
26879 1
26881 3
26884 2
26887 5
26890 0
26893 1
26897 3
26898 2
26902 5
26906 0
26907 1
26908 4
