9547 0
9547 1
9547 2
9547 3
9547 5
9561 1
9562 0
9562 2
9562 5
9563 3
9575 1
9577 0
9577 2
9577 5
9579 3
9589 1
9592 0
9592 2
9592 4
9595 3
9605 1
9606 0
9607 4
9608 2
9609 3
9621 0
9621 1
9622 5
9623 2
9623 3
9635 1
9636 0
9637 5
9638 2
9639 3
9649 1
9651 0
9652 5
9653 2
9655 3
9662 1
9666 0
9667 4
9668 2
9672 3
9678 1
9680 0
9682 4
9684 2
9686 3
9694 1
9695 0
9697 4
9699 2
9700 3
9709 0
9710 1
9712 4
9714 3
9715 2
9724 0
9726 1
9727 4
9728 3
9730 2
9739 0
9742 1
9742 3
9742 4
9745 2
9754 0
9756 3
9757 4
9758 1
9760 2
9769 0
9771 3
9772 4
9773 1
9775 2
9784 0
9785 3
9787 4
9789 1
9790 2
9799 3
9800 0
9802 4
9804 2
9805 1
9813 3
9815 0
9817 4
9819 2
9821 1
9827 3
9830 0
9832 4
9834 2
9837 1
9841 3
9846 0
9847 4
9848 2
9853 1
9855 3
9861 0
9862 5
9863 2
9869 1
9871 3
9877 0
9877 2
9877 4
9883 1
9885 3
9891 2
9892 5
9893 0
9899 1
9901 3
9906 2
9907 4
9908 0
9913 1
9915 3
9920 2
9922 4
9924 0
9929 1
9930 3
9935 2
9937 5
9939 0
9944 1
9945 3
9949 2
9952 4
9955 0
9959 1
9960 3
9963 2
9967 4
9971 0
9974 1
