85491 2
85492 1
85492 3
85492 4
85492 5
85493 0
85506 2
85506 3
85507 5
85508 0
85508 1
85521 2
85522 1
85522 3
85522 5
85523 0
85536 1
85536 2
85537 4
85538 0
85538 3
85551 2
85552 1
85552 3
85552 5
85553 0
85566 1
85566 2
85567 4
85568 0
85568 3
85581 2
85582 1
85582 3
85582 5
85583 0
85596 1
85596 2
85597 5
85598 0
85598 3
85610 1
85611 2
85611 4
85612 4
85613 0
85614 3
85626 1
85626 2
85627 5
85628 0
85628 3
85640 1
85641 2
85641 4
85642 4
85643 0
85644 3
85656 1
85657 0
85657 2
85657 4
85658 3
85671 3
85672 0
85672 2
85672 5
85673 1
85687 0
85687 1
85687 2
85687 3
85687 5
85701 1
85702 0
85702 2
85702 4
85702 5
85703 3
85715 1
85716 4
85717 0
85717 2
85717 4
85719 3
85731 1
85732 0
85732 2
85732 4
85732 5
85733 3
85745 1
85746 4
85747 0
85747 2
85747 4
85749 3
85761 1
85762 0
85762 2
85762 4
85763 3
85776 0
85777 1
85777 3
85777 5
85778 2
85791 0
85791 1
85792 4
85793 2
85793 3
85806 0
85807 1
85807 3
85807 5
85808 2
85820 1
85821 0
85821 4
85822 4
85823 2
85824 3
85836 0
85836 1
85837 4
85837 5
85838 2
85838 3
85850 1
85851 0
85851 4
85852 4
85853 2
85854 3
85866 0
85866 1
85867 4
85868 2
85868 3
85881 0
85882 1
85882 3
85882 5
85883 2
85896 0
85896 1
85897 4
85898 2
85898 3
85911 0
85912 1
85912 3
85912 4
85913 2
85926 0
85926 3
85927 5
85928 1
85928 2
85941 0
85942 1
85942 3
85942 4
85943 2
85956 0
85956 3
85957 5
85958 1
85958 2
85971 0
85972 1
85972 3
85972 4
85973 2
85986 0
85986 3
85987 4
85988 1
85988 2
86000 3
86001 0
86002 5
86003 2
86004 1
86016 0
86016 3
86017 4
86018 1
86018 2
86030 3
86031 0
86032 4
86033 2
86034 1
86045 3
86046 0
86047 5
86048 2
86049 1
86061 3
86062 0
86062 2
86062 4
86062 5
86063 1
86075 3
86076 5
86077 0
86077 2
86077 5
86079 1
86091 3
86092 0
86092 2
86092 4
86092 5
86093 1
86105 3
86106 5
86107 0
86107 2
86107 5
86109 1
86121 3
86122 0
86122 2
86122 4
86122 5
86123 1
86135 3
86136 5
86137 0
86137 2
86137 5
86139 1
86151 2
86151 3
86152 4
86152 5
86153 0
86153 1
86165 3
86166 2
86166 5
86167 5
86168 0
86169 1
86180 3
86181 2
86181 5
86182 5
86183 0
86184 1
86196 2
86196 3
86197 4
86197 5
86198 0
86198 1
86210 3
86211 2
86211 5
86212 5
86213 0
86214 1
86226 2
86226 3
86227 4
86227 5
86228 0
86228 1
86240 3
86241 2
86241 5
86242 5
86243 0
86244 1
86255 2
86256 3
86257 5
86258 1
86259 0
86260 4
86270 2
86272 1
86272 3
86272 5
86274 0
86285 2
86286 1
86287 4
86288 3
86289 0
86300 2
86302 1
86302 3
86302 5
86304 0
86315 2
86316 1
86317 5
86318 3
86319 0
86330 1
86330 2
86332 4
86334 0
86334 3
86346 2
86347 1
86347 3
86347 5
86348 0
86361 1
86361 2
86362 5
86363 0
86363 3
86375 1
86376 2
86377 4
86378 0
86379 3
86391 1
86391 2
86392 5
86393 0
86393 3
86405 1
86406 2
86407 5
86408 0
86409 3
86419 1
86421 2
86422 4
86423 0
86425 3
86435 1
86437 0
86437 2
86437 5
86439 3
86449 1
86452 0
86452 2
86452 4
86455 3
86465 1
86467 0
86467 2
86467 5
86469 3
86479 1
86482 0
86482 2
86482 4
86485 3
86495 1
86496 0
86497 4
86497 5
86498 2
86499 3
86509 1
86511 0
86512 4
86513 2
86515 3
86516 5
86525 1
86526 0
86526 4
86527 4
86528 2
86529 3
86541 0
86541 1
86542 4
86542 5
86543 2
86543 3
86555 1
86556 0
86556 4
86557 4
86558 2
86559 3
86570 0
86571 1
86572 4
86573 3
86574 2
86575 5
86585 0
86587 1
86587 3
86587 5
86589 2
86600 0
86600 1
86601 4
86602 4
86604 2
86604 3
86605 5
86615 0
86616 1
86617 4
86618 3
86619 2
86620 5
86630 0
86631 4
86632 1
86632 3
86632 5
86634 2
86645 0
86646 1
86646 4
86647 4
86648 3
86649 2
86660 0
86661 4
86662 1
86662 3
86662 4
86664 2
86675 0
86676 3
86676 4
86677 4
86678 1
86679 2
86690 0
86690 3
86692 5
86694 1
86694 2
86705 0
86706 3
86706 4
86707 4
86708 1
86709 2
86720 0
86720 3
86722 4
86724 1
86724 2
86735 0
86735 3
86737 5
86739 1
86739 2
86751 0
86751 3
86752 4
86753 1
86753 2
86765 3
86766 0
86766 5
86767 4
86768 2
86769 1
86779 3
86780 5
86781 0
86782 5
86783 2
86785 1
86795 3
86796 0
86796 5
86797 4
86798 2
86799 1
86809 3
86810 5
86812 0
86812 2
86812 5
86815 1
86825 3
86826 5
86827 0
86827 2
86827 4
86829 1
86839 3
86840 5
86842 0
86842 2
86842 5
86845 1
86855 3
86856 5
86857 0
86857 2
86857 4
86859 1
86869 3
86870 5
86871 2
86872 5
86873 0
86875 1
86876 4
86885 3
86886 2
86886 5
86887 4
86888 0
86889 1
86899 3
86900 5
86901 2
86902 4
86903 0
86905 1
86906 4
86913 3
86914 5
86916 2
86917 5
86918 0
86921 1
86922 4
86929 3
86930 2
86930 5
86932 5
86934 0
86935 1
86936 4
86945 2
86945 3
86946 5
86947 4
86949 0
86949 1
86950 4
86958 3
86959 5
86960 2
86962 5
86964 0
86966 1
86967 4
86974 2
86974 3
86975 5
86977 5
86980 0
86980 1
86981 4
86989 2
86990 3
86991 5
86992 5
86994 1
86995 0
86996 4
87004 2
87006 3
87007 5
87008 1
87010 0
87011 4
87019 2
87022 1
87022 3
87022 5
87025 0
87034 2
87037 1
87037 3
87037 5
87040 0
87049 2
87051 1
87052 5
87053 3
87055 0
87064 2
87065 1
87067 5
87069 3
87070 0
87079 1
87079 2
87082 5
87085 0
87085 3
87093 1
87094 2
87094 4
87097 5
87100 0
87101 3
87107 1
87108 4
87110 2
87112 5
87114 0
87117 3
87122 1
87123 4
87125 2
87127 4
87129 0
87132 3
87138 1
87139 4
87141 2
87142 5
87143 0
87146 3
87152 1
87153 4
87156 2
87157 4
87158 0
87162 3
87168 1
87169 4
87172 0
87172 2
87172 5
87176 3
87182 1
87183 4
87187 0
87187 2
87187 4
87192 3
87198 1
87199 4
87202 0
87202 2
87202 5
87206 3
87212 1
87213 4
87216 0
87217 4
87218 2
87222 3
87223 5
87228 1
87229 4
87231 0
87232 5
87233 2
87236 3
87237 5
87242 1
87243 4
87245 0
87247 4
87249 2
87252 3
87253 5
87258 1
87259 4
87260 0
87262 4
87264 2
87266 3
87267 5
87273 1
87274 0
87274 4
87277 4
87280 2
87281 3
87282 5
87289 0
87289 1
87290 4
87292 5
87295 2
87295 3
87296 5
87303 1
87304 0
87304 4
87307 4
87310 2
87311 3
87312 5
87318 0
87319 1
87320 4
87322 4
87325 3
87326 2
87327 5
