185121 2
185122 1
185122 3
185122 5
185123 0
185136 1
185136 2
185137 4
185138 0
185138 3
185151 2
185152 1
185152 3
185152 5
185153 0
185166 1
185166 2
185167 4
185168 0
185168 3
185181 2
185182 1
185182 3
185182 5
185183 0
185196 1
185196 2
185197 5
185198 0
185198 3
185210 1
185211 2
185211 4
185212 4
185213 0
185214 3
185226 1
185227 0
185227 2
185227 4
185227 5
185228 3
185240 1
185241 4
185242 0
185242 2
185242 4
185244 3
185256 1
185257 0
185257 2
185257 4
185257 5
185258 3
185270 1
185271 4
185272 0
185272 2
185272 4
185274 3
185287 0
185287 1
185287 2
185287 3
185287 5
185301 1
185302 0
185302 2
185302 4
185303 3
185317 0
185317 1
185317 2
185317 3
185317 5
185331 1
185332 0
185332 2
185332 4
185333 3
185347 0
185347 1
185347 2
185347 3
185347 5
185360 1
185361 4
185362 0
185362 2
185362 4
185364 3
185376 1
185377 0
185377 2
185377 4
185377 5
185378 3
185390 1
185391 0
185391 4
185392 4
185393 2
185394 3
185406 0
185406 1
185407 4
185407 5
185408 2
185408 3
185420 1
185421 0
185421 4
185422 4
185423 2
185424 3
185436 0
185436 1
185437 4
185438 2
185438 3
185451 0
185452 1
185452 3
185452 4
185452 5
185453 2
185466 0
185466 1
185467 4
185468 2
185468 3
185481 0
185482 1
185482 3
185482 4
185482 5
185483 2
185496 0
185496 1
185497 4
185498 2
185498 3
185511 0
185512 1
185512 3
185512 4
185512 5
185513 2
185526 0
185526 1
185527 4
185528 2
185528 3
185541 0
185542 1
185542 3
185542 4
185543 2
185556 0
185556 3
185557 4
185558 1
185558 2
185570 3
185571 0
185572 5
185573 2
185574 1
185586 0
185586 3
185587 4
185588 1
185588 2
185600 3
185601 0
185602 5
185603 2
185604 1
185616 0
185616 3
185617 4
185618 1
185618 2
185630 3
185631 0
185632 4
185633 2
185634 1
185644 3
185646 0
185647 5
185648 2
185650 1
185661 3
185662 0
185662 2
185662 4
185663 1
185675 3
185677 0
185677 2
185677 5
185679 1
185691 3
185692 0
185692 2
185692 4
185693 1
185705 3
185707 0
185707 2
185707 5
185709 1
185721 3
185722 0
185722 2
185722 5
185723 1
185736 2
185737 1
185737 3
185737 4
185738 0
185750 3
185751 2
185751 5
185752 5
185753 0
185754 1
185766 2
185766 3
185767 4
185767 5
185768 0
185768 1
185780 3
185781 2
185781 5
185782 5
185783 0
185784 1
185796 2
185796 3
185797 4
185797 5
185798 0
185798 1
185810 3
185811 2
185811 5
185812 5
185813 0
185814 1
185826 2
185826 3
185827 5
185828 0
185828 1
185841 2
185842 1
185842 3
185842 4
185843 0
185856 2
185856 3
185857 5
185858 0
185858 1
185871 2
185872 1
185872 3
185872 5
185873 0
185886 1
185886 2
185887 4
185888 0
185888 3
185901 2
185902 1
185902 3
185902 5
185903 0
185916 1
185916 2
185917 5
185918 0
185918 3
185930 1
185931 2
185932 4
185933 0
185934 3
185946 1
185946 2
185947 5
185948 0
185948 3
185960 1
185961 2
185962 4
185963 0
185964 3
185976 2
185977 1
185977 3
185977 5
185978 0
185991 1
185991 2
185992 5
185993 0
185993 3
186005 1
186006 2
186007 4
186008 0
186009 3
186021 1
186022 0
186022 2
186022 5
186023 3
186035 1
186037 0
186037 2
186037 4
186039 3
186051 1
186052 0
186052 2
186052 5
186053 3
186065 1
186066 4
186067 0
186067 2
186067 4
186069 3
186081 1
186082 0
186082 2
186082 4
186082 5
186083 3
186095 1
186096 4
186097 0
186097 2
186097 4
186099 3
186111 0
186111 1
186112 4
186112 5
186113 2
186113 3
186125 1
186126 0
186126 4
186127 4
186128 2
186129 3
186141 0
186141 1
186142 4
186143 2
186143 3
186156 0
186157 1
186157 3
186157 5
186158 2
186171 0
186171 1
186172 4
186173 2
186173 3
186186 0
186186 1
186187 4
186187 5
186188 2
186188 3
186200 1
186201 0
186201 4
186202 4
186203 2
186204 3
186216 0
186216 1
186217 4
186218 2
186218 3
186231 0
186232 1
186232 3
186232 4
186233 2
186246 0
186246 3
186247 5
186248 1
186248 2
186261 0
186262 1
186262 3
186262 5
186263 2
186276 0
186276 1
186277 4
186278 2
186278 3
186291 0
186292 1
186292 3
186292 4
186293 2
186306 0
186306 3
186307 4
186308 1
186308 2
186320 3
186321 0
186322 5
186323 2
186324 1
186336 0
186336 3
186337 5
186338 1
186338 2
186351 0
186352 1
186352 3
186352 4
186353 2
186366 0
186367 1
186367 3
186367 4
186368 2
186381 0
186381 3
186382 4
186383 1
186383 2
186395 3
186396 0
186397 5
186398 2
186399 1
186411 0
186411 3
186412 4
186413 1
186413 2
186425 3
186426 0
186427 4
186428 2
186429 1
186439 3
186442 0
186442 2
186442 5
186445 1
186455 3
186457 0
186457 2
186457 4
186459 1
186469 3
186472 0
186472 2
186472 5
186475 1
186485 3
186487 0
186487 2
186487 4
186489 1
186499 3
186501 2
186502 5
186503 0
186505 1
186506 4
186515 3
186516 2
186517 5
186518 0
186519 1
186520 4
186531 2
186531 3
186532 4
186532 5
186533 0
186533 1
186545 3
186546 2
186546 5
186547 5
186548 0
186549 1
186560 2
186561 3
186562 5
186563 1
186564 0
186565 4
186575 2
186576 3
186577 4
186577 5
186578 1
186579 0
186590 2
186590 3
186591 5
186592 5
186594 0
186594 1
186595 4
186605 2
186606 3
186607 5
186608 1
186609 0
186610 4
186620 2
186622 1
186622 3
186622 4
186624 0
186635 2
186636 3
186637 5
186638 1
186639 0
186640 4
186650 2
186652 1
186652 3
186652 5
186654 0
186665 2
186666 1
186667 5
186668 3
186669 0
186680 1
186680 2
186682 4
186684 0
186684 3
186695 2
186696 1
186696 5
186697 5
186698 3
186699 0
186710 2
186711 1
186711 5
186712 5
186713 3
186714 0
186725 1
186725 2
186727 4
186729 0
186729 3
186741 1
186741 2
186742 5
186743 0
186743 3
186755 1
186756 2
186756 4
186757 5
186758 0
186759 3
186769 1
186770 4
186771 2
186772 4
186773 0
186775 3
186785 1
186786 2
186786 4
186787 5
186788 0
186789 3
186799 1
186800 4
186801 2
186802 4
186803 0
186805 3
186815 1
186816 4
186817 0
186817 2
186817 5
186819 3
186829 1
186830 4
186832 0
186832 2
186832 4
186835 3
186845 1
186846 4
186847 0
186847 2
186847 5
186849 3
186859 1
186860 4
186862 0
186862 2
186862 4
186865 3
186875 1
186876 0
186876 4
186877 5
186878 2
186879 3
186889 1
186890 4
186891 0
186892 4
186893 2
186895 3
186896 5
186905 1
186906 0
186906 4
186907 5
186908 2
186909 3
186919 1
186920 4
186921 0
186922 4
186923 2
186925 3
186926 5
186935 0
186935 1
186936 4
186937 4
186939 2
186939 3
186940 5
186950 0
186951 1
186952 4
186952 5
186953 3
186954 2
186965 0
186965 1
186966 4
186967 4
186969 2
186969 3
186970 5
186980 0
186981 1
186982 4
186983 3
186984 2
186985 5
186995 0
186996 1
186997 4
186998 3
186999 2
187000 5
187010 0
187012 1
187012 3
187012 5
187014 2
187025 0
187026 1
187027 4
187028 3
187029 2
187030 5
187040 0
187042 1
187042 3
187042 4
187044 2
187055 0
187056 3
187057 4
187058 1
187059 2
187070 0
187070 3
187072 4
187074 1
187074 2
187084 3
187085 0
187087 5
187089 2
187090 1
187100 0
187101 3
187102 4
187103 1
187104 2
187115 0
187115 3
187117 4
187119 1
187119 2
187129 3
187131 0
187132 5
187133 2
187135 1
187145 3
187146 0
187147 4
187148 2
187149 1
187159 3
187161 0
187162 4
187163 2
187165 1
187173 3
187174 5
187176 0
187177 5
187178 2
187181 1
187189 3
187190 5
187192 0
187192 2
187192 4
187195 1
187203 3
187204 5
187207 0
187207 2
187207 5
187211 1
187219 3
187220 5
187222 0
187222 2
187222 4
187225 1
187233 3
187234 5
187236 2
187237 5
187238 0
187241 1
187242 4
187249 3
187250 5
187251 2
187252 5
187253 0
187255 1
187256 4
187265 3
187266 2
187266 5
187267 4
187268 0
187269 1
187279 3
187280 2
187280 5
187282 5
187284 0
187285 1
187286 4
187295 2
187295 3
187296 5
187297 5
187299 0
187299 1
187300 4
187310 2
187311 3
187312 5
187313 1
187314 0
187315 4
187325 2
187326 3
187327 4
187327 5
187328 1
187329 0
187340 2
187340 3
187341 5
187342 5
187344 0
187344 1
187345 4
187355 2
187356 3
187357 5
187358 1
187359 0
187360 4
187369 2
187372 1
187372 3
187372 5
187375 0
187384 2
187385 5
187386 1
187387 5
187388 3
187390 0
187400 1
187400 2
187402 4
187404 0
187404 3
187415 2
187416 1
187416 5
187417 5
187418 3
187419 0
187430 2
187431 1
187431 5
187432 5
187433 3
187434 0
187445 1
187445 2
187447 5
187449 0
187449 3
187459 1
187460 2
187460 4
187462 4
187464 0
187465 3
187475 1
187475 2
187477 5
187479 0
187479 3
187489 1
187490 4
187491 2
187492 5
187493 0
187495 3
187503 1
187504 4
187506 2
187507 4
187508 0
187511 3
187519 1
187520 4
187521 2
187522 5
187523 0
187525 3
187533 1
187534 4
187536 2
187537 4
187538 0
187541 3
187549 1
187550 4
187552 0
187552 2
187552 5
187555 3
187563 1
187564 4
187567 0
187567 2
187567 4
187571 3
187579 1
187580 4
187582 0
187582 2
187582 5
187585 3
187593 1
187594 4
187596 0
187597 4
187598 2
187601 3
187602 5
187609 1
187610 4
187611 0
187612 5
187613 2
187615 3
187616 5
187623 1
187624 4
187626 0
187627 4
187628 2
187631 3
187632 5
187639 1
187640 0
187640 4
187642 4
187644 2
187645 3
187646 5
187655 0
187655 1
187656 4
187657 5
187659 2
187659 3
187660 5
187669 1
187670 0
187670 4
187672 4
187674 2
187675 3
187676 5
187685 0
187685 1
187686 4
187687 4
187689 2
187689 3
187690 5
187699 0
187701 1
187702 4
187703 3
187705 2
187706 5
187714 0
187717 1
187717 3
187717 4
187720 2
187729 0
187732 1
187732 3
187732 5
187735 2
187744 0
187746 1
187747 4
187748 3
187750 2
187751 5
187759 0
187762 1
187762 3
187762 4
187765 2
187774 0
187776 3
187777 4
187778 1
187780 2
187789 0
187790 3
187792 4
187794 1
187795 2
187804 3
187805 0
187805 5
187807 5
187809 2
187810 1
187820 0
187821 3
187822 4
187823 1
187824 2
187835 0
187835 3
187837 4
187839 1
187839 2
187849 3
187850 0
187850 5
187852 4
187854 2
187855 1
187863 3
187864 5
187865 0
187867 5
187869 2
187871 1
187879 3
187880 5
187881 0
187882 4
187883 2
187885 1
187893 3
187894 5
187896 0
187897 5
187898 2
187901 1
187909 3
187910 5
187911 0
187912 4
187913 2
187915 1
187923 3
187924 5
187927 0
187927 2
187927 4
187931 1
187937 3
187938 5
187942 0
187942 2
187942 5
187947 1
187953 3
187954 5
187956 2
187957 5
187958 0
187961 1
187962 4
187969 3
187970 5
187971 2
187972 4
187973 0
187975 1
187976 4
187983 3
187984 5
187986 2
187987 5
187988 0
187991 1
187992 4
187999 3
188000 2
188000 5
188002 4
188004 0
188005 1
188006 4
188013 3
188014 5
188015 2
188017 5
188019 0
188021 1
188022 4
188029 3
188030 2
188030 5
188032 5
188034 0
188035 1
188036 4
188045 2
188045 3
188046 5
188047 5
188049 0
188049 1
188050 4
188059 2
188061 3
188062 5
188063 1
188065 0
188066 4
188074 2
188076 3
188077 4
188077 5
188078 1
188080 0
188089 2
188090 3
188091 5
188092 5
188094 1
188095 0
188096 4
188104 2
188106 3
188107 5
188108 1
188110 0
188111 4
188119 2
188122 1
188122 3
188122 5
188125 0
