25237 0
25237 1
25237 2
25237 3
25237 4
25251 3
25252 0
25252 2
25252 5
25253 1
25267 0
25267 1
25267 2
25267 3
25267 5
25281 1
25282 0
25282 2
25282 5
25283 3
25295 1
25297 0
25297 2
25297 4
25299 3
25311 1
25312 0
25312 2
25312 5
25313 3
25325 1
25327 0
25327 2
25327 4
25329 3
25341 1
25342 0
25342 2
25342 5
25343 3
25355 1
25356 0
25357 4
25358 2
25359 3
25371 0
25371 1
25372 4
25373 2
25373 3
25386 0
25387 1
25387 3
25387 5
25388 2
25401 0
25401 1
25402 4
25402 5
25403 2
25403 3
25415 1
25416 0
25417 4
25417 5
25418 2
25419 3
25429 1
25431 0
25432 4
25433 2
25435 3
25445 1
25446 0
25447 4
25447 5
25448 2
25449 3
25459 1
25460 0
25461 4
25462 4
25464 2
25465 3
25475 0
25475 1
25476 4
25477 4
25479 2
25479 3
25490 0
25490 1
25491 4
25492 5
25494 2
25494 3
25504 1
25505 0
25506 4
25507 4
25509 2
25510 3
25519 0
25520 1
25521 4
25522 4
25524 3
25525 2
25534 0
25536 1
25537 5
25538 3
25540 2
25549 0
25550 1
25551 4
25552 4
25554 3
25555 2
25564 0
25566 1
25567 4
25568 3
25570 2
25579 0
25581 1
25582 4
25583 3
25585 2
25594 0
25597 1
25597 3
25597 5
25600 2
25609 0
25611 1
25612 5
25613 3
25615 2
25624 0
25625 1
25626 4
25627 4
25629 3
25630 2
25638 0
25639 4
25641 1
25642 4
25643 3
25646 2
