25230 tensor([[ 0.8927,  0.0115],
        [ 0.4920, -0.5854],
        [-0.8727,  0.0024],
        [-0.4910,  0.5952]], device='cuda:0')
25231 tensor([[ 0.8930,  0.0116],
        [ 0.4923, -0.5852],
        [-0.8729,  0.0023],
        [-0.4911,  0.5951]], device='cuda:0')
25232 tensor([[ 0.8932,  0.0117],
        [ 0.4926, -0.5851],
        [-0.8731,  0.0022],
        [-0.4913,  0.5950]], device='cuda:0')
25233 tensor([[ 0.8935,  0.0118],
        [ 0.4928, -0.5850],
        [-0.8733,  0.0021],
        [-0.4915,  0.5949]], device='cuda:0')
25234 tensor([[ 0.8938,  0.0119],
        [ 0.4931, -0.5849],
        [-0.8734,  0.0020],
        [-0.4917,  0.5948]], device='cuda:0')
25235 tensor([[ 0.8941,  0.0120],
        [ 0.4934, -0.5848],
        [-0.8736,  0.0019],
        [-0.4919,  0.5947]], device='cuda:0')
25236 tensor([[ 0.8943,  0.0121],
        [ 0.4937, -0.5847],
        [-0.8738,  0.0018],
        [-0.4921,  0.5946]], device='cuda:0')
25237 tensor([[ 0.8946,  0.0122],
        [ 0.4939, -0.5846],
        [-0.8740,  0.0017],
        [-0.4923,  0.5945]], device='cuda:0')
25238 tensor([[ 0.8949,  0.0123],
        [ 0.4942, -0.5845],
        [-0.8742,  0.0016],
        [-0.4925,  0.5944]], device='cuda:0')
25239 tensor([[ 0.8951,  0.0124],
        [ 0.4945, -0.5844],
        [-0.8743,  0.0015],
        [-0.4926,  0.5943]], device='cuda:0')
25240 tensor([[ 0.8954,  0.0125],
        [ 0.4947, -0.5843],
        [-0.8745,  0.0014],
        [-0.4928,  0.5942]], device='cuda:0')
25241 tensor([[ 0.8956,  0.0126],
        [ 0.4950, -0.5843],
        [-0.8747,  0.0013],
        [-0.4930,  0.5941]], device='cuda:0')
25242 tensor([[ 0.8959,  0.0127],
        [ 0.4952, -0.5842],
        [-0.8748,  0.0012],
        [-0.4931,  0.5940]], device='cuda:0')
25243 tensor([[ 0.8962,  0.0128],
        [ 0.4955, -0.5841],
        [-0.8750,  0.0011],
        [-0.4933,  0.5939]], device='cuda:0')
25244 tensor([[ 0.8964,  0.0129],
        [ 0.4958, -0.5840],
        [-0.8752,  0.0010],
        [-0.4935,  0.5938]], device='cuda:0')
25245 tensor([[ 0.8967,  0.0130],
        [ 0.4960, -0.5839],
        [-0.8753,  0.0009],
        [-0.4937,  0.5936]], device='cuda:0')
25246 tensor([[ 8.9692e-01,  1.3052e-02],
        [ 4.9628e-01, -5.8380e-01],
        [-8.7550e-01,  8.3498e-04],
        [-4.9383e-01,  5.9355e-01]], device='cuda:0')
25247 tensor([[ 8.9717e-01,  1.3142e-02],
        [ 4.9653e-01, -5.8371e-01],
        [-8.7567e-01,  7.3680e-04],
        [-4.9399e-01,  5.9344e-01]], device='cuda:0')
25248 tensor([[ 8.9742e-01,  1.3232e-02],
        [ 4.9678e-01, -5.8362e-01],
        [-8.7583e-01,  6.3917e-04],
        [-4.9416e-01,  5.9334e-01]], device='cuda:0')
25249 tensor([[ 8.9767e-01,  1.3321e-02],
        [ 4.9703e-01, -5.8353e-01],
        [-8.7599e-01,  5.4207e-04],
        [-4.9433e-01,  5.9324e-01]], device='cuda:0')
25250 tensor([[ 8.9792e-01,  1.3409e-02],
        [ 4.9728e-01, -5.8344e-01],
        [-8.7615e-01,  4.4552e-04],
        [-4.9449e-01,  5.9314e-01]], device='cuda:0')
25251 tensor([[ 8.9817e-01,  1.3497e-02],
        [ 4.9753e-01, -5.8335e-01],
        [-8.7631e-01,  3.4949e-04],
        [-4.9466e-01,  5.9304e-01]], device='cuda:0')
25252 tensor([[ 8.9841e-01,  1.3585e-02],
        [ 4.9778e-01, -5.8326e-01],
        [-8.7647e-01,  2.5400e-04],
        [-4.9483e-01,  5.9294e-01]], device='cuda:0')
25253 tensor([[ 8.9865e-01,  1.3676e-02],
        [ 4.9803e-01, -5.8317e-01],
        [-8.7663e-01,  1.6477e-04],
        [-4.9499e-01,  5.9289e-01]], device='cuda:0')
25254 tensor([[ 8.9888e-01,  1.3768e-02],
        [ 4.9827e-01, -5.8312e-01],
        [-8.7680e-01,  7.6034e-05],
        [-4.9516e-01,  5.9283e-01]], device='cuda:0')
25255 tensor([[ 8.9912e-01,  1.3859e-02],
        [ 4.9850e-01, -5.8306e-01],
        [-8.7696e-01, -1.2211e-05],
        [-4.9533e-01,  5.9278e-01]], device='cuda:0')
25256 tensor([[ 8.9935e-01,  1.3949e-02],
        [ 4.9874e-01, -5.8301e-01],
        [-8.7712e-01, -9.9967e-05],
        [-4.9550e-01,  5.9273e-01]], device='cuda:0')
25257 tensor([[ 8.9959e-01,  1.4039e-02],
        [ 4.9898e-01, -5.8296e-01],
        [-8.7728e-01, -1.8724e-04],
        [-4.9566e-01,  5.9267e-01]], device='cuda:0')
25258 tensor([[ 8.9982e-01,  1.4129e-02],
        [ 4.9921e-01, -5.8291e-01],
        [-8.7744e-01, -2.7402e-04],
        [-4.9583e-01,  5.9262e-01]], device='cuda:0')
25259 tensor([[ 9.0005e-01,  1.4217e-02],
        [ 4.9944e-01, -5.8285e-01],
        [-8.7760e-01, -3.6033e-04],
        [-4.9599e-01,  5.9257e-01]], device='cuda:0')
25260 tensor([[ 9.0028e-01,  1.4306e-02],
        [ 4.9967e-01, -5.8280e-01],
        [-8.7776e-01, -4.4616e-04],
        [-4.9615e-01,  5.9251e-01]], device='cuda:0')
25261 tensor([[ 9.0050e-01,  1.4394e-02],
        [ 4.9991e-01, -5.8275e-01],
        [-8.7791e-01, -5.3151e-04],
        [-4.9631e-01,  5.9246e-01]], device='cuda:0')
25262 tensor([[ 9.0073e-01,  1.4481e-02],
        [ 5.0013e-01, -5.8270e-01],
        [-8.7807e-01, -6.1639e-04],
        [-4.9647e-01,  5.9241e-01]], device='cuda:0')
25263 tensor([[ 9.0095e-01,  1.4568e-02],
        [ 5.0036e-01, -5.8265e-01],
        [-8.7822e-01, -7.0080e-04],
        [-4.9663e-01,  5.9236e-01]], device='cuda:0')
25264 tensor([[ 9.0118e-01,  1.4655e-02],
        [ 5.0059e-01, -5.8260e-01],
        [-8.7838e-01, -7.8474e-04],
        [-4.9679e-01,  5.9231e-01]], device='cuda:0')
25265 tensor([[ 9.0140e-01,  1.4741e-02],
        [ 5.0081e-01, -5.8255e-01],
        [-8.7853e-01, -8.6822e-04],
        [-4.9695e-01,  5.9226e-01]], device='cuda:0')
25266 tensor([[ 0.9016,  0.0148],
        [ 0.5010, -0.5825],
        [-0.8787, -0.0010],
        [-0.4971,  0.5922]], device='cuda:0')
25267 tensor([[ 0.9018,  0.0149],
        [ 0.5013, -0.5824],
        [-0.8788, -0.0010],
        [-0.4973,  0.5922]], device='cuda:0')
25268 tensor([[ 0.9021,  0.0150],
        [ 0.5015, -0.5824],
        [-0.8790, -0.0011],
        [-0.4974,  0.5921]], device='cuda:0')
25269 tensor([[ 0.9023,  0.0151],
        [ 0.5017, -0.5823],
        [-0.8791, -0.0012],
        [-0.4976,  0.5921]], device='cuda:0')
25270 tensor([[ 0.9025,  0.0152],
        [ 0.5019, -0.5823],
        [-0.8793, -0.0013],
        [-0.4977,  0.5920]], device='cuda:0')
25271 tensor([[ 0.9027,  0.0152],
        [ 0.5021, -0.5822],
        [-0.8794, -0.0014],
        [-0.4979,  0.5920]], device='cuda:0')
25272 tensor([[ 0.9029,  0.0153],
        [ 0.5024, -0.5822],
        [-0.8796, -0.0014],
        [-0.4980,  0.5919]], device='cuda:0')
25273 tensor([[ 0.9031,  0.0154],
        [ 0.5026, -0.5821],
        [-0.8797, -0.0015],
        [-0.4982,  0.5919]], device='cuda:0')
25274 tensor([[ 0.9033,  0.0155],
        [ 0.5028, -0.5821],
        [-0.8799, -0.0016],
        [-0.4983,  0.5918]], device='cuda:0')
25275 tensor([[ 0.9036,  0.0156],
        [ 0.5030, -0.5821],
        [-0.8800, -0.0017],
        [-0.4985,  0.5918]], device='cuda:0')
25276 tensor([[ 0.9038,  0.0157],
        [ 0.5032, -0.5820],
        [-0.8802, -0.0018],
        [-0.4986,  0.5917]], device='cuda:0')
25277 tensor([[ 0.9040,  0.0157],
        [ 0.5034, -0.5820],
        [-0.8803, -0.0018],
        [-0.4988,  0.5917]], device='cuda:0')
25278 tensor([[ 0.9042,  0.0158],
        [ 0.5036, -0.5819],
        [-0.8805, -0.0019],
        [-0.4989,  0.5916]], device='cuda:0')
25279 tensor([[ 0.9044,  0.0159],
        [ 0.5038, -0.5819],
        [-0.8806, -0.0020],
        [-0.4991,  0.5916]], device='cuda:0')
25280 tensor([[ 0.9046,  0.0160],
        [ 0.5040, -0.5818],
        [-0.8807, -0.0021],
        [-0.4992,  0.5915]], device='cuda:0')
25281 tensor([[ 0.9048,  0.0161],
        [ 0.5042, -0.5818],
        [-0.8809, -0.0021],
        [-0.4994,  0.5915]], device='cuda:0')
25282 tensor([[ 0.9050,  0.0161],
        [ 0.5044, -0.5817],
        [-0.8810, -0.0022],
        [-0.4995,  0.5914]], device='cuda:0')
25283 tensor([[ 0.9052,  0.0162],
        [ 0.5047, -0.5816],
        [-0.8812, -0.0023],
        [-0.4997,  0.5914]], device='cuda:0')
25284 tensor([[ 0.9054,  0.0163],
        [ 0.5049, -0.5816],
        [-0.8813, -0.0024],
        [-0.4998,  0.5913]], device='cuda:0')
25285 tensor([[ 0.9056,  0.0164],
        [ 0.5051, -0.5815],
        [-0.8814, -0.0024],
        [-0.4999,  0.5912]], device='cuda:0')
25286 tensor([[ 0.9058,  0.0165],
        [ 0.5053, -0.5814],
        [-0.8816, -0.0025],
        [-0.5001,  0.5911]], device='cuda:0')
25287 tensor([[ 0.9060,  0.0165],
        [ 0.5055, -0.5813],
        [-0.8817, -0.0026],
        [-0.5002,  0.5911]], device='cuda:0')
25288 tensor([[ 0.9062,  0.0166],
        [ 0.5057, -0.5812],
        [-0.8818, -0.0027],
        [-0.5004,  0.5910]], device='cuda:0')
25289 tensor([[ 0.9064,  0.0167],
        [ 0.5058, -0.5811],
        [-0.8820, -0.0027],
        [-0.5005,  0.5909]], device='cuda:0')
25290 tensor([[ 0.9066,  0.0168],
        [ 0.5060, -0.5811],
        [-0.8821, -0.0028],
        [-0.5006,  0.5908]], device='cuda:0')
25291 tensor([[ 0.9068,  0.0168],
        [ 0.5062, -0.5810],
        [-0.8822, -0.0029],
        [-0.5008,  0.5907]], device='cuda:0')
25292 tensor([[ 0.9069,  0.0169],
        [ 0.5064, -0.5809],
        [-0.8824, -0.0029],
        [-0.5009,  0.5907]], device='cuda:0')
25293 tensor([[ 0.9071,  0.0170],
        [ 0.5066, -0.5808],
        [-0.8825, -0.0030],
        [-0.5010,  0.5906]], device='cuda:0')
25294 tensor([[ 0.9073,  0.0171],
        [ 0.5068, -0.5807],
        [-0.8826, -0.0031],
        [-0.5012,  0.5905]], device='cuda:0')
25295 tensor([[ 0.9075,  0.0171],
        [ 0.5070, -0.5807],
        [-0.8828, -0.0032],
        [-0.5013,  0.5904]], device='cuda:0')
25296 tensor([[ 0.9077,  0.0172],
        [ 0.5072, -0.5806],
        [-0.8829, -0.0032],
        [-0.5015,  0.5903]], device='cuda:0')
25297 tensor([[ 0.9079,  0.0173],
        [ 0.5074, -0.5805],
        [-0.8830, -0.0033],
        [-0.5016,  0.5903]], device='cuda:0')
25298 tensor([[ 0.9081,  0.0173],
        [ 0.5076, -0.5805],
        [-0.8832, -0.0034],
        [-0.5017,  0.5902]], device='cuda:0')
25299 tensor([[ 0.9083,  0.0174],
        [ 0.5078, -0.5804],
        [-0.8833, -0.0034],
        [-0.5018,  0.5901]], device='cuda:0')
25300 tensor([[ 0.9084,  0.0175],
        [ 0.5081, -0.5803],
        [-0.8834, -0.0035],
        [-0.5020,  0.5900]], device='cuda:0')
25301 tensor([[ 0.9086,  0.0175],
        [ 0.5083, -0.5802],
        [-0.8835, -0.0036],
        [-0.5021,  0.5900]], device='cuda:0')
25302 tensor([[ 0.9088,  0.0176],
        [ 0.5085, -0.5802],
        [-0.8836, -0.0037],
        [-0.5023,  0.5899]], device='cuda:0')
25303 tensor([[ 0.9090,  0.0177],
        [ 0.5087, -0.5801],
        [-0.8838, -0.0037],
        [-0.5025,  0.5898]], device='cuda:0')
25304 tensor([[ 0.9092,  0.0177],
        [ 0.5089, -0.5800],
        [-0.8839, -0.0038],
        [-0.5026,  0.5897]], device='cuda:0')
25305 tensor([[ 0.9094,  0.0178],
        [ 0.5092, -0.5800],
        [-0.8840, -0.0039],
        [-0.5028,  0.5896]], device='cuda:0')
25306 tensor([[ 0.9096,  0.0179],
        [ 0.5094, -0.5799],
        [-0.8841, -0.0039],
        [-0.5029,  0.5896]], device='cuda:0')
25307 tensor([[ 0.9097,  0.0179],
        [ 0.5096, -0.5798],
        [-0.8842, -0.0040],
        [-0.5031,  0.5895]], device='cuda:0')
25308 tensor([[ 0.9099,  0.0180],
        [ 0.5098, -0.5798],
        [-0.8843, -0.0041],
        [-0.5032,  0.5894]], device='cuda:0')
25309 tensor([[ 0.9101,  0.0180],
        [ 0.5100, -0.5797],
        [-0.8845, -0.0042],
        [-0.5034,  0.5893]], device='cuda:0')
25310 tensor([[ 0.9103,  0.0181],
        [ 0.5102, -0.5796],
        [-0.8846, -0.0042],
        [-0.5035,  0.5892]], device='cuda:0')
25311 tensor([[ 0.9105,  0.0182],
        [ 0.5104, -0.5796],
        [-0.8847, -0.0043],
        [-0.5037,  0.5892]], device='cuda:0')
25312 tensor([[ 0.9106,  0.0182],
        [ 0.5106, -0.5795],
        [-0.8848, -0.0044],
        [-0.5038,  0.5891]], device='cuda:0')
25313 tensor([[ 0.9108,  0.0183],
        [ 0.5108, -0.5794],
        [-0.8849, -0.0044],
        [-0.5040,  0.5890]], device='cuda:0')
25314 tensor([[ 0.9110,  0.0184],
        [ 0.5110, -0.5793],
        [-0.8850, -0.0045],
        [-0.5041,  0.5889]], device='cuda:0')
25315 tensor([[ 0.9111,  0.0184],
        [ 0.5112, -0.5792],
        [-0.8852, -0.0046],
        [-0.5043,  0.5888]], device='cuda:0')
25316 tensor([[ 0.9113,  0.0185],
        [ 0.5114, -0.5791],
        [-0.8853, -0.0046],
        [-0.5044,  0.5887]], device='cuda:0')
25317 tensor([[ 0.9115,  0.0186],
        [ 0.5116, -0.5790],
        [-0.8854, -0.0047],
        [-0.5046,  0.5886]], device='cuda:0')
25318 tensor([[ 0.9116,  0.0186],
        [ 0.5118, -0.5789],
        [-0.8855, -0.0047],
        [-0.5047,  0.5885]], device='cuda:0')
25319 tensor([[ 0.9118,  0.0187],
        [ 0.5120, -0.5788],
        [-0.8856, -0.0048],
        [-0.5049,  0.5884]], device='cuda:0')
25320 tensor([[ 0.9120,  0.0187],
        [ 0.5122, -0.5787],
        [-0.8857, -0.0049],
        [-0.5050,  0.5883]], device='cuda:0')
25321 tensor([[ 0.9121,  0.0188],
        [ 0.5124, -0.5786],
        [-0.8858, -0.0049],
        [-0.5051,  0.5882]], device='cuda:0')
25322 tensor([[ 0.9123,  0.0189],
        [ 0.5126, -0.5785],
        [-0.8859, -0.0050],
        [-0.5053,  0.5881]], device='cuda:0')
25323 tensor([[ 0.9124,  0.0189],
        [ 0.5128, -0.5784],
        [-0.8861, -0.0050],
        [-0.5054,  0.5880]], device='cuda:0')
25324 tensor([[ 0.9126,  0.0190],
        [ 0.5130, -0.5783],
        [-0.8862, -0.0051],
        [-0.5056,  0.5879]], device='cuda:0')
25325 tensor([[ 0.9128,  0.0191],
        [ 0.5132, -0.5782],
        [-0.8863, -0.0052],
        [-0.5057,  0.5878]], device='cuda:0')
25326 tensor([[ 0.9129,  0.0191],
        [ 0.5134, -0.5781],
        [-0.8864, -0.0052],
        [-0.5059,  0.5877]], device='cuda:0')
25327 tensor([[ 0.9131,  0.0192],
        [ 0.5135, -0.5780],
        [-0.8865, -0.0053],
        [-0.5060,  0.5876]], device='cuda:0')
25328 tensor([[ 0.9132,  0.0192],
        [ 0.5138, -0.5779],
        [-0.8866, -0.0053],
        [-0.5061,  0.5875]], device='cuda:0')
25329 tensor([[ 0.9134,  0.0193],
        [ 0.5140, -0.5778],
        [-0.8867, -0.0054],
        [-0.5063,  0.5874]], device='cuda:0')
25330 tensor([[ 0.9136,  0.0193],
        [ 0.5142, -0.5777],
        [-0.8868, -0.0055],
        [-0.5064,  0.5873]], device='cuda:0')
25331 tensor([[ 0.9137,  0.0194],
        [ 0.5144, -0.5776],
        [-0.8869, -0.0055],
        [-0.5066,  0.5872]], device='cuda:0')
25332 tensor([[ 0.9139,  0.0195],
        [ 0.5146, -0.5775],
        [-0.8870, -0.0056],
        [-0.5067,  0.5871]], device='cuda:0')
25333 tensor([[ 0.9140,  0.0195],
        [ 0.5149, -0.5774],
        [-0.8871, -0.0057],
        [-0.5069,  0.5870]], device='cuda:0')
25334 tensor([[ 0.9142,  0.0196],
        [ 0.5151, -0.5774],
        [-0.8872, -0.0057],
        [-0.5071,  0.5869]], device='cuda:0')
25335 tensor([[ 0.9143,  0.0196],
        [ 0.5153, -0.5773],
        [-0.8873, -0.0058],
        [-0.5072,  0.5868]], device='cuda:0')
25336 tensor([[ 0.9145,  0.0197],
        [ 0.5155, -0.5772],
        [-0.8874, -0.0058],
        [-0.5074,  0.5867]], device='cuda:0')
25337 tensor([[ 0.9147,  0.0197],
        [ 0.5157, -0.5771],
        [-0.8875, -0.0059],
        [-0.5075,  0.5866]], device='cuda:0')
25338 tensor([[ 0.9148,  0.0198],
        [ 0.5159, -0.5770],
        [-0.8876, -0.0060],
        [-0.5077,  0.5865]], device='cuda:0')
25339 tensor([[ 0.9150,  0.0198],
        [ 0.5161, -0.5769],
        [-0.8877, -0.0060],
        [-0.5079,  0.5864]], device='cuda:0')
25340 tensor([[ 0.9151,  0.0199],
        [ 0.5163, -0.5768],
        [-0.8878, -0.0061],
        [-0.5080,  0.5863]], device='cuda:0')
25341 tensor([[ 0.9153,  0.0199],
        [ 0.5166, -0.5768],
        [-0.8879, -0.0061],
        [-0.5082,  0.5862]], device='cuda:0')
25342 tensor([[ 0.9154,  0.0200],
        [ 0.5168, -0.5767],
        [-0.8880, -0.0062],
        [-0.5083,  0.5861]], device='cuda:0')
25343 tensor([[ 0.9156,  0.0200],
        [ 0.5170, -0.5765],
        [-0.8881, -0.0063],
        [-0.5085,  0.5860]], device='cuda:0')
25344 tensor([[ 0.9157,  0.0201],
        [ 0.5171, -0.5764],
        [-0.8882, -0.0063],
        [-0.5086,  0.5859]], device='cuda:0')
25345 tensor([[ 0.9158,  0.0202],
        [ 0.5173, -0.5763],
        [-0.8883, -0.0064],
        [-0.5088,  0.5858]], device='cuda:0')
25346 tensor([[ 0.9160,  0.0202],
        [ 0.5175, -0.5762],
        [-0.8884, -0.0064],
        [-0.5089,  0.5857]], device='cuda:0')
25347 tensor([[ 0.9161,  0.0203],
        [ 0.5177, -0.5760],
        [-0.8885, -0.0065],
        [-0.5091,  0.5855]], device='cuda:0')
25348 tensor([[ 0.9163,  0.0203],
        [ 0.5179, -0.5759],
        [-0.8886, -0.0065],
        [-0.5092,  0.5854]], device='cuda:0')
25349 tensor([[ 0.9164,  0.0204],
        [ 0.5181, -0.5758],
        [-0.8887, -0.0066],
        [-0.5094,  0.5853]], device='cuda:0')
25350 tensor([[ 0.9165,  0.0204],
        [ 0.5183, -0.5757],
        [-0.8888, -0.0066],
        [-0.5096,  0.5852]], device='cuda:0')
25351 tensor([[ 0.9167,  0.0205],
        [ 0.5185, -0.5756],
        [-0.8889, -0.0067],
        [-0.5097,  0.5851]], device='cuda:0')
25352 tensor([[ 0.9168,  0.0205],
        [ 0.5187, -0.5754],
        [-0.8890, -0.0067],
        [-0.5099,  0.5849]], device='cuda:0')
25353 tensor([[ 0.9169,  0.0206],
        [ 0.5189, -0.5753],
        [-0.8891, -0.0068],
        [-0.5100,  0.5848]], device='cuda:0')
25354 tensor([[ 0.9171,  0.0206],
        [ 0.5191, -0.5752],
        [-0.8892, -0.0068],
        [-0.5102,  0.5847]], device='cuda:0')
25355 tensor([[ 0.9172,  0.0207],
        [ 0.5193, -0.5751],
        [-0.8892, -0.0069],
        [-0.5103,  0.5846]], device='cuda:0')
25356 tensor([[ 0.9173,  0.0207],
        [ 0.5194, -0.5750],
        [-0.8893, -0.0069],
        [-0.5104,  0.5845]], device='cuda:0')
25357 tensor([[ 0.9175,  0.0208],
        [ 0.5196, -0.5749],
        [-0.8894, -0.0070],
        [-0.5106,  0.5844]], device='cuda:0')
25358 tensor([[ 0.9177,  0.0208],
        [ 0.5198, -0.5748],
        [-0.8895, -0.0070],
        [-0.5107,  0.5842]], device='cuda:0')
25359 tensor([[ 0.9178,  0.0209],
        [ 0.5201, -0.5746],
        [-0.8896, -0.0071],
        [-0.5109,  0.5841]], device='cuda:0')
25360 tensor([[ 0.9180,  0.0209],
        [ 0.5203, -0.5745],
        [-0.8898, -0.0071],
        [-0.5110,  0.5840]], device='cuda:0')
25361 tensor([[ 0.9182,  0.0210],
        [ 0.5205, -0.5744],
        [-0.8899, -0.0072],
        [-0.5112,  0.5839]], device='cuda:0')
25362 tensor([[ 0.9184,  0.0210],
        [ 0.5207, -0.5743],
        [-0.8900, -0.0072],
        [-0.5114,  0.5838]], device='cuda:0')
25363 tensor([[ 0.9185,  0.0211],
        [ 0.5209, -0.5742],
        [-0.8901, -0.0073],
        [-0.5115,  0.5837]], device='cuda:0')
25364 tensor([[ 0.9187,  0.0211],
        [ 0.5211, -0.5741],
        [-0.8903, -0.0073],
        [-0.5117,  0.5835]], device='cuda:0')
25365 tensor([[ 0.9189,  0.0212],
        [ 0.5214, -0.5740],
        [-0.8904, -0.0074],
        [-0.5119,  0.5834]], device='cuda:0')
25366 tensor([[ 0.9190,  0.0212],
        [ 0.5216, -0.5739],
        [-0.8905, -0.0074],
        [-0.5120,  0.5833]], device='cuda:0')
25367 tensor([[ 0.9192,  0.0212],
        [ 0.5218, -0.5738],
        [-0.8906, -0.0075],
        [-0.5122,  0.5832]], device='cuda:0')
25368 tensor([[ 0.9194,  0.0213],
        [ 0.5220, -0.5737],
        [-0.8907, -0.0075],
        [-0.5124,  0.5831]], device='cuda:0')
25369 tensor([[ 0.9195,  0.0213],
        [ 0.5222, -0.5736],
        [-0.8909, -0.0076],
        [-0.5125,  0.5830]], device='cuda:0')
25370 tensor([[ 0.9197,  0.0214],
        [ 0.5224, -0.5735],
        [-0.8910, -0.0076],
        [-0.5127,  0.5829]], device='cuda:0')
25371 tensor([[ 0.9199,  0.0214],
        [ 0.5226, -0.5734],
        [-0.8911, -0.0077],
        [-0.5128,  0.5827]], device='cuda:0')
25372 tensor([[ 0.9200,  0.0215],
        [ 0.5228, -0.5733],
        [-0.8912, -0.0077],
        [-0.5130,  0.5826]], device='cuda:0')
25373 tensor([[ 0.9202,  0.0215],
        [ 0.5230, -0.5732],
        [-0.8913, -0.0078],
        [-0.5132,  0.5825]], device='cuda:0')
25374 tensor([[ 0.9204,  0.0215],
        [ 0.5233, -0.5731],
        [-0.8915, -0.0078],
        [-0.5134,  0.5824]], device='cuda:0')
25375 tensor([[ 0.9206,  0.0216],
        [ 0.5235, -0.5730],
        [-0.8916, -0.0079],
        [-0.5135,  0.5823]], device='cuda:0')
25376 tensor([[ 0.9208,  0.0216],
        [ 0.5238, -0.5729],
        [-0.8918, -0.0079],
        [-0.5137,  0.5822]], device='cuda:0')
25377 tensor([[ 0.9210,  0.0217],
        [ 0.5240, -0.5728],
        [-0.8919, -0.0080],
        [-0.5139,  0.5821]], device='cuda:0')
25378 tensor([[ 0.9212,  0.0217],
        [ 0.5242, -0.5727],
        [-0.8921, -0.0080],
        [-0.5141,  0.5820]], device='cuda:0')
25379 tensor([[ 0.9214,  0.0217],
        [ 0.5245, -0.5726],
        [-0.8922, -0.0081],
        [-0.5143,  0.5819]], device='cuda:0')
25380 tensor([[ 0.9216,  0.0218],
        [ 0.5247, -0.5725],
        [-0.8924, -0.0081],
        [-0.5145,  0.5818]], device='cuda:0')
25381 tensor([[ 0.9218,  0.0218],
        [ 0.5249, -0.5724],
        [-0.8925, -0.0082],
        [-0.5147,  0.5817]], device='cuda:0')
25382 tensor([[ 0.9220,  0.0219],
        [ 0.5251, -0.5723],
        [-0.8926, -0.0082],
        [-0.5149,  0.5816]], device='cuda:0')
25383 tensor([[ 0.9221,  0.0219],
        [ 0.5254, -0.5722],
        [-0.8928, -0.0083],
        [-0.5150,  0.5814]], device='cuda:0')
25384 tensor([[ 0.9223,  0.0219],
        [ 0.5256, -0.5721],
        [-0.8929, -0.0083],
        [-0.5152,  0.5813]], device='cuda:0')
25385 tensor([[ 0.9225,  0.0220],
        [ 0.5258, -0.5720],
        [-0.8931, -0.0084],
        [-0.5154,  0.5812]], device='cuda:0')
25386 tensor([[ 0.9227,  0.0220],
        [ 0.5261, -0.5719],
        [-0.8932, -0.0084],
        [-0.5156,  0.5811]], device='cuda:0')
25387 tensor([[ 0.9229,  0.0221],
        [ 0.5263, -0.5719],
        [-0.8934, -0.0085],
        [-0.5158,  0.5810]], device='cuda:0')
25388 tensor([[ 0.9231,  0.0221],
        [ 0.5265, -0.5718],
        [-0.8935, -0.0085],
        [-0.5160,  0.5809]], device='cuda:0')
25389 tensor([[ 0.9232,  0.0222],
        [ 0.5267, -0.5717],
        [-0.8936, -0.0086],
        [-0.5161,  0.5808]], device='cuda:0')
25390 tensor([[ 0.9234,  0.0223],
        [ 0.5269, -0.5716],
        [-0.8938, -0.0087],
        [-0.5163,  0.5808]], device='cuda:0')
25391 tensor([[ 0.9236,  0.0224],
        [ 0.5271, -0.5715],
        [-0.8939, -0.0087],
        [-0.5165,  0.5807]], device='cuda:0')
25392 tensor([[ 0.9238,  0.0225],
        [ 0.5273, -0.5714],
        [-0.8941, -0.0088],
        [-0.5167,  0.5806]], device='cuda:0')
25393 tensor([[ 0.9239,  0.0225],
        [ 0.5275, -0.5713],
        [-0.8942, -0.0089],
        [-0.5169,  0.5805]], device='cuda:0')
25394 tensor([[ 0.9241,  0.0226],
        [ 0.5278, -0.5712],
        [-0.8944, -0.0090],
        [-0.5170,  0.5804]], device='cuda:0')
25395 tensor([[ 0.9243,  0.0227],
        [ 0.5280, -0.5711],
        [-0.8945, -0.0090],
        [-0.5172,  0.5803]], device='cuda:0')
25396 tensor([[ 0.9244,  0.0228],
        [ 0.5282, -0.5710],
        [-0.8946, -0.0091],
        [-0.5174,  0.5802]], device='cuda:0')
25397 tensor([[ 0.9246,  0.0228],
        [ 0.5284, -0.5709],
        [-0.8948, -0.0092],
        [-0.5176,  0.5801]], device='cuda:0')
25398 tensor([[ 0.9248,  0.0229],
        [ 0.5286, -0.5708],
        [-0.8949, -0.0093],
        [-0.5177,  0.5800]], device='cuda:0')
25399 tensor([[ 0.9249,  0.0230],
        [ 0.5288, -0.5707],
        [-0.8950, -0.0093],
        [-0.5179,  0.5799]], device='cuda:0')
25400 tensor([[ 0.9251,  0.0231],
        [ 0.5290, -0.5706],
        [-0.8952, -0.0094],
        [-0.5181,  0.5798]], device='cuda:0')
25401 tensor([[ 0.9253,  0.0232],
        [ 0.5292, -0.5705],
        [-0.8953, -0.0095],
        [-0.5183,  0.5798]], device='cuda:0')
25402 tensor([[ 0.9254,  0.0232],
        [ 0.5294, -0.5705],
        [-0.8954, -0.0096],
        [-0.5184,  0.5797]], device='cuda:0')
25403 tensor([[ 0.9256,  0.0233],
        [ 0.5296, -0.5703],
        [-0.8956, -0.0096],
        [-0.5186,  0.5796]], device='cuda:0')
25404 tensor([[ 0.9258,  0.0235],
        [ 0.5299, -0.5702],
        [-0.8957, -0.0097],
        [-0.5188,  0.5795]], device='cuda:0')
25405 tensor([[ 0.9260,  0.0236],
        [ 0.5301, -0.5701],
        [-0.8959, -0.0098],
        [-0.5190,  0.5793]], device='cuda:0')
25406 tensor([[ 0.9262,  0.0237],
        [ 0.5303, -0.5700],
        [-0.8961, -0.0099],
        [-0.5192,  0.5792]], device='cuda:0')
25407 tensor([[ 0.9264,  0.0238],
        [ 0.5306, -0.5698],
        [-0.8962, -0.0100],
        [-0.5194,  0.5791]], device='cuda:0')
25408 tensor([[ 0.9266,  0.0239],
        [ 0.5308, -0.5697],
        [-0.8964, -0.0102],
        [-0.5196,  0.5790]], device='cuda:0')
25409 tensor([[ 0.9268,  0.0240],
        [ 0.5310, -0.5696],
        [-0.8965, -0.0103],
        [-0.5198,  0.5789]], device='cuda:0')
25410 tensor([[ 0.9270,  0.0241],
        [ 0.5313, -0.5695],
        [-0.8967, -0.0104],
        [-0.5200,  0.5787]], device='cuda:0')
25411 tensor([[ 0.9272,  0.0242],
        [ 0.5315, -0.5693],
        [-0.8969, -0.0105],
        [-0.5202,  0.5786]], device='cuda:0')
25412 tensor([[ 0.9274,  0.0243],
        [ 0.5317, -0.5692],
        [-0.8970, -0.0106],
        [-0.5204,  0.5785]], device='cuda:0')
25413 tensor([[ 0.9276,  0.0244],
        [ 0.5320, -0.5691],
        [-0.8972, -0.0107],
        [-0.5206,  0.5784]], device='cuda:0')
25414 tensor([[ 0.9278,  0.0245],
        [ 0.5322, -0.5690],
        [-0.8973, -0.0108],
        [-0.5208,  0.5783]], device='cuda:0')
25415 tensor([[ 0.9280,  0.0246],
        [ 0.5324, -0.5689],
        [-0.8975, -0.0109],
        [-0.5209,  0.5781]], device='cuda:0')
25416 tensor([[ 0.9282,  0.0247],
        [ 0.5326, -0.5688],
        [-0.8976, -0.0110],
        [-0.5211,  0.5780]], device='cuda:0')
25417 tensor([[ 0.9284,  0.0248],
        [ 0.5328, -0.5686],
        [-0.8978, -0.0111],
        [-0.5213,  0.5779]], device='cuda:0')
25418 tensor([[ 0.9286,  0.0250],
        [ 0.5331, -0.5685],
        [-0.8979, -0.0112],
        [-0.5215,  0.5778]], device='cuda:0')
25419 tensor([[ 0.9288,  0.0251],
        [ 0.5334, -0.5683],
        [-0.8981, -0.0113],
        [-0.5217,  0.5777]], device='cuda:0')
25420 tensor([[ 0.9291,  0.0253],
        [ 0.5336, -0.5682],
        [-0.8983, -0.0114],
        [-0.5219,  0.5776]], device='cuda:0')
25421 tensor([[ 0.9293,  0.0254],
        [ 0.5339, -0.5681],
        [-0.8985, -0.0116],
        [-0.5221,  0.5774]], device='cuda:0')
25422 tensor([[ 0.9295,  0.0255],
        [ 0.5341, -0.5679],
        [-0.8987, -0.0117],
        [-0.5223,  0.5773]], device='cuda:0')
25423 tensor([[ 0.9297,  0.0257],
        [ 0.5344, -0.5678],
        [-0.8989, -0.0118],
        [-0.5225,  0.5771]], device='cuda:0')
25424 tensor([[ 0.9299,  0.0258],
        [ 0.5346, -0.5676],
        [-0.8991, -0.0120],
        [-0.5227,  0.5770]], device='cuda:0')
25425 tensor([[ 0.9302,  0.0260],
        [ 0.5348, -0.5675],
        [-0.8992, -0.0121],
        [-0.5230,  0.5768]], device='cuda:0')
25426 tensor([[ 0.9304,  0.0261],
        [ 0.5351, -0.5673],
        [-0.8994, -0.0122],
        [-0.5232,  0.5767]], device='cuda:0')
25427 tensor([[ 0.9306,  0.0262],
        [ 0.5353, -0.5672],
        [-0.8996, -0.0124],
        [-0.5234,  0.5766]], device='cuda:0')
25428 tensor([[ 0.9308,  0.0264],
        [ 0.5356, -0.5671],
        [-0.8998, -0.0125],
        [-0.5236,  0.5764]], device='cuda:0')
25429 tensor([[ 0.9310,  0.0265],
        [ 0.5358, -0.5669],
        [-0.9000, -0.0126],
        [-0.5238,  0.5763]], device='cuda:0')
25430 tensor([[ 0.9312,  0.0266],
        [ 0.5360, -0.5668],
        [-0.9001, -0.0127],
        [-0.5240,  0.5761]], device='cuda:0')
25431 tensor([[ 0.9314,  0.0267],
        [ 0.5363, -0.5667],
        [-0.9003, -0.0129],
        [-0.5242,  0.5760]], device='cuda:0')
25432 tensor([[ 0.9317,  0.0269],
        [ 0.5365, -0.5665],
        [-0.9005, -0.0130],
        [-0.5244,  0.5759]], device='cuda:0')
25433 tensor([[ 0.9319,  0.0270],
        [ 0.5367, -0.5664],
        [-0.9007, -0.0131],
        [-0.5246,  0.5757]], device='cuda:0')
25434 tensor([[ 0.9321,  0.0271],
        [ 0.5370, -0.5663],
        [-0.9009, -0.0133],
        [-0.5248,  0.5756]], device='cuda:0')
25435 tensor([[ 0.9324,  0.0272],
        [ 0.5373, -0.5662],
        [-0.9011, -0.0134],
        [-0.5250,  0.5755]], device='cuda:0')
25436 tensor([[ 0.9326,  0.0274],
        [ 0.5375, -0.5660],
        [-0.9013, -0.0135],
        [-0.5252,  0.5753]], device='cuda:0')
25437 tensor([[ 0.9329,  0.0275],
        [ 0.5378, -0.5659],
        [-0.9015, -0.0136],
        [-0.5254,  0.5752]], device='cuda:0')
25438 tensor([[ 0.9331,  0.0276],
        [ 0.5380, -0.5658],
        [-0.9017, -0.0138],
        [-0.5256,  0.5751]], device='cuda:0')
25439 tensor([[ 0.9333,  0.0277],
        [ 0.5383, -0.5657],
        [-0.9019, -0.0139],
        [-0.5258,  0.5749]], device='cuda:0')
25440 tensor([[ 0.9336,  0.0278],
        [ 0.5385, -0.5655],
        [-0.9021, -0.0140],
        [-0.5261,  0.5748]], device='cuda:0')
25441 tensor([[ 0.9338,  0.0280],
        [ 0.5388, -0.5654],
        [-0.9023, -0.0141],
        [-0.5263,  0.5747]], device='cuda:0')
25442 tensor([[ 0.9340,  0.0281],
        [ 0.5390, -0.5653],
        [-0.9025, -0.0143],
        [-0.5265,  0.5745]], device='cuda:0')
25443 tensor([[ 0.9343,  0.0282],
        [ 0.5392, -0.5652],
        [-0.9027, -0.0144],
        [-0.5267,  0.5744]], device='cuda:0')
25444 tensor([[ 0.9345,  0.0283],
        [ 0.5395, -0.5651],
        [-0.9029, -0.0145],
        [-0.5269,  0.5743]], device='cuda:0')
25445 tensor([[ 0.9347,  0.0284],
        [ 0.5397, -0.5649],
        [-0.9031, -0.0146],
        [-0.5271,  0.5742]], device='cuda:0')
25446 tensor([[ 0.9350,  0.0285],
        [ 0.5400, -0.5648],
        [-0.9033, -0.0148],
        [-0.5273,  0.5740]], device='cuda:0')
25447 tensor([[ 0.9352,  0.0286],
        [ 0.5402, -0.5647],
        [-0.9035, -0.0149],
        [-0.5275,  0.5739]], device='cuda:0')
25448 tensor([[ 0.9354,  0.0288],
        [ 0.5405, -0.5645],
        [-0.9037, -0.0150],
        [-0.5277,  0.5738]], device='cuda:0')
25449 tensor([[ 0.9357,  0.0290],
        [ 0.5407, -0.5644],
        [-0.9039, -0.0151],
        [-0.5279,  0.5737]], device='cuda:0')
25450 tensor([[ 0.9360,  0.0291],
        [ 0.5410, -0.5642],
        [-0.9041, -0.0153],
        [-0.5282,  0.5735]], device='cuda:0')
25451 tensor([[ 0.9362,  0.0293],
        [ 0.5413, -0.5641],
        [-0.9044, -0.0154],
        [-0.5284,  0.5734]], device='cuda:0')
25452 tensor([[ 0.9365,  0.0294],
        [ 0.5415, -0.5639],
        [-0.9046, -0.0156],
        [-0.5286,  0.5732]], device='cuda:0')
25453 tensor([[ 0.9367,  0.0296],
        [ 0.5418, -0.5638],
        [-0.9048, -0.0157],
        [-0.5289,  0.5731]], device='cuda:0')
25454 tensor([[ 0.9370,  0.0297],
        [ 0.5420, -0.5636],
        [-0.9050, -0.0159],
        [-0.5291,  0.5729]], device='cuda:0')
25455 tensor([[ 0.9372,  0.0299],
        [ 0.5423, -0.5635],
        [-0.9053, -0.0160],
        [-0.5293,  0.5728]], device='cuda:0')
25456 tensor([[ 0.9375,  0.0300],
        [ 0.5425, -0.5633],
        [-0.9055, -0.0162],
        [-0.5296,  0.5726]], device='cuda:0')
25457 tensor([[ 0.9377,  0.0302],
        [ 0.5428, -0.5632],
        [-0.9057, -0.0163],
        [-0.5298,  0.5725]], device='cuda:0')
25458 tensor([[ 0.9380,  0.0303],
        [ 0.5431, -0.5631],
        [-0.9059, -0.0165],
        [-0.5300,  0.5723]], device='cuda:0')
25459 tensor([[ 0.9382,  0.0305],
        [ 0.5433, -0.5629],
        [-0.9061, -0.0166],
        [-0.5302,  0.5722]], device='cuda:0')
25460 tensor([[ 0.9385,  0.0306],
        [ 0.5435, -0.5628],
        [-0.9064, -0.0168],
        [-0.5305,  0.5720]], device='cuda:0')
25461 tensor([[ 0.9387,  0.0307],
        [ 0.5438, -0.5626],
        [-0.9066, -0.0169],
        [-0.5307,  0.5719]], device='cuda:0')
25462 tensor([[ 0.9390,  0.0309],
        [ 0.5441, -0.5625],
        [-0.9068, -0.0170],
        [-0.5309,  0.5718]], device='cuda:0')
25463 tensor([[ 0.9393,  0.0310],
        [ 0.5444, -0.5624],
        [-0.9070, -0.0172],
        [-0.5311,  0.5716]], device='cuda:0')
25464 tensor([[ 0.9396,  0.0312],
        [ 0.5447, -0.5622],
        [-0.9072, -0.0173],
        [-0.5313,  0.5715]], device='cuda:0')
25465 tensor([[ 0.9400,  0.0313],
        [ 0.5450, -0.5621],
        [-0.9074, -0.0175],
        [-0.5315,  0.5713]], device='cuda:0')
25466 tensor([[ 0.9403,  0.0314],
        [ 0.5453, -0.5620],
        [-0.9077, -0.0176],
        [-0.5317,  0.5712]], device='cuda:0')
25467 tensor([[ 0.9406,  0.0316],
        [ 0.5456, -0.5618],
        [-0.9080, -0.0178],
        [-0.5320,  0.5711]], device='cuda:0')
25468 tensor([[ 0.9409,  0.0317],
        [ 0.5459, -0.5617],
        [-0.9082, -0.0179],
        [-0.5322,  0.5709]], device='cuda:0')
25469 tensor([[ 0.9412,  0.0318],
        [ 0.5462, -0.5616],
        [-0.9085, -0.0180],
        [-0.5325,  0.5708]], device='cuda:0')
25470 tensor([[ 0.9415,  0.0319],
        [ 0.5465, -0.5615],
        [-0.9087, -0.0182],
        [-0.5328,  0.5706]], device='cuda:0')
25471 tensor([[ 0.9418,  0.0321],
        [ 0.5468, -0.5613],
        [-0.9090, -0.0183],
        [-0.5330,  0.5705]], device='cuda:0')
25472 tensor([[ 0.9421,  0.0322],
        [ 0.5471, -0.5612],
        [-0.9092, -0.0185],
        [-0.5332,  0.5704]], device='cuda:0')
25473 tensor([[ 0.9424,  0.0323],
        [ 0.5474, -0.5611],
        [-0.9095, -0.0186],
        [-0.5335,  0.5702]], device='cuda:0')
25474 tensor([[ 0.9427,  0.0325],
        [ 0.5477, -0.5610],
        [-0.9097, -0.0187],
        [-0.5337,  0.5701]], device='cuda:0')
25475 tensor([[ 0.9430,  0.0326],
        [ 0.5479, -0.5608],
        [-0.9100, -0.0189],
        [-0.5340,  0.5700]], device='cuda:0')
25476 tensor([[ 0.9433,  0.0327],
        [ 0.5482, -0.5607],
        [-0.9102, -0.0190],
        [-0.5342,  0.5698]], device='cuda:0')
25477 tensor([[ 0.9436,  0.0328],
        [ 0.5485, -0.5606],
        [-0.9105, -0.0191],
        [-0.5345,  0.5697]], device='cuda:0')
25478 tensor([[ 0.9440,  0.0330],
        [ 0.5489, -0.5605],
        [-0.9107, -0.0193],
        [-0.5347,  0.5696]], device='cuda:0')
25479 tensor([[ 0.9443,  0.0331],
        [ 0.5492, -0.5603],
        [-0.9109, -0.0194],
        [-0.5349,  0.5694]], device='cuda:0')
25480 tensor([[ 0.9447,  0.0332],
        [ 0.5496, -0.5602],
        [-0.9112, -0.0195],
        [-0.5352,  0.5693]], device='cuda:0')
25481 tensor([[ 0.9450,  0.0333],
        [ 0.5499, -0.5601],
        [-0.9115, -0.0197],
        [-0.5355,  0.5692]], device='cuda:0')
25482 tensor([[ 0.9454,  0.0335],
        [ 0.5503, -0.5600],
        [-0.9118, -0.0198],
        [-0.5358,  0.5690]], device='cuda:0')
25483 tensor([[ 0.9457,  0.0336],
        [ 0.5506, -0.5599],
        [-0.9121, -0.0199],
        [-0.5360,  0.5689]], device='cuda:0')
25484 tensor([[ 0.9461,  0.0337],
        [ 0.5509, -0.5597],
        [-0.9124, -0.0200],
        [-0.5363,  0.5688]], device='cuda:0')
25485 tensor([[ 0.9464,  0.0338],
        [ 0.5513, -0.5596],
        [-0.9127, -0.0202],
        [-0.5366,  0.5686]], device='cuda:0')
25486 tensor([[ 0.9468,  0.0339],
        [ 0.5516, -0.5595],
        [-0.9130, -0.0203],
        [-0.5369,  0.5685]], device='cuda:0')
25487 tensor([[ 0.9471,  0.0341],
        [ 0.5519, -0.5594],
        [-0.9132, -0.0204],
        [-0.5372,  0.5684]], device='cuda:0')
25488 tensor([[ 0.9474,  0.0342],
        [ 0.5523, -0.5593],
        [-0.9135, -0.0206],
        [-0.5374,  0.5683]], device='cuda:0')
25489 tensor([[ 0.9478,  0.0343],
        [ 0.5526, -0.5592],
        [-0.9138, -0.0207],
        [-0.5377,  0.5681]], device='cuda:0')
25490 tensor([[ 0.9481,  0.0344],
        [ 0.5529, -0.5591],
        [-0.9141, -0.0208],
        [-0.5380,  0.5680]], device='cuda:0')
25491 tensor([[ 0.9484,  0.0345],
        [ 0.5532, -0.5589],
        [-0.9144, -0.0209],
        [-0.5382,  0.5679]], device='cuda:0')
25492 tensor([[ 0.9488,  0.0346],
        [ 0.5536, -0.5588],
        [-0.9146, -0.0211],
        [-0.5385,  0.5678]], device='cuda:0')
25493 tensor([[ 0.9491,  0.0348],
        [ 0.5539, -0.5587],
        [-0.9149, -0.0212],
        [-0.5388,  0.5677]], device='cuda:0')
25494 tensor([[ 0.9495,  0.0349],
        [ 0.5543, -0.5585],
        [-0.9152, -0.0213],
        [-0.5390,  0.5675]], device='cuda:0')
25495 tensor([[ 0.9499,  0.0351],
        [ 0.5546, -0.5584],
        [-0.9155, -0.0214],
        [-0.5393,  0.5674]], device='cuda:0')
25496 tensor([[ 0.9502,  0.0352],
        [ 0.5550, -0.5582],
        [-0.9158, -0.0216],
        [-0.5396,  0.5673]], device='cuda:0')
25497 tensor([[ 0.9506,  0.0354],
        [ 0.5553, -0.5581],
        [-0.9161, -0.0217],
        [-0.5399,  0.5671]], device='cuda:0')
25498 tensor([[ 0.9509,  0.0355],
        [ 0.5557, -0.5579],
        [-0.9164, -0.0219],
        [-0.5402,  0.5670]], device='cuda:0')
25499 tensor([[ 0.9513,  0.0357],
        [ 0.5560, -0.5578],
        [-0.9166, -0.0220],
        [-0.5405,  0.5668]], device='cuda:0')
25500 tensor([[ 0.9516,  0.0358],
        [ 0.5564, -0.5577],
        [-0.9169, -0.0222],
        [-0.5408,  0.5667]], device='cuda:0')
25501 tensor([[ 0.9519,  0.0360],
        [ 0.5567, -0.5575],
        [-0.9172, -0.0223],
        [-0.5410,  0.5665]], device='cuda:0')
25502 tensor([[ 0.9523,  0.0361],
        [ 0.5570, -0.5574],
        [-0.9175, -0.0224],
        [-0.5413,  0.5664]], device='cuda:0')
25503 tensor([[ 0.9526,  0.0363],
        [ 0.5574, -0.5572],
        [-0.9178, -0.0226],
        [-0.5416,  0.5663]], device='cuda:0')
25504 tensor([[ 0.9530,  0.0364],
        [ 0.5577, -0.5571],
        [-0.9181, -0.0227],
        [-0.5419,  0.5661]], device='cuda:0')
25505 tensor([[ 0.9533,  0.0366],
        [ 0.5580, -0.5570],
        [-0.9184, -0.0229],
        [-0.5422,  0.5660]], device='cuda:0')
25506 tensor([[ 0.9536,  0.0367],
        [ 0.5583, -0.5568],
        [-0.9187, -0.0230],
        [-0.5424,  0.5658]], device='cuda:0')
25507 tensor([[ 0.9540,  0.0368],
        [ 0.5587, -0.5567],
        [-0.9189, -0.0231],
        [-0.5427,  0.5657]], device='cuda:0')
25508 tensor([[ 0.9544,  0.0370],
        [ 0.5591, -0.5566],
        [-0.9192, -0.0233],
        [-0.5429,  0.5656]], device='cuda:0')
25509 tensor([[ 0.9548,  0.0371],
        [ 0.5594, -0.5564],
        [-0.9195, -0.0234],
        [-0.5432,  0.5654]], device='cuda:0')
25510 tensor([[ 0.9552,  0.0372],
        [ 0.5598, -0.5563],
        [-0.9198, -0.0236],
        [-0.5435,  0.5653]], device='cuda:0')
25511 tensor([[ 0.9556,  0.0374],
        [ 0.5602, -0.5562],
        [-0.9201, -0.0237],
        [-0.5438,  0.5652]], device='cuda:0')
25512 tensor([[ 0.9560,  0.0375],
        [ 0.5606, -0.5560],
        [-0.9204, -0.0238],
        [-0.5441,  0.5650]], device='cuda:0')
25513 tensor([[ 0.9564,  0.0376],
        [ 0.5610, -0.5559],
        [-0.9207, -0.0240],
        [-0.5444,  0.5649]], device='cuda:0')
25514 tensor([[ 0.9568,  0.0377],
        [ 0.5613, -0.5558],
        [-0.9211, -0.0241],
        [-0.5447,  0.5648]], device='cuda:0')
25515 tensor([[ 0.9572,  0.0379],
        [ 0.5617, -0.5557],
        [-0.9214, -0.0242],
        [-0.5450,  0.5646]], device='cuda:0')
25516 tensor([[ 0.9576,  0.0380],
        [ 0.5621, -0.5555],
        [-0.9217, -0.0244],
        [-0.5453,  0.5645]], device='cuda:0')
25517 tensor([[ 0.9579,  0.0381],
        [ 0.5624, -0.5554],
        [-0.9220, -0.0245],
        [-0.5456,  0.5644]], device='cuda:0')
25518 tensor([[ 0.9583,  0.0383],
        [ 0.5628, -0.5553],
        [-0.9223, -0.0246],
        [-0.5459,  0.5642]], device='cuda:0')
25519 tensor([[ 0.9587,  0.0384],
        [ 0.5632, -0.5552],
        [-0.9226, -0.0248],
        [-0.5462,  0.5641]], device='cuda:0')
25520 tensor([[ 0.9591,  0.0385],
        [ 0.5635, -0.5551],
        [-0.9229, -0.0249],
        [-0.5465,  0.5640]], device='cuda:0')
25521 tensor([[ 0.9594,  0.0386],
        [ 0.5639, -0.5549],
        [-0.9233, -0.0250],
        [-0.5468,  0.5638]], device='cuda:0')
25522 tensor([[ 0.9598,  0.0388],
        [ 0.5643, -0.5548],
        [-0.9235, -0.0252],
        [-0.5470,  0.5637]], device='cuda:0')
25523 tensor([[ 0.9603,  0.0389],
        [ 0.5647, -0.5547],
        [-0.9238, -0.0253],
        [-0.5473,  0.5636]], device='cuda:0')
25524 tensor([[ 0.9607,  0.0390],
        [ 0.5651, -0.5546],
        [-0.9241, -0.0254],
        [-0.5476,  0.5634]], device='cuda:0')
25525 tensor([[ 0.9611,  0.0391],
        [ 0.5655, -0.5545],
        [-0.9244, -0.0256],
        [-0.5479,  0.5633]], device='cuda:0')
25526 tensor([[ 0.9615,  0.0392],
        [ 0.5659, -0.5543],
        [-0.9247, -0.0257],
        [-0.5483,  0.5632]], device='cuda:0')
25527 tensor([[ 0.9619,  0.0394],
        [ 0.5663, -0.5542],
        [-0.9251, -0.0258],
        [-0.5486,  0.5631]], device='cuda:0')
25528 tensor([[ 0.9624,  0.0395],
        [ 0.5668, -0.5541],
        [-0.9254, -0.0259],
        [-0.5489,  0.5629]], device='cuda:0')
25529 tensor([[ 0.9628,  0.0396],
        [ 0.5672, -0.5540],
        [-0.9258, -0.0261],
        [-0.5493,  0.5628]], device='cuda:0')
25530 tensor([[ 0.9632,  0.0397],
        [ 0.5676, -0.5539],
        [-0.9261, -0.0262],
        [-0.5496,  0.5627]], device='cuda:0')
25531 tensor([[ 0.9636,  0.0398],
        [ 0.5680, -0.5538],
        [-0.9264, -0.0263],
        [-0.5499,  0.5626]], device='cuda:0')
25532 tensor([[ 0.9640,  0.0399],
        [ 0.5684, -0.5537],
        [-0.9268, -0.0264],
        [-0.5502,  0.5624]], device='cuda:0')
25533 tensor([[ 0.9644,  0.0401],
        [ 0.5688, -0.5535],
        [-0.9271, -0.0266],
        [-0.5506,  0.5623]], device='cuda:0')
25534 tensor([[ 0.9648,  0.0402],
        [ 0.5692, -0.5534],
        [-0.9274, -0.0267],
        [-0.5509,  0.5622]], device='cuda:0')
25535 tensor([[ 0.9652,  0.0403],
        [ 0.5696, -0.5533],
        [-0.9277, -0.0268],
        [-0.5512,  0.5621]], device='cuda:0')
25536 tensor([[ 0.9656,  0.0404],
        [ 0.5700, -0.5532],
        [-0.9281, -0.0269],
        [-0.5515,  0.5620]], device='cuda:0')
25537 tensor([[ 0.9659,  0.0405],
        [ 0.5703, -0.5531],
        [-0.9284, -0.0270],
        [-0.5518,  0.5618]], device='cuda:0')
25538 tensor([[ 0.9663,  0.0407],
        [ 0.5707, -0.5530],
        [-0.9287, -0.0272],
        [-0.5521,  0.5617]], device='cuda:0')
25539 tensor([[ 0.9667,  0.0408],
        [ 0.5711, -0.5528],
        [-0.9290, -0.0273],
        [-0.5525,  0.5616]], device='cuda:0')
25540 tensor([[ 0.9671,  0.0409],
        [ 0.5714, -0.5526],
        [-0.9293, -0.0274],
        [-0.5528,  0.5614]], device='cuda:0')
25541 tensor([[ 0.9674,  0.0411],
        [ 0.5718, -0.5525],
        [-0.9297, -0.0275],
        [-0.5531,  0.5613]], device='cuda:0')
25542 tensor([[ 0.9678,  0.0412],
        [ 0.5722, -0.5524],
        [-0.9300, -0.0276],
        [-0.5534,  0.5611]], device='cuda:0')
25543 tensor([[ 0.9682,  0.0414],
        [ 0.5726, -0.5522],
        [-0.9303, -0.0278],
        [-0.5537,  0.5610]], device='cuda:0')
25544 tensor([[ 0.9685,  0.0415],
        [ 0.5729, -0.5521],
        [-0.9306, -0.0279],
        [-0.5540,  0.5608]], device='cuda:0')
25545 tensor([[ 0.9689,  0.0416],
        [ 0.5733, -0.5519],
        [-0.9309, -0.0281],
        [-0.5544,  0.5607]], device='cuda:0')
25546 tensor([[ 0.9693,  0.0418],
        [ 0.5736, -0.5518],
        [-0.9313, -0.0282],
        [-0.5547,  0.5606]], device='cuda:0')
25547 tensor([[ 0.9696,  0.0419],
        [ 0.5740, -0.5516],
        [-0.9316, -0.0283],
        [-0.5550,  0.5604]], device='cuda:0')
25548 tensor([[ 0.9700,  0.0421],
        [ 0.5743, -0.5515],
        [-0.9319, -0.0285],
        [-0.5553,  0.5603]], device='cuda:0')
25549 tensor([[ 0.9703,  0.0422],
        [ 0.5747, -0.5513],
        [-0.9322, -0.0286],
        [-0.5556,  0.5601]], device='cuda:0')
25550 tensor([[ 0.9707,  0.0423],
        [ 0.5750, -0.5512],
        [-0.9325, -0.0287],
        [-0.5559,  0.5600]], device='cuda:0')
25551 tensor([[ 0.9710,  0.0424],
        [ 0.5754, -0.5511],
        [-0.9328, -0.0288],
        [-0.5562,  0.5599]], device='cuda:0')
25552 tensor([[ 0.9714,  0.0426],
        [ 0.5758, -0.5509],
        [-0.9331, -0.0290],
        [-0.5565,  0.5597]], device='cuda:0')
25553 tensor([[ 0.9718,  0.0427],
        [ 0.5762, -0.5508],
        [-0.9334, -0.0291],
        [-0.5568,  0.5596]], device='cuda:0')
25554 tensor([[ 0.9723,  0.0428],
        [ 0.5766, -0.5507],
        [-0.9337, -0.0292],
        [-0.5570,  0.5594]], device='cuda:0')
25555 tensor([[ 0.9727,  0.0429],
        [ 0.5771, -0.5505],
        [-0.9339, -0.0294],
        [-0.5574,  0.5593]], device='cuda:0')
25556 tensor([[ 0.9731,  0.0431],
        [ 0.5775, -0.5504],
        [-0.9343, -0.0295],
        [-0.5577,  0.5592]], device='cuda:0')
25557 tensor([[ 0.9735,  0.0432],
        [ 0.5779, -0.5503],
        [-0.9346, -0.0296],
        [-0.5581,  0.5590]], device='cuda:0')
25558 tensor([[ 0.9739,  0.0433],
        [ 0.5783, -0.5501],
        [-0.9349, -0.0297],
        [-0.5584,  0.5589]], device='cuda:0')
25559 tensor([[ 0.9743,  0.0434],
        [ 0.5787, -0.5500],
        [-0.9353, -0.0299],
        [-0.5587,  0.5587]], device='cuda:0')
25560 tensor([[ 0.9747,  0.0436],
        [ 0.5791, -0.5499],
        [-0.9356, -0.0300],
        [-0.5591,  0.5586]], device='cuda:0')
25561 tensor([[ 0.9751,  0.0437],
        [ 0.5795, -0.5498],
        [-0.9359, -0.0301],
        [-0.5594,  0.5585]], device='cuda:0')
25562 tensor([[ 0.9755,  0.0438],
        [ 0.5799, -0.5496],
        [-0.9362, -0.0303],
        [-0.5597,  0.5583]], device='cuda:0')
25563 tensor([[ 0.9759,  0.0439],
        [ 0.5803, -0.5495],
        [-0.9365, -0.0304],
        [-0.5601,  0.5582]], device='cuda:0')
25564 tensor([[ 0.9763,  0.0440],
        [ 0.5807, -0.5494],
        [-0.9369, -0.0305],
        [-0.5604,  0.5581]], device='cuda:0')
25565 tensor([[ 0.9766,  0.0442],
        [ 0.5811, -0.5493],
        [-0.9372, -0.0306],
        [-0.5607,  0.5579]], device='cuda:0')
25566 tensor([[ 0.9770,  0.0443],
        [ 0.5815, -0.5491],
        [-0.9375, -0.0308],
        [-0.5610,  0.5578]], device='cuda:0')
25567 tensor([[ 0.9774,  0.0444],
        [ 0.5819, -0.5490],
        [-0.9378, -0.0309],
        [-0.5613,  0.5577]], device='cuda:0')
25568 tensor([[ 0.9778,  0.0445],
        [ 0.5823, -0.5489],
        [-0.9381, -0.0310],
        [-0.5617,  0.5576]], device='cuda:0')
25569 tensor([[ 0.9782,  0.0446],
        [ 0.5828, -0.5488],
        [-0.9384, -0.0311],
        [-0.5620,  0.5574]], device='cuda:0')
25570 tensor([[ 0.9786,  0.0447],
        [ 0.5832, -0.5486],
        [-0.9387, -0.0312],
        [-0.5624,  0.5573]], device='cuda:0')
25571 tensor([[ 0.9790,  0.0448],
        [ 0.5836, -0.5485],
        [-0.9390, -0.0314],
        [-0.5627,  0.5572]], device='cuda:0')
25572 tensor([[ 0.9794,  0.0449],
        [ 0.5840, -0.5484],
        [-0.9394, -0.0315],
        [-0.5631,  0.5570]], device='cuda:0')
25573 tensor([[ 0.9797,  0.0451],
        [ 0.5844, -0.5483],
        [-0.9397, -0.0316],
        [-0.5634,  0.5569]], device='cuda:0')
25574 tensor([[ 0.9801,  0.0452],
        [ 0.5848, -0.5482],
        [-0.9400, -0.0317],
        [-0.5638,  0.5568]], device='cuda:0')
25575 tensor([[ 0.9805,  0.0453],
        [ 0.5852, -0.5480],
        [-0.9403, -0.0318],
        [-0.5641,  0.5567]], device='cuda:0')
25576 tensor([[ 0.9809,  0.0454],
        [ 0.5857, -0.5479],
        [-0.9407, -0.0320],
        [-0.5645,  0.5565]], device='cuda:0')
25577 tensor([[ 0.9813,  0.0455],
        [ 0.5861, -0.5478],
        [-0.9410, -0.0321],
        [-0.5648,  0.5564]], device='cuda:0')
25578 tensor([[ 0.9817,  0.0456],
        [ 0.5865, -0.5477],
        [-0.9413, -0.0322],
        [-0.5651,  0.5563]], device='cuda:0')
25579 tensor([[ 0.9820,  0.0457],
        [ 0.5869, -0.5476],
        [-0.9416, -0.0323],
        [-0.5655,  0.5562]], device='cuda:0')
25580 tensor([[ 0.9824,  0.0458],
        [ 0.5873, -0.5475],
        [-0.9419, -0.0324],
        [-0.5658,  0.5560]], device='cuda:0')
25581 tensor([[ 0.9828,  0.0459],
        [ 0.5876, -0.5474],
        [-0.9423, -0.0325],
        [-0.5661,  0.5559]], device='cuda:0')
25582 tensor([[ 0.9831,  0.0460],
        [ 0.5880, -0.5472],
        [-0.9426, -0.0326],
        [-0.5665,  0.5558]], device='cuda:0')
25583 tensor([[ 0.9835,  0.0461],
        [ 0.5885, -0.5471],
        [-0.9429, -0.0328],
        [-0.5668,  0.5557]], device='cuda:0')
25584 tensor([[ 0.9839,  0.0462],
        [ 0.5889, -0.5470],
        [-0.9432, -0.0329],
        [-0.5672,  0.5556]], device='cuda:0')
25585 tensor([[ 0.9843,  0.0463],
        [ 0.5893, -0.5469],
        [-0.9435, -0.0330],
        [-0.5675,  0.5554]], device='cuda:0')
25586 tensor([[ 0.9847,  0.0464],
        [ 0.5897, -0.5468],
        [-0.9438, -0.0331],
        [-0.5679,  0.5553]], device='cuda:0')
25587 tensor([[ 0.9851,  0.0466],
        [ 0.5901, -0.5467],
        [-0.9441, -0.0332],
        [-0.5682,  0.5552]], device='cuda:0')
25588 tensor([[ 0.9854,  0.0467],
        [ 0.5906, -0.5466],
        [-0.9445, -0.0333],
        [-0.5686,  0.5551]], device='cuda:0')
25589 tensor([[ 0.9858,  0.0468],
        [ 0.5910, -0.5465],
        [-0.9448, -0.0334],
        [-0.5690,  0.5550]], device='cuda:0')
25590 tensor([[ 0.9862,  0.0469],
        [ 0.5914, -0.5464],
        [-0.9451, -0.0335],
        [-0.5693,  0.5548]], device='cuda:0')
25591 tensor([[ 0.9866,  0.0470],
        [ 0.5918, -0.5463],
        [-0.9454, -0.0336],
        [-0.5697,  0.5547]], device='cuda:0')
25592 tensor([[ 0.9869,  0.0471],
        [ 0.5922, -0.5462],
        [-0.9457, -0.0337],
        [-0.5700,  0.5546]], device='cuda:0')
25593 tensor([[ 0.9873,  0.0472],
        [ 0.5926, -0.5461],
        [-0.9461, -0.0338],
        [-0.5704,  0.5545]], device='cuda:0')
25594 tensor([[ 0.9877,  0.0473],
        [ 0.5930, -0.5459],
        [-0.9464, -0.0340],
        [-0.5707,  0.5544]], device='cuda:0')
25595 tensor([[ 0.9880,  0.0474],
        [ 0.5934, -0.5458],
        [-0.9467, -0.0341],
        [-0.5710,  0.5543]], device='cuda:0')
25596 tensor([[ 0.9884,  0.0475],
        [ 0.5938, -0.5457],
        [-0.9470, -0.0342],
        [-0.5714,  0.5542]], device='cuda:0')
25597 tensor([[ 0.9887,  0.0476],
        [ 0.5942, -0.5456],
        [-0.9473, -0.0343],
        [-0.5717,  0.5541]], device='cuda:0')
25598 tensor([[ 0.9891,  0.0477],
        [ 0.5946, -0.5455],
        [-0.9476, -0.0344],
        [-0.5721,  0.5540]], device='cuda:0')
25599 tensor([[ 0.9894,  0.0478],
        [ 0.5949, -0.5454],
        [-0.9479, -0.0345],
        [-0.5724,  0.5538]], device='cuda:0')
25600 tensor([[ 0.9898,  0.0479],
        [ 0.5953, -0.5453],
        [-0.9482, -0.0345],
        [-0.5728,  0.5537]], device='cuda:0')
25601 tensor([[ 0.9901,  0.0481],
        [ 0.5957, -0.5452],
        [-0.9485, -0.0347],
        [-0.5731,  0.5536]], device='cuda:0')
25602 tensor([[ 0.9905,  0.0482],
        [ 0.5961, -0.5451],
        [-0.9488, -0.0348],
        [-0.5734,  0.5535]], device='cuda:0')
25603 tensor([[ 0.9908,  0.0483],
        [ 0.5965, -0.5450],
        [-0.9492, -0.0349],
        [-0.5738,  0.5534]], device='cuda:0')
25604 tensor([[ 0.9912,  0.0484],
        [ 0.5968, -0.5449],
        [-0.9495, -0.0350],
        [-0.5741,  0.5533]], device='cuda:0')
25605 tensor([[ 0.9915,  0.0486],
        [ 0.5972, -0.5448],
        [-0.9498, -0.0352],
        [-0.5744,  0.5532]], device='cuda:0')
25606 tensor([[ 0.9918,  0.0487],
        [ 0.5976, -0.5447],
        [-0.9501, -0.0353],
        [-0.5748,  0.5531]], device='cuda:0')
25607 tensor([[ 0.9922,  0.0488],
        [ 0.5979, -0.5446],
        [-0.9504, -0.0354],
        [-0.5751,  0.5530]], device='cuda:0')
25608 tensor([[ 0.9925,  0.0489],
        [ 0.5983, -0.5445],
        [-0.9506, -0.0355],
        [-0.5754,  0.5529]], device='cuda:0')
25609 tensor([[ 0.9928,  0.0491],
        [ 0.5987, -0.5444],
        [-0.9509, -0.0356],
        [-0.5757,  0.5528]], device='cuda:0')
25610 tensor([[ 0.9931,  0.0492],
        [ 0.5990, -0.5443],
        [-0.9512, -0.0357],
        [-0.5761,  0.5527]], device='cuda:0')
25611 tensor([[ 0.9935,  0.0493],
        [ 0.5994, -0.5442],
        [-0.9515, -0.0359],
        [-0.5764,  0.5527]], device='cuda:0')
25612 tensor([[ 0.9938,  0.0494],
        [ 0.5998, -0.5441],
        [-0.9518, -0.0360],
        [-0.5767,  0.5526]], device='cuda:0')
25613 tensor([[ 0.9941,  0.0495],
        [ 0.6001, -0.5439],
        [-0.9521, -0.0361],
        [-0.5770,  0.5525]], device='cuda:0')
25614 tensor([[ 0.9944,  0.0497],
        [ 0.6005, -0.5438],
        [-0.9524, -0.0362],
        [-0.5773,  0.5523]], device='cuda:0')
25615 tensor([[ 0.9948,  0.0498],
        [ 0.6008, -0.5437],
        [-0.9527, -0.0363],
        [-0.5776,  0.5522]], device='cuda:0')
25616 tensor([[ 0.9951,  0.0500],
        [ 0.6012, -0.5435],
        [-0.9530, -0.0364],
        [-0.5779,  0.5521]], device='cuda:0')
25617 tensor([[ 0.9954,  0.0501],
        [ 0.6015, -0.5434],
        [-0.9532, -0.0366],
        [-0.5783,  0.5519]], device='cuda:0')
25618 tensor([[ 0.9957,  0.0502],
        [ 0.6018, -0.5433],
        [-0.9535, -0.0367],
        [-0.5786,  0.5518]], device='cuda:0')
25619 tensor([[ 0.9960,  0.0504],
        [ 0.6022, -0.5431],
        [-0.9538, -0.0368],
        [-0.5789,  0.5517]], device='cuda:0')
25620 tensor([[ 0.9963,  0.0505],
        [ 0.6025, -0.5430],
        [-0.9541, -0.0370],
        [-0.5792,  0.5516]], device='cuda:0')
25621 tensor([[ 0.9966,  0.0507],
        [ 0.6029, -0.5429],
        [-0.9543, -0.0371],
        [-0.5795,  0.5514]], device='cuda:0')
25622 tensor([[ 0.9969,  0.0508],
        [ 0.6032, -0.5427],
        [-0.9546, -0.0372],
        [-0.5798,  0.5513]], device='cuda:0')
25623 tensor([[ 0.9972,  0.0509],
        [ 0.6035, -0.5426],
        [-0.9549, -0.0373],
        [-0.5801,  0.5512]], device='cuda:0')
25624 tensor([[ 0.9975,  0.0511],
        [ 0.6039, -0.5425],
        [-0.9552, -0.0375],
        [-0.5804,  0.5511]], device='cuda:0')
25625 tensor([[ 0.9978,  0.0512],
        [ 0.6042, -0.5423],
        [-0.9554, -0.0376],
        [-0.5807,  0.5509]], device='cuda:0')
25626 tensor([[ 0.9981,  0.0513],
        [ 0.6045, -0.5422],
        [-0.9557, -0.0377],
        [-0.5810,  0.5508]], device='cuda:0')
25627 tensor([[ 0.9985,  0.0514],
        [ 0.6049, -0.5421],
        [-0.9560, -0.0379],
        [-0.5813,  0.5507]], device='cuda:0')
25628 tensor([[ 0.9988,  0.0516],
        [ 0.6053, -0.5420],
        [-0.9562, -0.0380],
        [-0.5815,  0.5506]], device='cuda:0')
25629 tensor([[ 0.9992,  0.0517],
        [ 0.6057, -0.5419],
        [-0.9564, -0.0381],
        [-0.5818,  0.5504]], device='cuda:0')
25630 tensor([[ 0.9996,  0.0518],
        [ 0.6061, -0.5418],
        [-0.9567, -0.0382],
        [-0.5821,  0.5503]], device='cuda:0')
25631 tensor([[ 0.9999,  0.0519],
        [ 0.6065, -0.5416],
        [-0.9570, -0.0384],
        [-0.5825,  0.5502]], device='cuda:0')
25632 tensor([[ 1.0000,  0.0521],
        [ 0.6069, -0.5415],
        [-0.9573, -0.0385],
        [-0.5828,  0.5501]], device='cuda:0')
25633 tensor([[ 1.0000,  0.0522],
        [ 0.6073, -0.5414],
        [-0.9576, -0.0386],
        [-0.5831,  0.5499]], device='cuda:0')
25634 tensor([[ 1.0000,  0.0523],
        [ 0.6077, -0.5413],
        [-0.9579, -0.0387],
        [-0.5835,  0.5498]], device='cuda:0')
25635 tensor([[ 1.0000,  0.0524],
        [ 0.6081, -0.5412],
        [-0.9582, -0.0389],
        [-0.5838,  0.5497]], device='cuda:0')
25636 tensor([[ 1.0000,  0.0525],
        [ 0.6085, -0.5411],
        [-0.9584, -0.0390],
        [-0.5841,  0.5496]], device='cuda:0')
25637 tensor([[ 1.0000,  0.0527],
        [ 0.6089, -0.5409],
        [-0.9587, -0.0391],
        [-0.5844,  0.5495]], device='cuda:0')
25638 tensor([[ 1.0000,  0.0528],
        [ 0.6093, -0.5408],
        [-0.9590, -0.0392],
        [-0.5848,  0.5493]], device='cuda:0')
25639 tensor([[ 1.0000,  0.0529],
        [ 0.6097, -0.5407],
        [-0.9593, -0.0394],
        [-0.5851,  0.5492]], device='cuda:0')
25640 tensor([[ 1.0000,  0.0530],
        [ 0.6101, -0.5406],
        [-0.9596, -0.0395],
        [-0.5854,  0.5491]], device='cuda:0')
25641 tensor([[ 1.0000,  0.0531],
        [ 0.6104, -0.5405],
        [-0.9598, -0.0396],
        [-0.5857,  0.5490]], device='cuda:0')
25642 tensor([[ 1.0000,  0.0532],
        [ 0.6108, -0.5404],
        [-0.9601, -0.0397],
        [-0.5860,  0.5489]], device='cuda:0')
25643 tensor([[ 1.0000,  0.0533],
        [ 0.6112, -0.5403],
        [-0.9603, -0.0399],
        [-0.5863,  0.5487]], device='cuda:0')
25644 tensor([[ 1.0000,  0.0535],
        [ 0.6115, -0.5402],
        [-0.9606, -0.0400],
        [-0.5867,  0.5486]], device='cuda:0')
25645 tensor([[ 1.0000,  0.0536],
        [ 0.6119, -0.5401],
        [-0.9608, -0.0401],
        [-0.5870,  0.5485]], device='cuda:0')
25646 tensor([[ 1.0000,  0.0537],
        [ 0.6123, -0.5400],
        [-0.9611, -0.0402],
        [-0.5874,  0.5484]], device='cuda:0')
25647 tensor([[ 1.0000,  0.0538],
        [ 0.6127, -0.5399],
        [-0.9614, -0.0403],
        [-0.5877,  0.5483]], device='cuda:0')
25648 tensor([[ 1.0000,  0.0539],
        [ 0.6130, -0.5397],
        [-0.9617, -0.0404],
        [-0.5881,  0.5482]], device='cuda:0')
25649 tensor([[ 1.0000,  0.0540],
        [ 0.6134, -0.5396],
        [-0.9620, -0.0406],
        [-0.5885,  0.5481]], device='cuda:0')
