246966 0
246967 1
246967 3
246967 4
246968 2
246981 0
246981 3
246982 5
246983 1
246983 2
246996 0
246997 1
246997 3
246997 4
246998 2
247011 0
247011 3
247012 5
247013 1
247013 2
247026 0
247027 1
247027 3
247027 4
247028 2
247041 0
247041 3
247042 5
247043 1
247043 2
247057 0
247057 1
247057 2
247057 3
247057 4
247071 3
247072 0
247072 2
247072 4
247072 5
247073 1
247085 3
247086 5
247087 0
247087 2
247087 5
247089 1
247101 3
247102 0
247102 2
247102 4
247102 5
247103 1
247115 3
247116 5
247117 0
247117 2
247117 5
247119 1
247131 3
247132 0
247132 2
247132 4
247132 5
247133 1
247145 3
247146 5
247147 0
247147 2
247147 5
247149 1
247161 3
247162 0
247162 2
247162 4
247162 5
247163 1
247175 3
247176 5
247177 0
247177 2
247177 5
247179 1
247191 2
247191 3
247192 5
247193 0
247193 1
247206 2
247207 1
247207 3
247207 4
247208 0
247221 2
247221 3
247222 5
247223 0
247223 1
247236 2
247237 1
247237 3
247237 4
247238 0
247251 2
247251 3
247252 5
247253 0
247253 1
247266 2
247267 1
247267 3
247267 4
247268 0
247281 2
247281 3
247282 5
247283 0
247283 1
247296 2
247297 1
247297 3
247297 5
247298 0
247311 1
247311 2
247312 4
247313 0
247313 3
247326 2
247327 1
247327 3
247327 5
247328 0
247341 1
247341 2
247342 4
247343 0
247343 3
247356 2
247357 1
247357 3
247357 5
247358 0
247371 1
247371 2
247372 5
247373 0
247373 3
247385 1
247386 2
247387 4
247388 0
247389 3
247401 1
247402 0
247402 2
247402 5
247403 3
247415 1
247417 0
247417 2
247417 4
247419 3
247431 1
247432 0
247432 2
247432 5
247433 3
247445 1
247447 0
247447 2
247447 4
247449 3
247461 1
247462 0
247462 2
247462 5
247463 3
247475 1
247477 0
247477 2
247477 4
247479 3
247492 0
247492 1
247492 2
247492 3
247492 5
247505 1
247506 4
247507 0
247507 2
247507 4
247509 3
247521 1
247522 0
247522 2
247522 4
247522 5
247523 3
247535 1
247536 4
247537 0
247537 2
247537 4
247539 3
247551 1
247552 0
247552 2
247552 4
247552 5
247553 3
247565 1
247566 0
247566 4
247567 4
247568 2
247569 3
247581 0
247581 1
247582 4
247583 2
247583 3
247596 0
247597 1
247597 3
247597 5
247598 2
247611 0
247611 1
247612 4
247613 2
247613 3
247626 0
247627 1
247627 3
247627 5
247628 2
247641 0
247641 1
247642 4
247643 2
247643 3
247656 0
247657 1
247657 3
247657 4
247658 2
247671 0
247671 3
247672 5
247673 1
247673 2
247686 0
247687 1
247687 3
247687 4
247688 2
247701 0
247701 3
247702 5
247703 1
247703 2
247716 0
247717 1
247717 3
247717 4
247718 2
247731 0
247731 3
247732 5
247733 1
247733 2
247746 0
247747 1
247747 3
247747 4
247748 2
247761 0
247761 3
247762 4
247763 1
247763 2
247775 3
247777 0
247777 2
247777 5
247779 1
247791 3
247792 0
247792 2
247792 4
247792 5
247793 1
247805 3
247806 5
247807 0
247807 2
247807 5
247809 1
247821 3
247822 0
247822 2
247822 4
247822 5
247823 1
247835 3
247836 5
247837 0
247837 2
247837 5
247839 1
247851 3
247852 0
247852 2
247852 4
247852 5
247853 1
247865 3
247866 5
247867 0
247867 2
247867 5
247869 1
247881 3
247882 0
247882 2
247882 4
247882 5
247883 1
247895 3
247896 5
247897 0
247897 2
247897 5
247899 1
247911 2
247911 3
247912 5
247913 0
247913 1
247926 2
247927 1
247927 3
247927 4
247928 0
247941 2
247941 3
247942 5
247943 0
247943 1
247956 2
247957 1
247957 3
247957 4
247958 0
247971 2
247971 3
247972 5
247973 0
247973 1
247986 2
247987 1
247987 3
247987 5
247988 0
248001 1
248001 2
248002 4
248003 0
248003 3
248016 2
248017 1
248017 3
248017 5
248018 0
248031 1
248031 2
248032 4
248033 0
248033 3
248046 2
248047 1
248047 3
248047 5
248048 0
248061 1
248061 2
248062 5
248063 0
248063 3
248075 1
248076 2
248077 4
248078 0
248079 3
248091 1
248091 2
248092 5
248093 0
248093 3
248105 1
248107 0
248107 2
248107 4
248109 3
248121 1
248122 0
248122 2
248122 4
248122 5
248123 3
248135 1
248136 4
248137 0
248137 2
248137 4
248139 3
248152 0
248152 1
248152 2
248152 3
248152 5
248165 1
248166 4
248167 0
248167 2
248167 4
248169 3
248182 0
248182 1
248182 2
248182 3
248182 5
248195 1
248196 4
248197 0
248197 2
248197 4
248199 3
248212 0
248212 1
248212 2
248212 3
248212 5
248225 1
248226 4
248227 0
248227 2
248227 4
248229 3
248241 1
248242 0
248242 2
248242 4
248242 5
248243 3
248255 1
248256 4
248257 0
248257 2
248257 4
248259 3
248271 0
248271 1
248272 4
248272 5
248273 2
248273 3
248285 1
248286 0
248286 4
248287 4
248288 2
248289 3
248301 0
248301 1
248302 4
248303 2
248303 3
248316 0
248317 1
248317 3
248317 5
248318 2
248331 0
248331 1
248332 4
248333 2
248333 3
248346 0
248347 1
248347 3
248347 5
248348 2
248361 0
248361 1
248362 4
248363 2
248363 3
248376 0
248377 1
248377 3
248377 4
248378 2
248391 0
248391 3
248392 5
248393 1
248393 2
248406 0
248407 1
248407 3
248407 4
248408 2
248421 0
248421 3
248422 4
248423 1
248423 2
248435 3
248436 0
248437 5
248438 2
248439 1
248451 0
248451 3
248452 4
248453 1
248453 2
248465 3
248466 0
248467 5
248468 2
248469 1
248481 3
248482 0
248482 2
248482 4
248482 5
248483 1
248495 3
248496 5
248497 0
248497 2
248497 5
248499 1
248511 3
248512 0
248512 2
248512 4
248512 5
248513 1
248525 3
248526 5
248527 0
248527 2
248527 5
248529 1
248541 3
248542 0
248542 2
248542 4
248542 5
248543 1
248555 3
248556 5
248557 0
248557 2
248557 5
248559 1
248571 3
248572 0
248572 2
248572 4
248572 5
248573 1
248585 3
248586 5
248587 0
248587 2
248587 5
248589 1
248601 3
248602 0
248602 2
248602 4
248602 5
248603 1
248615 3
248616 5
248617 0
248617 2
248617 5
248619 1
248631 2
248631 3
248632 4
248632 5
248633 0
248633 1
248645 3
248646 2
248646 5
248647 5
248648 0
248649 1
248661 2
248661 3
248662 5
248663 0
248663 1
248676 2
248677 1
248677 3
248677 4
248678 0
248691 2
248691 3
248692 5
248693 0
248693 1
248706 2
248707 1
248707 3
248707 4
248708 0
248721 2
248721 3
248722 5
248723 0
248723 1
248736 2
248737 1
248737 3
248737 5
248738 0
248751 1
248751 2
248752 4
248753 0
248753 3
248766 2
248767 1
248767 3
248767 5
248768 0
248781 1
248781 2
248782 4
248783 0
248783 3
248796 2
248797 1
248797 3
248797 5
248798 0
248811 1
248811 2
248812 5
248813 0
248813 3
248825 1
248826 2
248827 4
248828 0
248829 3
248841 1
248841 2
248842 5
248843 0
248843 3
248855 1
248856 2
248857 4
248858 0
248859 3
248871 2
248872 1
248872 3
248872 5
248873 0
248886 1
248886 2
248887 5
248888 0
248888 3
248900 1
248902 0
248902 2
248902 4
248904 3
248916 1
248917 0
248917 2
248917 5
248918 3
248930 1
248932 0
248932 2
248932 4
248934 3
248946 1
248947 0
248947 2
248947 5
248948 3
248960 1
248961 4
248962 0
248962 2
248962 4
248964 3
248976 0
248976 1
248977 4
248978 2
248978 3
248991 0
248992 1
248992 3
248992 5
248993 2
249006 0
249006 1
249007 4
249008 2
249008 3
249021 0
249021 1
249022 4
249022 5
249023 2
249023 3
249035 1
249036 0
249036 4
249037 4
249038 2
249039 3
249051 0
249051 1
249052 4
249053 2
249053 3
249066 0
249067 1
249067 3
249067 5
249068 2
249081 0
249081 1
249082 4
249083 2
249083 3
249096 0
249097 1
249097 3
249097 4
249098 2
249111 0
249111 3
249112 5
249113 1
249113 2
249126 0
249127 1
249127 3
249127 4
249128 2
249141 0
249141 3
249142 5
249143 1
249143 2
249156 0
249157 1
249157 3
249157 4
249158 2
249171 0
249171 3
249172 4
249173 1
249173 2
249185 3
249186 0
249187 5
249188 2
249189 1
249201 0
249201 3
249202 4
249203 1
249203 2
249215 3
249216 0
249216 5
249217 5
249218 2
249219 1
249231 0
249231 3
249232 4
249233 1
249233 2
249245 3
249246 5
249247 0
249247 2
249247 5
249249 1
249261 3
249262 0
249262 2
249262 4
249262 5
249263 1
249275 3
249276 5
249277 0
249277 2
249277 4
249279 1
249289 3
249290 5
249292 0
249292 2
249292 5
249295 1
249305 3
249306 5
249307 0
249307 2
249307 4
249309 1
249319 3
249320 5
249322 0
249322 2
249322 5
249325 1
249335 3
249336 2
249336 5
249337 5
249338 0
249339 1
249351 2
249351 3
249352 4
249352 5
249353 0
249353 1
249365 3
249366 2
249366 5
249367 5
249368 0
249369 1
249381 2
249381 3
249382 4
249382 5
249383 0
249383 1
249395 3
249396 2
249396 5
249397 5
249398 0
249399 1
249411 2
249411 3
249412 5
249413 0
249413 1
249426 2
249427 1
249427 3
249427 4
249428 0
249441 2
249441 3
249442 5
249443 0
249443 1
249456 2
249457 1
249457 3
249457 4
249458 0
249471 2
249471 3
249472 5
249473 0
249473 1
249486 2
249487 1
249487 3
249487 5
249488 0
249501 1
249501 2
249502 4
249503 0
249503 3
249516 2
249517 1
249517 3
249517 5
249518 0
249531 1
249531 2
249532 5
249533 0
249533 3
249545 1
249546 2
249547 4
249548 0
249549 3
249561 2
249562 1
249562 3
249562 5
249563 0
249576 1
249576 2
249577 5
249578 0
249578 3
249590 1
249591 2
249592 4
249593 0
249594 3
249606 1
249606 2
249607 5
249608 0
249608 3
249620 1
249621 2
249622 4
249623 0
249624 3
249636 1
249637 0
249637 2
249637 5
249638 3
249650 1
249652 0
249652 2
249652 4
249654 3
249666 1
249667 0
249667 2
249667 5
249668 3
249680 1
249682 0
249682 2
249682 4
249684 3
249696 1
249697 0
249697 2
249697 5
249698 3
249710 1
249712 0
249712 2
249712 4
249714 3
249726 0
249726 1
249727 4
249727 5
249728 2
249728 3
249740 1
249741 0
249742 4
249743 2
249744 3
249745 5
249756 0
249756 1
249757 4
249757 5
249758 2
249758 3
249770 1
249771 0
249771 4
249772 4
249773 2
249774 3
249786 0
249786 1
249787 4
249788 2
249788 3
249801 0
249802 1
249802 3
249802 5
249803 2
249815 1
249816 0
249816 4
249817 4
249818 2
249819 3
249830 0
249831 1
249832 4
249833 3
249834 2
249835 5
249845 0
249847 1
249847 3
249847 5
249849 2
249860 0
249861 1
249862 4
249863 3
249864 2
249865 5
249875 0
249877 1
249877 3
249877 4
249879 2
249890 0
249891 3
249892 4
249893 1
249894 2
249905 0
249905 3
249907 5
249909 1
249909 2
249921 0
249921 3
249922 4
249923 1
249923 2
249935 3
249936 0
249937 4
249938 2
249939 1
249949 3
249951 0
249952 5
249953 2
249955 1
249966 0
249966 3
249967 5
249968 1
249968 2
