87336 2
87337 1
87337 3
87337 5
87338 0
87351 1
87351 2
87352 4
87353 0
87353 3
87367 0
87367 1
87367 2
87367 3
87367 5
87381 1
87382 0
87382 2
87382 4
87383 3
87397 0
87397 1
87397 2
87397 3
87397 5
87411 1
87412 0
87412 2
87412 4
87413 3
87427 0
87427 1
87427 2
87427 3
87427 5
87441 1
87442 0
87442 2
87442 4
87443 3
87457 0
87457 1
87457 2
87457 3
87457 5
87471 1
87472 0
87472 2
87472 4
87473 3
87487 0
87487 1
87487 2
87487 3
87487 5
87501 1
87502 0
87502 2
87502 4
87503 3
87517 0
87517 1
87517 2
87517 3
87517 5
87531 1
87532 0
87532 2
87532 4
87533 3
87547 0
87547 1
87547 2
87547 3
87547 4
87561 3
87562 0
87562 2
87562 5
87563 1
87577 0
87577 1
87577 2
87577 3
87577 5
87591 1
87592 0
87592 2
87592 4
87593 3
87607 0
87607 1
87607 2
87607 3
87607 5
87621 1
87622 0
87622 2
87622 4
87623 3
87637 0
87637 1
87637 2
87637 3
87637 5
87651 1
87652 0
87652 2
87652 4
87653 3
87667 0
87667 1
87667 2
87667 3
87667 5
87681 1
87682 0
87682 2
87682 4
87683 3
87697 0
87697 1
87697 2
87697 3
87697 5
87711 1
87712 0
87712 2
87712 4
87713 3
87727 0
87727 1
87727 2
87727 3
87727 5
87741 1
87742 0
87742 2
87742 4
87743 3
87757 0
87757 1
87757 2
87757 3
87757 4
87771 3
87772 0
87772 2
87772 5
87773 1
87787 0
87787 1
87787 2
87787 3
87787 5
87801 1
87802 0
87802 2
87802 4
87802 5
87803 3
87815 1
87816 4
87817 0
87817 2
87817 4
87819 3
87831 1
87832 0
87832 2
87832 4
87832 5
87833 3
87845 1
87846 4
87847 0
87847 2
87847 4
87849 3
87861 1
87862 0
87862 2
87862 4
87862 5
87863 3
87875 1
87876 4
87877 0
87877 2
87877 4
87879 3
87891 1
87892 0
87892 2
87892 4
87893 3
87907 0
87907 1
87907 2
87907 3
87907 5
87921 1
87922 0
87922 2
87922 4
87923 3
87936 0
87937 1
87937 3
87937 5
87938 2
87951 1
87952 0
87952 2
87952 4
87953 3
87966 0
87967 1
87967 3
87967 4
87968 2
87981 0
87981 3
87982 5
87983 1
87983 2
87997 0
87997 1
87997 2
87997 3
87997 5
88011 1
88012 0
88012 2
88012 4
88013 3
88027 0
88027 1
88027 2
88027 3
88027 4
88041 3
88042 0
88042 2
88042 5
88043 1
88057 0
88057 1
88057 2
88057 3
88057 4
88071 3
88072 0
88072 2
88072 5
88073 1
88087 0
88087 1
88087 2
88087 3
88087 4
88101 3
88102 0
88102 2
88102 5
88103 1
88117 0
88117 1
88117 2
88117 3
88117 4
88131 3
88132 0
88132 2
88132 5
88133 1
88147 0
88147 1
88147 2
88147 3
88147 4
88161 3
88162 0
88162 2
88162 5
88163 1
88177 0
88177 1
88177 2
88177 3
88177 4
88191 3
88192 0
88192 2
88192 5
88193 1
88207 0
88207 1
88207 2
88207 3
88207 4
88221 3
88222 0
88222 2
88222 5
88223 1
88237 0
88237 1
88237 2
88237 3
88237 4
88251 3
88252 0
88252 2
88252 5
88253 1
88267 0
88267 1
88267 2
88267 3
88267 4
88281 3
88282 0
88282 2
88282 4
88282 5
88283 1
88295 3
88296 5
88297 0
88297 2
88297 5
88299 1
88311 2
88311 3
88312 5
88313 0
88313 1
88326 2
88327 1
88327 3
88327 4
88328 0
88341 2
88341 3
88342 5
88343 0
88343 1
88356 2
88357 1
88357 3
88357 5
88358 0
88371 1
88371 2
88372 4
88373 0
88373 3
88386 2
88387 1
88387 3
88387 5
88388 0
88401 1
88401 2
88402 5
88403 0
88403 3
88415 1
88416 2
88416 4
88417 5
88418 0
88419 3
88429 1
88430 4
88431 2
88432 4
88433 0
88435 3
88445 1
88446 4
88447 0
88447 2
88447 4
88449 3
88462 0
88462 1
88462 2
88462 3
88462 5
88476 1
88477 0
88477 2
88477 4
88478 3
88492 0
88492 1
88492 2
88492 3
88492 4
88506 3
88507 0
88507 2
88507 5
88508 1
88522 0
88522 1
88522 2
88522 3
88522 5
88536 1
88537 0
88537 2
88537 4
88538 3
88552 0
88552 1
88552 2
88552 3
88552 5
88566 1
88567 0
88567 2
88567 4
88568 3
88582 0
88582 1
88582 2
88582 3
88582 5
88596 1
88597 0
88597 2
88597 4
88598 3
88612 0
88612 1
88612 2
88612 3
88612 5
88625 1
88626 0
88626 4
88627 4
88628 2
88629 3
88641 0
88641 1
88642 4
88642 5
88643 2
88643 3
88655 1
88656 0
88656 4
88657 4
88658 2
88659 3
88671 0
88671 1
88672 4
88673 2
88673 3
88686 0
88687 1
88687 3
88687 5
88688 2
88701 0
88701 1
88702 4
88703 2
88703 3
88716 0
88717 1
88717 3
88717 5
88718 2
88731 0
88731 1
88732 4
88733 2
88733 3
88746 0
88747 1
88747 3
88747 5
88748 2
88761 0
88761 1
88762 4
88763 2
88763 3
88776 0
88777 1
88777 3
88777 4
88778 2
88791 0
88791 3
88792 4
88793 1
88793 2
88805 3
88806 0
88806 5
88807 4
88808 2
88809 1
88819 3
88820 5
88821 0
88822 5
88823 2
88825 1
88835 3
88836 0
88836 5
88837 4
88838 2
88839 1
88849 3
88850 5
88852 0
88852 2
88852 5
88855 1
88865 3
88866 5
88867 0
88867 2
88867 5
88869 1
88881 3
88882 0
88882 2
88882 4
88882 5
88883 1
88895 3
88896 5
88897 0
88897 2
88897 5
88899 1
88911 3
88912 0
88912 2
88912 4
88912 5
88913 1
88925 3
88926 5
88927 0
88927 2
88927 5
88929 1
88941 3
88942 0
88942 2
88942 4
88942 5
88943 1
88955 3
88956 5
88957 0
88957 2
88957 4
88959 1
88969 3
88970 5
88971 2
88972 5
88973 0
88975 1
88976 4
88985 3
88986 2
88986 5
88987 5
88988 0
88989 1
89001 2
89001 3
89002 4
89002 5
89003 0
89003 1
89015 3
89016 2
89016 5
89017 5
89018 0
89019 1
89031 2
89031 3
89032 5
89033 0
89033 1
89046 2
89047 1
89047 3
89047 4
89048 0
89061 2
89061 3
89062 5
89063 0
89063 1
89076 2
89077 1
89077 3
89077 5
89078 0
89091 1
89091 2
89092 4
89093 0
89093 3
89106 2
89107 1
89107 3
89107 5
89108 0
89121 1
89121 2
89122 4
89123 0
89123 3
89136 2
89137 1
89137 3
89137 5
89138 0
89151 1
89151 2
89152 5
89153 0
89153 3
89166 1
89166 2
89167 5
89168 0
89168 3
89180 1
89181 2
89182 4
89183 0
89184 3
89196 1
89196 2
89197 5
89198 0
89198 3
89210 1
89211 2
89212 4
89213 0
89214 3
89226 1
89227 0
89227 2
89227 4
89227 5
89228 3
89240 1
89241 4
89242 0
89242 2
89242 4
89244 3
89256 1
89257 0
89257 2
89257 4
89257 5
89258 3
89270 1
89271 4
89272 0
89272 2
89272 4
89274 3
89286 1
89287 0
89287 2
89287 4
89287 5
89288 3
89300 1
89301 4
89302 0
89302 2
89302 5
89304 3
89314 1
89315 4
89316 0
89317 4
89318 2
89320 3
89321 5
89330 1
89331 0
89331 4
89332 4
89333 2
89334 3
89346 0
89346 1
89347 4
89348 2
89348 3
89361 0
89362 1
89362 3
89362 5
89363 2
89376 0
89376 1
89377 4
89378 2
89378 3
89391 0
89391 1
89392 4
89392 5
89393 2
89393 3
89405 1
89406 0
89406 4
89407 4
89408 2
89409 3
89420 0
89421 1
89422 4
89423 3
89424 2
89425 5
89435 0
89437 1
89437 3
89437 4
89439 2
89450 0
89451 3
89452 5
89453 1
89454 2
89466 0
89467 1
89467 3
89467 4
89468 2
89481 0
89481 3
89482 4
89483 1
89483 2
89495 3
89496 0
89497 5
89498 2
89499 1
89511 0
89511 3
89512 4
89513 1
89513 2
89525 3
89526 0
89527 5
89528 2
89529 1
89541 0
89541 3
89542 4
89543 1
89543 2
89555 3
89556 0
89556 5
89557 4
89558 2
89559 1
89569 3
89570 5
89571 0
89572 5
89573 2
89575 1
89586 0
89586 3
89587 4
89588 1
89588 2
89600 3
89601 5
89602 0
89602 2
89602 5
89604 1
89616 3
89617 0
89617 2
89617 4
89617 5
89618 1
89630 3
89631 5
89632 0
89632 2
89632 5
89634 1
89646 3
89647 0
89647 2
89647 4
89647 5
89648 1
89660 3
89661 5
89662 0
89662 2
89662 5
89664 1
89676 2
89676 3
89677 4
89677 5
89678 0
89678 1
89690 3
89691 2
89691 5
89692 5
89693 0
89694 1
89706 2
89706 3
89707 5
89708 0
89708 1
89721 2
89721 3
89722 4
89722 5
89723 0
89723 1
89735 3
89736 2
89736 5
89737 5
89738 0
89739 1
89751 2
89751 3
89752 4
89752 5
89753 0
89753 1
89765 3
89766 2
89766 5
89767 5
89768 0
89769 1
89780 2
89781 3
89782 5
89783 1
89784 0
89785 4
89795 2
89797 1
89797 3
89797 4
89799 0
89810 2
89811 3
89812 4
89812 5
89813 1
89814 0
89825 2
89825 3
89826 5
89827 5
89829 0
89829 1
89830 4
89840 2
89841 3
89842 5
89843 1
89844 0
89845 4
89855 2
89857 1
89857 3
89857 5
89859 0
89870 2
89871 1
89872 5
89873 3
89874 0
89885 2
89886 1
89887 5
89888 3
89889 0
89900 1
89900 2
89902 4
89904 0
89904 3
89915 2
89916 1
89917 5
89918 3
89919 0
89930 1
89930 2
89932 5
89934 0
89934 3
89944 1
89946 2
89947 4
89948 0
89950 3
89960 1
89961 2
89962 5
89963 0
89964 3
89974 1
89976 2
89977 4
89978 0
89980 3
89990 1
89991 2
89992 4
89993 0
89994 3
90006 1
90007 0
90007 2
90007 5
90008 3
90020 1
90022 0
90022 2
90022 5
90024 3
90034 1
90037 0
90037 2
90037 5
90040 3
90048 1
90052 0
90052 2
90052 4
90056 3
90064 1
90067 0
90067 2
90067 5
90070 3
90078 1
90081 0
90082 4
90083 2
90086 3
90087 5
90094 1
90096 0
90097 4
90097 5
90098 2
90100 3
90108 1
90111 0
90112 4
90113 2
90116 3
90117 5
90124 1
90125 0
90126 4
90127 4
90129 2
90130 3
90131 5
90140 0
90140 1
90141 4
90142 5
90144 2
90144 3
90145 5
90154 1
90155 0
90155 4
90157 4
90159 2
90160 3
90161 5
90170 0
90170 1
90171 4
90172 4
90174 2
90174 3
90175 5
90184 0
90185 4
90186 1
90187 4
90188 3
90190 2
90191 5
90199 0
90200 4
90202 1
90202 3
90202 4
90205 2
90214 0
90215 4
90217 1
90217 3
90217 5
90220 2
90229 0
90230 4
90231 1
90232 4
90233 3
90235 2
90236 5
90244 0
90245 4
90247 1
90247 3
90247 4
90250 2
90259 0
90260 4
90261 3
90262 4
90263 1
90265 2
90274 0
90275 3
90275 4
90277 4
90279 1
90280 2
90289 0
90290 3
90290 4
90292 5
90294 1
90295 2
90305 0
90306 3
90306 4
90307 4
90308 1
90309 2
90320 0
90320 3
90322 4
90324 1
90324 2
90334 3
90335 0
90335 5
90337 4
90339 2
90340 1
