197181 0
197182 1
197182 3
197182 4
197183 2
197196 0
197196 3
197197 5
197198 1
197198 2
197212 0
197212 1
197212 2
197212 3
197212 4
197226 3
197227 0
197227 2
197227 5
197228 1
197242 0
197242 1
197242 2
197242 3
197242 4
197256 3
197257 0
197257 2
197257 5
197258 1
197272 0
197272 1
197272 2
197272 3
197272 4
197286 3
197287 0
197287 2
197287 4
197288 1
197300 3
197302 0
197302 2
197302 5
197304 1
197316 3
197317 0
197317 2
197317 4
197317 5
197318 1
197330 3
197331 5
197332 0
197332 2
197332 5
197334 1
197346 3
197347 0
197347 2
197347 4
197347 5
197348 1
197360 3
197361 5
197362 0
197362 2
197362 5
197364 1
197376 3
197377 0
197377 2
197377 5
197378 1
197392 0
197392 1
197392 2
197392 3
197392 4
197406 3
197407 0
197407 2
197407 5
197408 1
197421 2
197422 1
197422 3
197422 4
197423 0
197436 2
197436 3
197437 5
197438 0
197438 1
197451 2
197452 1
197452 3
197452 4
197453 0
197466 2
197466 3
197467 5
197468 0
197468 1
197481 2
197482 1
197482 3
197482 5
197483 0
197496 1
197496 2
197497 4
197498 0
197498 3
197511 2
197512 1
197512 3
197512 5
197513 0
197526 1
197526 2
197527 4
197528 0
197528 3
197541 2
197542 1
197542 3
197542 5
197543 0
197556 1
197556 2
197557 4
197558 0
197558 3
197572 0
197572 1
197572 2
197572 3
197572 5
197586 1
197587 0
197587 2
197587 4
197588 3
197602 0
197602 1
197602 2
197602 3
197602 5
197616 1
197617 0
197617 2
197617 4
197617 5
197618 3
197630 1
197631 4
197632 0
197632 2
197632 4
197634 3
197646 1
197647 0
197647 2
197647 4
197647 5
197648 3
197660 1
197661 4
197662 0
197662 2
197662 4
197664 3
197676 1
197677 0
197677 2
197677 4
197677 5
197678 3
197690 1
197691 4
197692 0
197692 2
197692 4
197694 3
197706 1
197707 0
197707 2
197707 4
197707 5
197708 3
197720 1
197721 4
197722 0
197722 2
197722 4
197724 3
197736 1
197737 0
197737 2
197737 4
197738 3
197751 0
197752 1
197752 3
197752 5
197753 2
197766 0
197766 1
197767 4
197768 2
197768 3
197781 0
197782 1
197782 3
197782 5
197783 2
197796 0
197796 1
197797 4
197798 2
197798 3
197811 0
197812 1
197812 3
197812 5
197813 2
197826 0
197826 1
197827 4
197828 2
197828 3
197841 0
197842 1
197842 3
197842 4
197843 2
197856 0
197856 3
197857 5
197858 1
197858 2
197871 0
197872 1
197872 3
197872 4
197873 2
197886 0
197886 3
197887 5
197888 1
197888 2
197901 0
197902 1
197902 3
197902 4
197903 2
197916 0
197916 3
197917 5
197918 1
197918 2
197932 0
197932 1
197932 2
197932 3
197932 4
197946 3
197947 0
197947 2
197947 5
197948 1
197962 0
197962 1
197962 2
197962 3
197962 4
197976 3
197977 0
197977 2
197977 4
197977 5
197978 1
197990 3
197991 5
197992 0
197992 2
197992 5
197994 1
198006 3
198007 0
198007 2
198007 4
198007 5
198008 1
198020 3
198021 5
198022 0
198022 2
198022 5
198024 1
198036 3
198037 0
198037 2
198037 4
198037 5
198038 1
198050 3
198051 5
198052 0
198052 2
198052 5
198054 1
198066 3
198067 0
198067 2
198067 4
198067 5
198068 1
198080 3
198081 5
198082 0
198082 2
198082 5
198084 1
198096 2
198096 3
198097 5
198098 0
198098 1
198111 2
198112 1
198112 3
198112 4
198113 0
198126 2
198126 3
198127 5
198128 0
198128 1
198141 2
198142 1
198142 3
198142 4
198143 0
198156 2
198156 3
198157 5
198158 0
198158 1
198171 2
198172 1
198172 3
198172 4
198173 0
198186 2
198186 3
198187 5
198188 0
198188 1
198201 2
198202 1
198202 3
198202 5
198203 0
198216 1
198216 2
198217 4
198218 0
198218 3
198231 2
198232 1
198232 3
198232 5
198233 0
198246 1
198246 2
198247 4
198248 0
198248 3
198261 2
198262 1
198262 3
198262 5
198263 0
198276 1
198276 2
198277 4
198278 0
198278 3
198291 2
198292 1
198292 3
198292 5
198293 0
198306 1
198306 2
198307 5
198308 0
198308 3
198320 1
198321 2
198321 4
198322 4
198323 0
198324 3
198336 1
198337 0
198337 2
198337 4
198337 5
198338 3
198350 1
198351 4
198352 0
198352 2
198352 4
198354 3
198366 1
198367 0
198367 2
198367 4
198367 5
198368 3
198380 1
198381 4
198382 0
198382 2
198382 4
198384 3
198396 1
198397 0
198397 2
198397 4
198397 5
198398 3
198410 1
198411 4
198412 0
198412 2
198412 4
198414 3
198426 1
198427 0
198427 2
198427 4
198427 5
198428 3
198440 1
198441 4
198442 0
198442 2
198442 4
198444 3
198456 0
198456 1
198457 4
198457 5
198458 2
198458 3
198470 1
198471 0
198471 4
198472 4
198473 2
198474 3
198486 0
198486 1
198487 4
198488 2
198488 3
198501 0
198502 1
198502 3
198502 5
198503 2
198516 0
198516 1
198517 4
198518 2
198518 3
198531 0
198532 1
198532 3
198532 5
198533 2
198546 0
198546 1
198547 4
198548 2
198548 3
198561 0
198562 1
198562 3
198562 4
198563 2
198576 0
198576 3
198577 5
198578 1
198578 2
198591 0
198592 1
198592 3
198592 4
198593 2
198606 0
198606 3
198607 5
198608 1
198608 2
198621 0
198622 1
198622 3
198622 4
198623 2
198636 0
198636 3
198637 4
198638 1
198638 2
198650 3
198651 0
198652 5
198653 2
198654 1
198666 0
198666 3
198667 4
198668 1
198668 2
198680 3
198682 0
198682 2
198682 5
198684 1
198696 3
198697 0
198697 2
198697 4
198698 1
198710 3
198712 0
198712 2
198712 5
198714 1
198726 3
198727 0
198727 2
198727 4
198728 1
198740 3
198741 5
198742 0
198742 2
198742 5
198744 1
198756 3
198757 0
198757 2
198757 4
198757 5
198758 1
198770 3
198771 5
198772 0
198772 2
198772 5
198774 1
198786 3
198787 0
198787 2
198787 4
198787 5
198788 1
198800 3
198801 5
198802 0
198802 2
198802 5
198804 1
198816 2
198816 3
198817 4
198817 5
198818 0
198818 1
198830 3
198831 2
198831 5
198832 5
198833 0
198834 1
198846 2
198846 3
198847 5
198848 0
198848 1
198861 2
198862 1
198862 3
198862 4
198863 0
198876 2
198876 3
198877 5
198878 0
198878 1
198891 2
198892 1
198892 3
198892 4
198893 0
198906 2
198906 3
198907 5
198908 0
198908 1
198921 2
198922 1
198922 3
198922 5
198923 0
198936 1
198936 2
198937 4
198938 0
198938 3
198951 2
198952 1
198952 3
198952 5
198953 0
198966 1
198966 2
198967 4
198968 0
198968 3
198981 2
198982 1
198982 3
198982 5
198983 0
198996 1
198996 2
198997 5
198998 0
198998 3
199010 1
199011 2
199012 4
199013 0
199014 3
199026 1
199026 2
199027 5
199028 0
199028 3
199040 1
199041 2
199042 4
199043 0
199044 3
199057 0
199057 1
199057 2
199057 3
199057 5
199071 1
199072 0
199072 2
199072 4
199073 3
199087 0
199087 1
199087 2
199087 3
199087 5
199101 1
199102 0
199102 2
199102 4
199102 5
199103 3
199115 1
199116 4
199117 0
199117 2
199117 4
199119 3
199131 1
199132 0
199132 2
199132 4
199132 5
199133 3
199145 1
199146 4
199147 0
199147 2
199147 4
199149 3
199161 1
199162 0
199162 2
199162 4
199163 3
199176 0
199177 1
199177 3
199177 5
199178 2
199191 0
199191 1
199192 4
199193 2
199193 3
199206 0
199206 1
199207 4
199207 5
199208 2
199208 3
199220 1
199221 0
199221 4
199222 4
199223 2
199224 3
199236 0
199236 1
199237 4
199238 2
199238 3
199251 0
199252 1
199252 3
199252 5
199253 2
199266 0
199266 1
199267 4
199268 2
199268 3
199281 0
199282 1
199282 3
199282 5
199283 2
199296 0
199296 1
199297 4
199298 2
199298 3
199311 0
199312 1
199312 3
199312 4
199313 2
199326 0
199326 3
199327 5
199328 1
199328 2
199341 0
199342 1
199342 3
199342 4
199343 2
199356 0
199356 3
199357 4
199358 1
199358 2
199370 3
199371 0
199372 5
199373 2
199374 1
199386 0
199386 3
199387 4
199388 1
199388 2
199400 3
199401 0
199402 5
199403 2
199404 1
199416 0
199416 3
199417 4
199418 1
199418 2
199430 3
199431 0
199431 5
199432 5
199433 2
199434 1
199446 3
199447 0
199447 2
199447 4
199447 5
199448 1
199460 3
199461 5
199462 0
199462 2
199462 5
199464 1
199477 0
199477 1
199477 2
199477 3
199477 4
199491 3
199492 0
199492 2
199492 4
199492 5
199493 1
199504 3
199505 5
199507 0
199507 2
199507 5
199510 1
199521 3
199522 0
199522 2
199522 5
199523 1
199537 0
199537 1
199537 2
199537 3
199537 4
199550 3
199551 5
199552 0
199552 2
199552 5
199554 1
199566 2
199566 3
199567 4
199567 5
199568 0
199568 1
199580 3
199581 2
199581 5
199582 5
199583 0
199584 1
199596 2
199596 3
199597 4
199597 5
199598 0
199598 1
199610 3
199611 2
199611 5
199612 5
199613 0
199614 1
199626 2
199626 3
199627 5
199628 0
199628 1
199641 2
199642 1
199642 3
199642 4
199643 0
199656 2
199656 3
199657 5
199658 0
199658 1
199671 2
199672 1
199672 3
199672 5
199673 0
199686 1
199686 2
199687 4
199688 0
199688 3
199701 2
199702 1
199702 3
199702 5
199703 0
199716 1
199716 2
199717 4
199718 0
199718 3
199731 2
199732 1
199732 3
199732 5
199733 0
199746 1
199746 2
199747 5
199748 0
199748 3
199760 1
199761 2
199762 4
199763 0
199764 3
199776 1
199776 2
199777 5
199778 0
199778 3
199790 1
199791 2
199792 4
199793 0
199794 3
199806 1
199806 2
199807 5
199808 0
199808 3
199820 1
199822 0
199822 2
199822 4
199824 3
199837 0
199837 1
199837 2
199837 3
199837 5
199851 1
199852 0
199852 2
199852 4
199853 3
199867 0
199867 1
199867 2
199867 3
199867 5
199881 1
199882 0
199882 2
199882 4
199883 3
199897 0
199897 1
199897 2
199897 3
199897 5
199911 1
199912 0
199912 2
199912 4
199913 3
199927 0
199927 1
199927 2
199927 3
199927 5
199941 1
199942 0
199942 2
199942 4
199943 3
199957 0
199957 1
199957 2
199957 3
199957 5
199970 1
199971 4
199972 0
199972 2
199972 4
199974 3
199986 0
199986 1
199987 4
199987 5
199988 2
199988 3
200000 1
200001 0
200001 4
200002 4
200003 2
200004 3
200016 0
200016 1
200017 4
200018 2
200018 3
200031 0
200032 1
200032 3
200032 5
200033 2
200046 0
200046 1
200047 4
200048 2
200048 3
200061 0
200062 1
200062 3
200062 5
200063 2
200076 0
200076 1
200077 4
200078 2
200078 3
200091 0
200092 1
200092 3
200092 4
200093 2
200106 0
200106 3
200107 5
200108 1
200108 2
200121 0
200122 1
200122 3
200122 4
200123 2
200136 0
200136 3
200137 5
200138 1
200138 2
200151 0
200152 1
200152 3
200152 4
200153 2
200166 0
200166 3
200167 4
200168 1
200168 2
200180 3
200181 0
200181 5
200182 4
200183 2
200184 1
