188137 0
188137 1
188137 2
188137 3
188137 5
188151 1
188152 0
188152 2
188152 4
188153 3
188167 0
188167 1
188167 2
188167 3
188167 5
188181 1
188182 0
188182 2
188182 4
188182 5
188183 3
188195 1
188196 4
188197 0
188197 2
188197 4
188199 3
188211 1
188212 0
188212 2
188212 4
188213 3
188227 0
188227 1
188227 2
188227 3
188227 5
188241 1
188242 0
188242 2
188242 4
188243 3
188256 0
188257 1
188257 3
188257 4
188257 5
188258 2
188271 0
188271 1
188272 4
188273 2
188273 3
188286 0
188287 1
188287 3
188287 4
188288 2
188301 0
188301 3
188302 5
188303 1
188303 2
188316 0
188317 1
188317 3
188317 4
188318 2
188331 0
188331 3
188332 5
188333 1
188333 2
188346 0
188347 1
188347 3
188347 4
188348 2
188361 0
188361 3
188362 5
188363 1
188363 2
188376 0
188377 1
188377 3
188377 4
188378 2
188391 0
188391 3
188392 4
188393 1
188393 2
188405 3
188406 5
188407 0
188407 2
188407 5
188409 1
188421 3
188422 0
188422 2
188422 4
188422 5
188423 1
188435 3
188436 5
188437 0
188437 2
188437 5
188439 1
188451 3
188452 0
188452 2
188452 4
188452 5
188453 1
188465 3
188466 5
188467 0
188467 2
188467 5
188469 1
188481 3
188482 0
188482 2
188482 4
188482 5
188483 1
188495 3
188496 5
188497 0
188497 2
188497 5
188499 1
188511 3
188512 0
188512 2
188512 4
188512 5
188513 1
188525 3
188526 5
188527 0
188527 2
188527 5
188529 1
188541 3
188542 0
188542 2
188542 5
188543 1
188556 2
188557 1
188557 3
188557 4
188558 0
188571 3
188572 0
188572 2
188572 5
188573 1
188586 2
188587 1
188587 3
188587 4
188588 0
188601 2
188601 3
188602 5
188603 0
188603 1
188616 2
188617 1
188617 3
188617 4
188618 0
188631 2
188631 3
188632 5
188633 0
188633 1
188646 2
188647 1
188647 3
188647 4
188648 0
188661 2
188661 3
188662 5
188663 0
188663 1
188676 2
188677 1
188677 3
188677 5
188678 0
188691 1
188691 2
188692 4
188693 0
188693 3
188706 2
188707 1
188707 3
188707 5
188708 0
188721 1
188721 2
188722 4
188723 0
188723 3
188737 0
188737 1
188737 2
188737 3
188737 5
188751 1
188752 0
188752 2
188752 4
188753 3
188767 0
188767 1
188767 2
188767 3
188767 5
188781 1
188782 0
188782 2
188782 4
188783 3
188797 0
188797 1
188797 2
188797 3
188797 5
188811 1
188812 0
188812 2
188812 4
188813 3
188827 0
188827 1
188827 2
188827 3
188827 5
188841 1
188842 0
188842 2
188842 4
188842 5
188843 3
188855 1
188856 4
188857 0
188857 2
188857 4
188859 3
188871 1
188872 0
188872 2
188872 4
188873 3
188887 0
188887 1
188887 2
188887 3
188887 5
188901 1
188902 0
188902 2
188902 4
188903 3
188917 0
188917 1
188917 2
188917 3
188917 5
188931 1
188932 0
188932 2
188932 4
188933 3
188947 0
188947 1
188947 2
188947 3
188947 5
188961 1
188962 0
188962 2
188962 4
188963 3
188977 0
188977 1
188977 2
188977 3
188977 5
188991 1
188992 0
188992 2
188992 4
188993 3
189007 0
189007 1
189007 2
189007 3
189007 5
189021 1
189022 0
189022 2
189022 4
189023 3
189036 0
189037 1
189037 3
189037 5
189038 2
189051 0
189051 1
189052 4
189053 2
189053 3
189066 0
189067 1
189067 3
189067 5
189068 2
189081 0
189081 1
189082 4
189083 2
189083 3
189096 0
189097 1
189097 3
189097 4
189098 2
189111 0
189111 3
189112 5
189113 1
189113 2
189126 0
189127 1
189127 3
189127 4
189128 2
189141 0
189141 3
189142 5
189143 1
189143 2
189156 0
189157 1
189157 3
189157 4
189158 2
189171 0
189171 3
189172 4
189173 1
189173 2
189185 3
189186 0
189186 5
189187 5
189188 2
189189 1
189201 3
189202 0
189202 2
189202 4
189202 5
189203 1
189215 3
189216 5
189217 0
189217 2
189217 5
189219 1
189231 3
189232 0
189232 2
189232 4
189232 5
189233 1
189245 3
189246 5
189247 0
189247 2
189247 5
189249 1
189261 3
189262 0
189262 2
189262 4
189262 5
189263 1
189275 3
189276 5
189277 0
189277 2
189277 5
189279 1
189291 3
189292 0
189292 2
189292 4
189292 5
189293 1
189305 3
189306 5
189307 0
189307 2
189307 5
189309 1
189321 3
189322 0
189322 2
189322 4
189322 5
189323 1
189335 3
189336 5
189337 0
189337 2
189337 5
189339 1
189351 2
189351 3
189352 5
189353 0
189353 1
189366 2
189367 1
189367 3
189367 4
189368 0
189381 2
189381 3
189382 5
189383 0
189383 1
189396 2
189397 1
189397 3
189397 4
189398 0
189411 2
189411 3
189412 5
189413 0
189413 1
189426 2
189427 1
189427 3
189427 4
189428 0
189441 2
189441 3
189442 5
189443 0
189443 1
189456 2
189457 1
189457 3
189457 5
189458 0
189471 1
189471 2
189472 4
189473 0
189473 3
189486 2
189487 1
189487 3
189487 5
189488 0
189501 1
189501 2
189502 4
189503 0
189503 3
189516 2
189517 1
189517 3
189517 5
189518 0
189531 1
189531 2
189532 4
189533 0
189533 3
189547 0
189547 1
189547 2
189547 3
189547 5
189561 1
189562 0
189562 2
189562 5
189563 3
189575 1
189577 0
189577 2
189577 4
189579 3
189591 1
189592 0
189592 2
189592 5
189593 3
189605 1
189607 0
189607 2
189607 4
189609 3
189621 1
189622 0
189622 2
189622 5
189623 3
189635 1
189637 0
189637 2
189637 4
189639 3
189651 1
189652 0
189652 2
189652 4
189652 5
189653 3
189665 1
189666 4
189667 0
189667 2
189667 4
189669 3
189681 0
189681 1
189682 4
189683 2
189683 3
189696 0
189697 1
189697 3
189697 5
189698 2
189711 0
189711 1
189712 4
189713 2
189713 3
189726 0
189727 1
189727 3
189727 5
189728 2
189741 0
189741 1
189742 4
189743 2
189743 3
189756 0
189757 1
189757 3
189757 5
189758 2
189771 0
189771 1
189772 4
189773 2
189773 3
189786 0
189787 1
189787 3
189787 4
189788 2
189801 0
189801 3
189802 5
189803 1
189803 2
189816 0
189817 1
189817 3
189817 4
189818 2
189831 0
189831 3
189832 5
189833 1
189833 2
189846 0
189847 1
189847 3
189847 4
189848 2
189861 0
189861 3
189862 4
189863 1
189863 2
189875 3
189876 0
189876 5
189877 5
189878 2
189879 1
189891 0
189891 3
189892 4
189893 1
189893 2
189905 3
189906 0
189906 5
189907 5
189908 2
189909 1
189922 0
189922 1
189922 2
189922 3
189922 4
189936 3
189937 0
189937 2
189937 5
189938 1
189952 0
189952 1
189952 2
189952 3
189952 4
189966 3
189967 0
189967 2
189967 5
189968 1
189982 0
189982 1
189982 2
189982 3
189982 4
189996 3
189997 0
189997 2
189997 5
189998 1
190012 0
190012 1
190012 2
190012 3
190012 4
190026 3
190027 0
190027 2
190027 5
190028 1
190042 0
190042 1
190042 2
190042 3
190042 4
190056 3
190057 0
190057 2
190057 5
190058 1
190072 0
190072 1
190072 2
190072 3
190072 4
190085 3
190086 2
190086 5
190087 5
190088 0
190089 1
190101 2
190101 3
190102 4
190102 5
190103 0
190103 1
190115 3
190116 2
190116 5
190117 5
190118 0
190119 1
190131 2
190131 3
190132 5
190133 0
190133 1
190146 2
190147 1
190147 3
190147 4
190148 0
190161 2
190161 3
190162 5
190163 0
190163 1
190176 2
190177 1
190177 3
190177 4
190178 0
190191 2
190191 3
190192 5
190193 0
190193 1
190206 2
190207 1
190207 3
190207 5
190208 0
190221 1
190221 2
190222 4
190223 0
190223 3
190236 2
190237 1
190237 3
190237 5
190238 0
190251 1
190251 2
190252 4
190253 0
190253 3
190266 2
190267 1
190267 3
190267 5
190268 0
190281 1
190281 2
190282 5
190283 0
190283 3
190295 1
190296 2
190296 4
190297 4
190298 0
190299 3
190311 1
190311 2
190312 5
190313 0
190313 3
190325 1
190326 2
190326 4
190327 4
190328 0
190329 3
190341 1
190342 0
190342 2
190342 4
190342 5
190343 3
190355 1
190356 4
190357 0
190357 2
190357 4
190359 3
190371 1
190372 0
190372 2
190372 4
190372 5
190373 3
190385 1
190386 4
190387 0
190387 2
190387 5
190389 3
190399 1
190400 4
190402 0
190402 2
190402 4
190405 3
190415 1
190416 4
190417 0
190417 2
190417 4
190419 3
190431 1
190432 0
190432 2
190432 4
190432 5
190433 3
190445 1
190446 4
190447 0
190447 2
190447 4
190449 3
190461 0
190461 1
190462 4
190462 5
190463 2
190463 3
190475 1
190476 0
190476 4
190477 4
190478 2
190479 3
190491 0
190491 1
190492 4
190492 5
190493 2
190493 3
190505 1
190506 0
190506 4
190507 4
190508 2
190509 3
190521 0
190521 1
190522 4
190523 2
190523 3
190536 0
190537 1
190537 3
190537 5
190538 2
190551 0
190551 1
190552 4
190553 2
190553 3
190566 0
190567 1
190567 3
190567 4
190568 2
190581 0
190581 3
190582 5
190583 1
190583 2
190596 0
190597 1
190597 3
190597 4
190598 2
190611 0
190611 3
190612 5
190613 1
190613 2
190626 0
190627 1
190627 3
190627 4
190628 2
190641 0
190641 3
190642 4
190643 1
190643 2
190655 3
190656 0
190657 5
190658 2
190659 1
190671 0
190672 1
190672 3
190672 4
190673 2
190686 0
190686 3
190687 4
190688 1
190688 2
190700 3
190701 0
190702 5
190703 2
190704 1
190716 0
190716 3
190717 4
190718 1
190718 2
190730 3
190732 0
190732 2
190732 4
190734 1
190744 3
190747 0
190747 2
190747 5
190750 1
190760 3
190762 0
190762 2
190762 5
190764 1
190776 3
190777 0
190777 2
190777 4
190778 1
190790 3
190792 0
190792 2
190792 5
190794 1
190806 2
190806 3
190807 4
190807 5
190808 0
190808 1
190820 3
190821 2
190822 5
190823 0
190824 1
190825 4
190836 2
190836 3
190837 5
190838 0
190838 1
190851 2
190852 1
190852 3
190852 4
190853 0
190866 2
190866 3
190867 5
190868 0
190868 1
190881 2
190881 3
190882 5
190883 0
190883 1
190896 2
190897 1
190897 3
190897 4
190898 0
190911 2
190911 3
190912 5
190913 0
190913 1
190926 2
190927 1
190927 3
190927 4
190928 0
190941 2
190941 3
190942 5
190943 0
190943 1
190956 2
190957 1
190957 3
190957 5
190958 0
190971 1
190971 2
190972 4
190973 0
190973 3
190986 2
190987 1
190987 3
190987 5
190988 0
191001 1
191001 2
191002 5
191003 0
191003 3
191015 1
191016 2
191016 4
191017 4
191018 0
191019 3
191031 1
191031 2
191032 5
191033 0
191033 3
191045 1
191046 2
191046 4
191047 5
191048 0
191049 3
191059 1
191060 4
191061 2
191062 4
191063 0
191065 3
191076 1
191076 2
191077 5
191078 0
191078 3
191090 1
191091 4
191092 0
191092 2
191092 4
191094 3
191106 1
191107 0
191107 2
191107 4
191107 5
191108 3
191120 1
191121 4
191122 0
191122 2
191122 4
191124 3
191136 1
191137 0
191137 2
191137 4
191138 3
