43041 0
43042 1
43042 3
43042 4
43043 2
43056 0
43056 3
43057 5
43058 1
43058 2
43071 0
43072 1
43072 3
43072 4
43073 2
43086 0
43086 3
43087 5
43088 1
43088 2
43102 0
43102 1
43102 2
43102 3
43102 4
43116 3
43117 0
43117 2
43117 5
43118 1
43132 0
43132 1
43132 2
43132 3
43132 4
43146 3
43147 0
43147 2
43147 5
43148 1
43162 0
43162 1
43162 2
43162 3
43162 4
43176 3
43177 0
43177 2
43177 4
43177 5
43178 1
43190 3
43191 5
43192 0
43192 2
43192 5
43194 1
43206 3
43207 0
43207 2
43207 4
43207 5
43208 1
43220 3
43221 5
43222 0
43222 2
43222 5
43224 1
43236 3
43237 0
43237 2
43237 4
43237 5
43238 1
43250 3
43251 5
43252 0
43252 2
43252 5
43254 1
43266 3
43267 0
43267 2
43267 4
43267 5
43268 1
43280 3
43281 5
43282 0
43282 2
43282 5
43284 1
43296 2
43296 3
43297 4
43297 5
43298 0
43298 1
43310 3
43311 2
43311 5
43312 4
43313 0
43314 1
43324 3
43325 5
43326 2
43327 5
43328 0
43330 1
43331 4
43340 3
43341 2
43341 5
43342 5
43343 0
43344 1
43356 2
43356 3
43357 5
43358 0
43358 1
43371 2
43372 1
43372 3
43372 5
43373 0
43386 1
43386 2
43387 4
43388 0
43388 3
43401 2
43402 1
43402 3
43402 5
43403 0
43416 1
43416 2
43417 5
43418 0
43418 3
43430 1
43431 2
43432 4
43433 0
43434 3
43446 1
43446 2
43447 5
43448 0
43448 3
43460 1
43461 2
43462 4
43463 0
43464 3
43476 1
43476 2
43477 5
43478 0
43478 3
43491 1
43491 2
43492 5
43493 0
43493 3
43505 1
43506 2
43507 4
43508 0
43509 3
43521 1
43522 0
43522 2
43522 5
43523 3
43535 1
43537 0
43537 2
43537 4
43539 3
43551 1
43552 0
43552 2
43552 5
43553 3
43565 1
43567 0
43567 2
43567 5
43569 3
43579 1
43582 0
43582 2
43582 4
43585 3
43595 1
43596 0
43596 4
43597 4
43598 2
43599 3
43611 0
43611 1
43612 4
43613 2
43613 3
43626 0
43627 1
43627 3
43627 5
43628 2
43640 1
43641 0
43641 4
43642 5
43643 2
43644 3
43654 1
43655 4
43656 0
43657 4
43658 2
43660 3
43670 0
43670 1
43671 4
43672 4
43674 2
43674 3
43685 0
43686 1
43687 4
43688 3
43689 2
43700 0
43702 1
43702 3
43702 4
43704 2
43715 0
43716 3
43717 5
43718 1
43719 2
43730 0
43732 1
43732 3
43732 4
43734 2
43745 0
43746 3
43747 4
43748 1
43749 2
43760 0
43760 3
43762 5
43764 1
43764 2
43776 0
43776 3
43777 4
43778 1
43778 2
43791 0
43791 3
43792 4
43793 1
43793 2
43805 3
43806 0
43807 5
43808 2
43809 1
43821 0
43821 3
43822 4
43823 1
43823 2
43835 3
43836 0
43836 5
43837 5
43838 2
43839 1
43851 0
43851 3
43852 4
43853 1
43853 2
43865 3
43866 0
43866 5
43867 4
43868 2
43869 1
43879 3
43880 5
43882 0
43882 2
43882 5
43885 1
43895 3
43896 5
43897 0
43897 2
43897 5
43899 1
43911 3
43912 0
43912 2
43912 4
43912 5
43913 1
43925 3
43926 5
43927 0
43927 2
43927 4
43929 1
43939 3
43940 5
43942 0
43942 2
43942 5
43945 1
43955 3
43956 2
43956 5
43957 5
43958 0
43959 1
43971 2
43971 3
43972 4
43972 5
43973 0
43973 1
43985 3
43986 2
43986 5
43987 5
43988 0
43989 1
44001 2
44001 3
44002 5
44003 0
44003 1
44016 2
44017 1
44017 3
44017 4
44018 0
44030 3
44031 2
44031 5
44032 5
44033 0
44034 1
44045 2
44046 3
44047 5
44048 1
44049 0
44050 4
44060 2
44062 1
44062 3
44062 5
44064 0
44075 2
44076 1
44077 4
44078 3
44079 0
44090 2
44092 1
44092 3
44092 5
44094 0
44105 2
44106 1
44107 4
44108 3
44109 0
44121 2
44122 1
44122 3
44122 5
44123 0
44136 1
44136 2
44137 4
44138 0
44138 3
44151 2
44152 1
44152 3
44152 5
44153 0
44166 1
44166 2
44167 5
44168 0
44168 3
44180 1
44181 2
44182 5
44183 0
44184 3
44195 1
44196 2
44197 4
44198 0
44199 3
44211 1
44211 2
44212 5
44213 0
44213 3
44225 1
44226 2
44227 4
44228 0
44229 3
44241 1
44241 2
44242 5
44243 0
44243 3
44255 1
44256 2
44257 4
44258 0
44259 3
44271 1
44272 0
44272 2
44272 5
44273 3
44285 1
44287 0
44287 2
44287 4
44289 3
44301 1
44302 0
44302 2
44302 4
44302 5
44303 3
44315 1
44316 4
44317 0
44317 2
44317 5
44319 3
44329 1
44330 4
44332 0
44332 2
44332 4
44335 3
44345 1
44346 0
44346 4
44347 5
44348 2
44349 3
44359 1
44360 4
44361 0
44362 5
44363 2
44365 3
44373 1
44374 4
44376 0
44377 4
44378 2
44381 3
44389 1
44390 0
44390 4
44392 5
44394 2
44395 3
44396 5
44402 1
44403 4
44405 0
44407 5
44409 2
44412 3
44413 5
44416 1
44417 4
44420 0
44422 4
44424 2
44428 3
44429 5
44432 1
44433 4
44434 0
44437 4
44440 2
44442 3
44443 5
44448 1
44449 0
44449 4
44452 4
44455 2
44456 3
44457 5
44463 0
44464 1
44465 4
44467 4
44470 3
44471 2
44472 5
