9540 tensor([[ 0.2905,  0.0916],
        [ 0.1871, -0.0477],
        [-0.3070, -0.0785],
        [-0.2186,  0.0520]], device='cuda:0')
9541 tensor([[ 0.2905,  0.0915],
        [ 0.1870, -0.0479],
        [-0.3069, -0.0783],
        [-0.2185,  0.0522]], device='cuda:0')
9542 tensor([[ 0.2904,  0.0914],
        [ 0.1869, -0.0481],
        [-0.3069, -0.0782],
        [-0.2185,  0.0524]], device='cuda:0')
9543 tensor([[ 0.2903,  0.0912],
        [ 0.1869, -0.0482],
        [-0.3068, -0.0780],
        [-0.2184,  0.0525]], device='cuda:0')
9544 tensor([[ 0.2902,  0.0911],
        [ 0.1868, -0.0484],
        [-0.3067, -0.0779],
        [-0.2183,  0.0527]], device='cuda:0')
9545 tensor([[ 0.2902,  0.0910],
        [ 0.1867, -0.0486],
        [-0.3067, -0.0778],
        [-0.2183,  0.0529]], device='cuda:0')
9546 tensor([[ 0.2901,  0.0908],
        [ 0.1866, -0.0487],
        [-0.3066, -0.0776],
        [-0.2182,  0.0530]], device='cuda:0')
9547 tensor([[ 0.2900,  0.0907],
        [ 0.1866, -0.0489],
        [-0.3065, -0.0775],
        [-0.2181,  0.0532]], device='cuda:0')
9548 tensor([[ 0.2900,  0.0906],
        [ 0.1865, -0.0490],
        [-0.3065, -0.0774],
        [-0.2181,  0.0534]], device='cuda:0')
9549 tensor([[ 0.2899,  0.0905],
        [ 0.1864, -0.0492],
        [-0.3064, -0.0772],
        [-0.2180,  0.0535]], device='cuda:0')
9550 tensor([[ 0.2898,  0.0903],
        [ 0.1864, -0.0493],
        [-0.3064, -0.0771],
        [-0.2180,  0.0537]], device='cuda:0')
9551 tensor([[ 0.2898,  0.0902],
        [ 0.1863, -0.0495],
        [-0.3063, -0.0770],
        [-0.2179,  0.0539]], device='cuda:0')
9552 tensor([[ 0.2897,  0.0901],
        [ 0.1862, -0.0497],
        [-0.3063, -0.0768],
        [-0.2178,  0.0540]], device='cuda:0')
9553 tensor([[ 0.2896,  0.0900],
        [ 0.1861, -0.0498],
        [-0.3062, -0.0767],
        [-0.2178,  0.0542]], device='cuda:0')
9554 tensor([[ 0.2896,  0.0898],
        [ 0.1861, -0.0500],
        [-0.3061, -0.0766],
        [-0.2177,  0.0543]], device='cuda:0')
9555 tensor([[ 0.2895,  0.0897],
        [ 0.1860, -0.0501],
        [-0.3061, -0.0765],
        [-0.2177,  0.0545]], device='cuda:0')
9556 tensor([[ 0.2894,  0.0896],
        [ 0.1859, -0.0503],
        [-0.3060, -0.0763],
        [-0.2176,  0.0547]], device='cuda:0')
9557 tensor([[ 0.2894,  0.0895],
        [ 0.1859, -0.0504],
        [-0.3060, -0.0762],
        [-0.2175,  0.0548]], device='cuda:0')
9558 tensor([[ 0.2893,  0.0893],
        [ 0.1858, -0.0506],
        [-0.3059, -0.0761],
        [-0.2175,  0.0550]], device='cuda:0')
9559 tensor([[ 0.2893,  0.0892],
        [ 0.1857, -0.0507],
        [-0.3058, -0.0760],
        [-0.2174,  0.0551]], device='cuda:0')
9560 tensor([[ 0.2892,  0.0891],
        [ 0.1857, -0.0509],
        [-0.3058, -0.0758],
        [-0.2174,  0.0553]], device='cuda:0')
9561 tensor([[ 0.2891,  0.0890],
        [ 0.1856, -0.0510],
        [-0.3057, -0.0757],
        [-0.2173,  0.0554]], device='cuda:0')
9562 tensor([[ 0.2891,  0.0889],
        [ 0.1855, -0.0512],
        [-0.3057, -0.0756],
        [-0.2172,  0.0556]], device='cuda:0')
9563 tensor([[ 0.2890,  0.0888],
        [ 0.1855, -0.0513],
        [-0.3056, -0.0755],
        [-0.2172,  0.0557]], device='cuda:0')
9564 tensor([[ 0.2889,  0.0886],
        [ 0.1854, -0.0514],
        [-0.3056, -0.0754],
        [-0.2171,  0.0559]], device='cuda:0')
9565 tensor([[ 0.2889,  0.0885],
        [ 0.1853, -0.0515],
        [-0.3055, -0.0752],
        [-0.2171,  0.0560]], device='cuda:0')
9566 tensor([[ 0.2888,  0.0884],
        [ 0.1853, -0.0516],
        [-0.3055, -0.0751],
        [-0.2170,  0.0561]], device='cuda:0')
9567 tensor([[ 0.2888,  0.0883],
        [ 0.1852, -0.0517],
        [-0.3054, -0.0750],
        [-0.2169,  0.0562]], device='cuda:0')
9568 tensor([[ 0.2887,  0.0882],
        [ 0.1851, -0.0518],
        [-0.3054, -0.0749],
        [-0.2169,  0.0563]], device='cuda:0')
9569 tensor([[ 0.2886,  0.0881],
        [ 0.1851, -0.0519],
        [-0.3053, -0.0748],
        [-0.2168,  0.0564]], device='cuda:0')
9570 tensor([[ 0.2886,  0.0880],
        [ 0.1850, -0.0520],
        [-0.3052, -0.0746],
        [-0.2168,  0.0565]], device='cuda:0')
9571 tensor([[ 0.2885,  0.0878],
        [ 0.1850, -0.0521],
        [-0.3052, -0.0745],
        [-0.2167,  0.0566]], device='cuda:0')
9572 tensor([[ 0.2885,  0.0877],
        [ 0.1849, -0.0522],
        [-0.3051, -0.0744],
        [-0.2167,  0.0567]], device='cuda:0')
9573 tensor([[ 0.2884,  0.0876],
        [ 0.1848, -0.0523],
        [-0.3051, -0.0743],
        [-0.2166,  0.0569]], device='cuda:0')
9574 tensor([[ 0.2883,  0.0875],
        [ 0.1848, -0.0524],
        [-0.3050, -0.0742],
        [-0.2166,  0.0570]], device='cuda:0')
9575 tensor([[ 0.2883,  0.0874],
        [ 0.1847, -0.0525],
        [-0.3050, -0.0741],
        [-0.2165,  0.0571]], device='cuda:0')
9576 tensor([[ 0.2882,  0.0873],
        [ 0.1846, -0.0526],
        [-0.3049, -0.0740],
        [-0.2164,  0.0572]], device='cuda:0')
9577 tensor([[ 0.2882,  0.0872],
        [ 0.1846, -0.0527],
        [-0.3049, -0.0738],
        [-0.2164,  0.0573]], device='cuda:0')
9578 tensor([[ 0.2881,  0.0871],
        [ 0.1845, -0.0528],
        [-0.3048, -0.0737],
        [-0.2163,  0.0574]], device='cuda:0')
9579 tensor([[ 0.2881,  0.0870],
        [ 0.1845, -0.0529],
        [-0.3048, -0.0736],
        [-0.2163,  0.0575]], device='cuda:0')
9580 tensor([[ 0.2880,  0.0869],
        [ 0.1844, -0.0529],
        [-0.3047, -0.0735],
        [-0.2162,  0.0576]], device='cuda:0')
9581 tensor([[ 0.2879,  0.0868],
        [ 0.1843, -0.0530],
        [-0.3047, -0.0734],
        [-0.2162,  0.0576]], device='cuda:0')
9582 tensor([[ 0.2879,  0.0867],
        [ 0.1843, -0.0531],
        [-0.3046, -0.0733],
        [-0.2161,  0.0577]], device='cuda:0')
9583 tensor([[ 0.2878,  0.0865],
        [ 0.1842, -0.0531],
        [-0.3046, -0.0732],
        [-0.2161,  0.0578]], device='cuda:0')
9584 tensor([[ 0.2878,  0.0864],
        [ 0.1842, -0.0532],
        [-0.3045, -0.0731],
        [-0.2160,  0.0579]], device='cuda:0')
9585 tensor([[ 0.2877,  0.0863],
        [ 0.1841, -0.0533],
        [-0.3045, -0.0730],
        [-0.2160,  0.0579]], device='cuda:0')
9586 tensor([[ 0.2877,  0.0862],
        [ 0.1840, -0.0533],
        [-0.3044, -0.0729],
        [-0.2159,  0.0580]], device='cuda:0')
9587 tensor([[ 0.2876,  0.0861],
        [ 0.1840, -0.0534],
        [-0.3044, -0.0728],
        [-0.2159,  0.0581]], device='cuda:0')
9588 tensor([[ 0.2876,  0.0860],
        [ 0.1839, -0.0535],
        [-0.3043, -0.0726],
        [-0.2158,  0.0581]], device='cuda:0')
9589 tensor([[ 0.2875,  0.0859],
        [ 0.1839, -0.0535],
        [-0.3043, -0.0725],
        [-0.2158,  0.0582]], device='cuda:0')
9590 tensor([[ 0.2875,  0.0858],
        [ 0.1838, -0.0536],
        [-0.3042, -0.0724],
        [-0.2157,  0.0583]], device='cuda:0')
9591 tensor([[ 0.2874,  0.0857],
        [ 0.1838, -0.0537],
        [-0.3042, -0.0723],
        [-0.2157,  0.0583]], device='cuda:0')
9592 tensor([[ 0.2873,  0.0856],
        [ 0.1837, -0.0538],
        [-0.3042, -0.0722],
        [-0.2156,  0.0584]], device='cuda:0')
9593 tensor([[ 0.2873,  0.0855],
        [ 0.1837, -0.0538],
        [-0.3041, -0.0721],
        [-0.2156,  0.0585]], device='cuda:0')
9594 tensor([[ 0.2873,  0.0854],
        [ 0.1837, -0.0539],
        [-0.3040, -0.0720],
        [-0.2155,  0.0585]], device='cuda:0')
9595 tensor([[ 0.2872,  0.0853],
        [ 0.1836, -0.0540],
        [-0.3040, -0.0719],
        [-0.2155,  0.0586]], device='cuda:0')
9596 tensor([[ 0.2872,  0.0852],
        [ 0.1836, -0.0540],
        [-0.3039, -0.0718],
        [-0.2154,  0.0587]], device='cuda:0')
9597 tensor([[ 0.2871,  0.0851],
        [ 0.1836, -0.0541],
        [-0.3039, -0.0718],
        [-0.2154,  0.0587]], device='cuda:0')
9598 tensor([[ 0.2871,  0.0850],
        [ 0.1836, -0.0542],
        [-0.3038, -0.0717],
        [-0.2154,  0.0588]], device='cuda:0')
9599 tensor([[ 0.2870,  0.0849],
        [ 0.1836, -0.0543],
        [-0.3038, -0.0716],
        [-0.2153,  0.0589]], device='cuda:0')
9600 tensor([[ 0.2870,  0.0848],
        [ 0.1835, -0.0543],
        [-0.3037, -0.0715],
        [-0.2153,  0.0589]], device='cuda:0')
9601 tensor([[ 0.2869,  0.0847],
        [ 0.1835, -0.0544],
        [-0.3037, -0.0714],
        [-0.2153,  0.0590]], device='cuda:0')
9602 tensor([[ 0.2869,  0.0846],
        [ 0.1835, -0.0545],
        [-0.3036, -0.0713],
        [-0.2153,  0.0590]], device='cuda:0')
9603 tensor([[ 0.2869,  0.0845],
        [ 0.1835, -0.0545],
        [-0.3036, -0.0712],
        [-0.2152,  0.0591]], device='cuda:0')
9604 tensor([[ 0.2868,  0.0844],
        [ 0.1834, -0.0546],
        [-0.3035, -0.0711],
        [-0.2152,  0.0592]], device='cuda:0')
9605 tensor([[ 0.2868,  0.0843],
        [ 0.1834, -0.0547],
        [-0.3035, -0.0710],
        [-0.2152,  0.0592]], device='cuda:0')
9606 tensor([[ 0.2867,  0.0842],
        [ 0.1834, -0.0547],
        [-0.3034, -0.0709],
        [-0.2152,  0.0593]], device='cuda:0')
9607 tensor([[ 0.2867,  0.0841],
        [ 0.1834, -0.0548],
        [-0.3034, -0.0708],
        [-0.2151,  0.0593]], device='cuda:0')
9608 tensor([[ 0.2867,  0.0840],
        [ 0.1834, -0.0549],
        [-0.3033, -0.0707],
        [-0.2151,  0.0594]], device='cuda:0')
9609 tensor([[ 0.2867,  0.0839],
        [ 0.1834, -0.0549],
        [-0.3033, -0.0707],
        [-0.2151,  0.0595]], device='cuda:0')
9610 tensor([[ 0.2867,  0.0838],
        [ 0.1834, -0.0550],
        [-0.3033, -0.0706],
        [-0.2151,  0.0595]], device='cuda:0')
9611 tensor([[ 0.2867,  0.0837],
        [ 0.1834, -0.0551],
        [-0.3033, -0.0705],
        [-0.2151,  0.0596]], device='cuda:0')
9612 tensor([[ 0.2866,  0.0836],
        [ 0.1834, -0.0551],
        [-0.3033, -0.0704],
        [-0.2151,  0.0596]], device='cuda:0')
9613 tensor([[ 0.2866,  0.0835],
        [ 0.1834, -0.0552],
        [-0.3033, -0.0703],
        [-0.2151,  0.0597]], device='cuda:0')
9614 tensor([[ 0.2866,  0.0835],
        [ 0.1834, -0.0553],
        [-0.3033, -0.0702],
        [-0.2151,  0.0597]], device='cuda:0')
9615 tensor([[ 0.2866,  0.0834],
        [ 0.1834, -0.0553],
        [-0.3033, -0.0701],
        [-0.2151,  0.0598]], device='cuda:0')
9616 tensor([[ 0.2866,  0.0833],
        [ 0.1835, -0.0554],
        [-0.3033, -0.0701],
        [-0.2151,  0.0598]], device='cuda:0')
9617 tensor([[ 0.2866,  0.0832],
        [ 0.1835, -0.0554],
        [-0.3032, -0.0700],
        [-0.2151,  0.0599]], device='cuda:0')
9618 tensor([[ 0.2866,  0.0831],
        [ 0.1835, -0.0555],
        [-0.3032, -0.0699],
        [-0.2151,  0.0600]], device='cuda:0')
9619 tensor([[ 0.2866,  0.0830],
        [ 0.1835, -0.0556],
        [-0.3032, -0.0698],
        [-0.2151,  0.0600]], device='cuda:0')
9620 tensor([[ 0.2866,  0.0829],
        [ 0.1835, -0.0556],
        [-0.3032, -0.0697],
        [-0.2151,  0.0601]], device='cuda:0')
9621 tensor([[ 0.2866,  0.0828],
        [ 0.1835, -0.0557],
        [-0.3032, -0.0696],
        [-0.2151,  0.0601]], device='cuda:0')
9622 tensor([[ 0.2866,  0.0827],
        [ 0.1835, -0.0558],
        [-0.3032, -0.0696],
        [-0.2151,  0.0602]], device='cuda:0')
9623 tensor([[ 0.2866,  0.0827],
        [ 0.1835, -0.0558],
        [-0.3032, -0.0695],
        [-0.2151,  0.0602]], device='cuda:0')
9624 tensor([[ 0.2866,  0.0826],
        [ 0.1835, -0.0558],
        [-0.3032, -0.0694],
        [-0.2151,  0.0603]], device='cuda:0')
9625 tensor([[ 0.2866,  0.0826],
        [ 0.1835, -0.0558],
        [-0.3032, -0.0694],
        [-0.2151,  0.0603]], device='cuda:0')
9626 tensor([[ 0.2866,  0.0825],
        [ 0.1835, -0.0558],
        [-0.3032, -0.0693],
        [-0.2151,  0.0603]], device='cuda:0')
9627 tensor([[ 0.2865,  0.0825],
        [ 0.1835, -0.0559],
        [-0.3032, -0.0693],
        [-0.2152,  0.0603]], device='cuda:0')
9628 tensor([[ 0.2865,  0.0825],
        [ 0.1835, -0.0559],
        [-0.3032, -0.0692],
        [-0.2152,  0.0603]], device='cuda:0')
9629 tensor([[ 0.2865,  0.0824],
        [ 0.1835, -0.0559],
        [-0.3031, -0.0692],
        [-0.2152,  0.0604]], device='cuda:0')
9630 tensor([[ 0.2865,  0.0824],
        [ 0.1835, -0.0559],
        [-0.3031, -0.0691],
        [-0.2152,  0.0604]], device='cuda:0')
9631 tensor([[ 0.2865,  0.0823],
        [ 0.1835, -0.0559],
        [-0.3031, -0.0691],
        [-0.2152,  0.0604]], device='cuda:0')
9632 tensor([[ 0.2865,  0.0823],
        [ 0.1835, -0.0559],
        [-0.3031, -0.0690],
        [-0.2152,  0.0604]], device='cuda:0')
9633 tensor([[ 0.2865,  0.0822],
        [ 0.1835, -0.0560],
        [-0.3031, -0.0690],
        [-0.2152,  0.0604]], device='cuda:0')
9634 tensor([[ 0.2865,  0.0822],
        [ 0.1835, -0.0560],
        [-0.3031, -0.0689],
        [-0.2152,  0.0605]], device='cuda:0')
9635 tensor([[ 0.2865,  0.0821],
        [ 0.1835, -0.0560],
        [-0.3031, -0.0689],
        [-0.2152,  0.0605]], device='cuda:0')
9636 tensor([[ 0.2865,  0.0821],
        [ 0.1835, -0.0560],
        [-0.3031, -0.0688],
        [-0.2152,  0.0605]], device='cuda:0')
9637 tensor([[ 0.2864,  0.0821],
        [ 0.1835, -0.0560],
        [-0.3031, -0.0688],
        [-0.2152,  0.0605]], device='cuda:0')
9638 tensor([[ 0.2864,  0.0821],
        [ 0.1835, -0.0560],
        [-0.3031, -0.0688],
        [-0.2152,  0.0606]], device='cuda:0')
9639 tensor([[ 0.2864,  0.0820],
        [ 0.1835, -0.0560],
        [-0.3031, -0.0687],
        [-0.2152,  0.0606]], device='cuda:0')
9640 tensor([[ 0.2864,  0.0820],
        [ 0.1835, -0.0560],
        [-0.3031, -0.0687],
        [-0.2153,  0.0606]], device='cuda:0')
9641 tensor([[ 0.2864,  0.0820],
        [ 0.1835, -0.0560],
        [-0.3031, -0.0687],
        [-0.2153,  0.0606]], device='cuda:0')
9642 tensor([[ 0.2864,  0.0820],
        [ 0.1835, -0.0560],
        [-0.3031, -0.0687],
        [-0.2153,  0.0606]], device='cuda:0')
9643 tensor([[ 0.2864,  0.0820],
        [ 0.1835, -0.0560],
        [-0.3031, -0.0687],
        [-0.2153,  0.0605]], device='cuda:0')
9644 tensor([[ 0.2864,  0.0820],
        [ 0.1835, -0.0559],
        [-0.3031, -0.0687],
        [-0.2153,  0.0605]], device='cuda:0')
9645 tensor([[ 0.2864,  0.0820],
        [ 0.1836, -0.0559],
        [-0.3031, -0.0687],
        [-0.2153,  0.0605]], device='cuda:0')
9646 tensor([[ 0.2863,  0.0820],
        [ 0.1836, -0.0559],
        [-0.3031, -0.0687],
        [-0.2153,  0.0605]], device='cuda:0')
9647 tensor([[ 0.2863,  0.0820],
        [ 0.1836, -0.0559],
        [-0.3031, -0.0687],
        [-0.2153,  0.0605]], device='cuda:0')
9648 tensor([[ 0.2863,  0.0820],
        [ 0.1836, -0.0559],
        [-0.3031, -0.0687],
        [-0.2153,  0.0605]], device='cuda:0')
9649 tensor([[ 0.2863,  0.0820],
        [ 0.1836, -0.0559],
        [-0.3031, -0.0687],
        [-0.2153,  0.0605]], device='cuda:0')
9650 tensor([[ 0.2863,  0.0820],
        [ 0.1836, -0.0559],
        [-0.3031, -0.0686],
        [-0.2153,  0.0605]], device='cuda:0')
9651 tensor([[ 0.2863,  0.0820],
        [ 0.1836, -0.0559],
        [-0.3031, -0.0686],
        [-0.2153,  0.0605]], device='cuda:0')
9652 tensor([[ 0.2863,  0.0820],
        [ 0.1836, -0.0559],
        [-0.3031, -0.0686],
        [-0.2153,  0.0605]], device='cuda:0')
9653 tensor([[ 0.2863,  0.0820],
        [ 0.1836, -0.0558],
        [-0.3030, -0.0686],
        [-0.2154,  0.0605]], device='cuda:0')
9654 tensor([[ 0.2863,  0.0821],
        [ 0.1836, -0.0558],
        [-0.3030, -0.0686],
        [-0.2154,  0.0605]], device='cuda:0')
9655 tensor([[ 0.2863,  0.0821],
        [ 0.1836, -0.0558],
        [-0.3030, -0.0687],
        [-0.2154,  0.0605]], device='cuda:0')
9656 tensor([[ 0.2862,  0.0821],
        [ 0.1836, -0.0557],
        [-0.3030, -0.0687],
        [-0.2154,  0.0604]], device='cuda:0')
9657 tensor([[ 0.2862,  0.0822],
        [ 0.1836, -0.0557],
        [-0.3030, -0.0687],
        [-0.2154,  0.0604]], device='cuda:0')
9658 tensor([[ 0.2862,  0.0822],
        [ 0.1836, -0.0556],
        [-0.3030, -0.0688],
        [-0.2154,  0.0604]], device='cuda:0')
9659 tensor([[ 0.2862,  0.0822],
        [ 0.1836, -0.0556],
        [-0.3030, -0.0688],
        [-0.2154,  0.0603]], device='cuda:0')
9660 tensor([[ 0.2862,  0.0822],
        [ 0.1836, -0.0556],
        [-0.3030, -0.0688],
        [-0.2154,  0.0603]], device='cuda:0')
9661 tensor([[ 0.2862,  0.0823],
        [ 0.1836, -0.0555],
        [-0.3030, -0.0688],
        [-0.2154,  0.0603]], device='cuda:0')
9662 tensor([[ 0.2862,  0.0823],
        [ 0.1836, -0.0555],
        [-0.3030, -0.0689],
        [-0.2154,  0.0602]], device='cuda:0')
9663 tensor([[ 0.2862,  0.0823],
        [ 0.1836, -0.0555],
        [-0.3030, -0.0689],
        [-0.2154,  0.0602]], device='cuda:0')
9664 tensor([[ 0.2862,  0.0824],
        [ 0.1836, -0.0555],
        [-0.3030, -0.0689],
        [-0.2154,  0.0602]], device='cuda:0')
9665 tensor([[ 0.2862,  0.0824],
        [ 0.1836, -0.0554],
        [-0.3030, -0.0690],
        [-0.2154,  0.0601]], device='cuda:0')
9666 tensor([[ 0.2862,  0.0824],
        [ 0.1836, -0.0554],
        [-0.3030, -0.0690],
        [-0.2155,  0.0601]], device='cuda:0')
9667 tensor([[ 0.2861,  0.0825],
        [ 0.1836, -0.0554],
        [-0.3030, -0.0690],
        [-0.2155,  0.0601]], device='cuda:0')
9668 tensor([[ 0.2862,  0.0825],
        [ 0.1836, -0.0554],
        [-0.3030, -0.0690],
        [-0.2155,  0.0600]], device='cuda:0')
9669 tensor([[ 0.2862,  0.0825],
        [ 0.1836, -0.0553],
        [-0.3030, -0.0691],
        [-0.2155,  0.0600]], device='cuda:0')
9670 tensor([[ 0.2862,  0.0825],
        [ 0.1837, -0.0553],
        [-0.3030, -0.0691],
        [-0.2155,  0.0600]], device='cuda:0')
9671 tensor([[ 0.2863,  0.0826],
        [ 0.1837, -0.0553],
        [-0.3031, -0.0691],
        [-0.2154,  0.0599]], device='cuda:0')
9672 tensor([[ 0.2863,  0.0826],
        [ 0.1837, -0.0553],
        [-0.3031, -0.0692],
        [-0.2154,  0.0599]], device='cuda:0')
9673 tensor([[ 0.2863,  0.0826],
        [ 0.1837, -0.0552],
        [-0.3031, -0.0692],
        [-0.2155,  0.0599]], device='cuda:0')
9674 tensor([[ 0.2864,  0.0826],
        [ 0.1838, -0.0552],
        [-0.3032, -0.0692],
        [-0.2155,  0.0598]], device='cuda:0')
9675 tensor([[ 0.2864,  0.0826],
        [ 0.1838, -0.0552],
        [-0.3032, -0.0692],
        [-0.2155,  0.0598]], device='cuda:0')
9676 tensor([[ 0.2864,  0.0827],
        [ 0.1838, -0.0552],
        [-0.3032, -0.0693],
        [-0.2155,  0.0598]], device='cuda:0')
9677 tensor([[ 0.2865,  0.0827],
        [ 0.1838, -0.0552],
        [-0.3032, -0.0693],
        [-0.2155,  0.0597]], device='cuda:0')
9678 tensor([[ 0.2865,  0.0827],
        [ 0.1839, -0.0551],
        [-0.3033, -0.0693],
        [-0.2156,  0.0597]], device='cuda:0')
9679 tensor([[ 0.2865,  0.0827],
        [ 0.1839, -0.0551],
        [-0.3033, -0.0694],
        [-0.2156,  0.0597]], device='cuda:0')
9680 tensor([[ 0.2866,  0.0828],
        [ 0.1839, -0.0551],
        [-0.3033, -0.0694],
        [-0.2156,  0.0596]], device='cuda:0')
9681 tensor([[ 0.2866,  0.0828],
        [ 0.1839, -0.0551],
        [-0.3033, -0.0694],
        [-0.2156,  0.0596]], device='cuda:0')
9682 tensor([[ 0.2866,  0.0828],
        [ 0.1839, -0.0551],
        [-0.3034, -0.0695],
        [-0.2156,  0.0596]], device='cuda:0')
9683 tensor([[ 0.2867,  0.0828],
        [ 0.1840, -0.0550],
        [-0.3034, -0.0695],
        [-0.2156,  0.0595]], device='cuda:0')
9684 tensor([[ 0.2868,  0.0828],
        [ 0.1840, -0.0550],
        [-0.3034, -0.0695],
        [-0.2157,  0.0595]], device='cuda:0')
9685 tensor([[ 0.2868,  0.0829],
        [ 0.1841, -0.0550],
        [-0.3035, -0.0695],
        [-0.2157,  0.0595]], device='cuda:0')
9686 tensor([[ 0.2869,  0.0829],
        [ 0.1841, -0.0550],
        [-0.3035, -0.0696],
        [-0.2157,  0.0594]], device='cuda:0')
9687 tensor([[ 0.2869,  0.0829],
        [ 0.1841, -0.0550],
        [-0.3036, -0.0696],
        [-0.2157,  0.0594]], device='cuda:0')
9688 tensor([[ 0.2870,  0.0829],
        [ 0.1842, -0.0549],
        [-0.3036, -0.0696],
        [-0.2157,  0.0594]], device='cuda:0')
9689 tensor([[ 0.2871,  0.0829],
        [ 0.1842, -0.0549],
        [-0.3037, -0.0697],
        [-0.2158,  0.0593]], device='cuda:0')
9690 tensor([[ 0.2871,  0.0830],
        [ 0.1843, -0.0549],
        [-0.3037, -0.0697],
        [-0.2158,  0.0593]], device='cuda:0')
9691 tensor([[ 0.2872,  0.0830],
        [ 0.1843, -0.0549],
        [-0.3038, -0.0697],
        [-0.2158,  0.0593]], device='cuda:0')
9692 tensor([[ 0.2872,  0.0830],
        [ 0.1843, -0.0549],
        [-0.3039, -0.0697],
        [-0.2159,  0.0592]], device='cuda:0')
9693 tensor([[ 0.2873,  0.0830],
        [ 0.1844, -0.0548],
        [-0.3039, -0.0698],
        [-0.2159,  0.0592]], device='cuda:0')
9694 tensor([[ 0.2874,  0.0830],
        [ 0.1844, -0.0548],
        [-0.3040, -0.0698],
        [-0.2159,  0.0592]], device='cuda:0')
9695 tensor([[ 0.2874,  0.0831],
        [ 0.1845, -0.0548],
        [-0.3040, -0.0698],
        [-0.2160,  0.0592]], device='cuda:0')
9696 tensor([[ 0.2875,  0.0831],
        [ 0.1845, -0.0548],
        [-0.3041, -0.0699],
        [-0.2160,  0.0591]], device='cuda:0')
9697 tensor([[ 0.2875,  0.0831],
        [ 0.1845, -0.0548],
        [-0.3041, -0.0699],
        [-0.2160,  0.0591]], device='cuda:0')
9698 tensor([[ 0.2876,  0.0831],
        [ 0.1846, -0.0548],
        [-0.3042, -0.0699],
        [-0.2161,  0.0591]], device='cuda:0')
9699 tensor([[ 0.2877,  0.0831],
        [ 0.1847, -0.0547],
        [-0.3042, -0.0699],
        [-0.2161,  0.0590]], device='cuda:0')
9700 tensor([[ 0.2878,  0.0832],
        [ 0.1847, -0.0547],
        [-0.3043, -0.0700],
        [-0.2161,  0.0590]], device='cuda:0')
9701 tensor([[ 0.2879,  0.0832],
        [ 0.1848, -0.0547],
        [-0.3044, -0.0700],
        [-0.2162,  0.0590]], device='cuda:0')
9702 tensor([[ 0.2880,  0.0832],
        [ 0.1848, -0.0547],
        [-0.3045, -0.0700],
        [-0.2162,  0.0589]], device='cuda:0')
9703 tensor([[ 0.2881,  0.0832],
        [ 0.1849, -0.0547],
        [-0.3045, -0.0700],
        [-0.2163,  0.0589]], device='cuda:0')
9704 tensor([[ 0.2881,  0.0832],
        [ 0.1850, -0.0546],
        [-0.3046, -0.0701],
        [-0.2163,  0.0589]], device='cuda:0')
9705 tensor([[ 0.2882,  0.0832],
        [ 0.1850, -0.0546],
        [-0.3047, -0.0701],
        [-0.2164,  0.0589]], device='cuda:0')
9706 tensor([[ 0.2883,  0.0833],
        [ 0.1851, -0.0546],
        [-0.3048, -0.0701],
        [-0.2164,  0.0588]], device='cuda:0')
9707 tensor([[ 0.2884,  0.0833],
        [ 0.1851, -0.0546],
        [-0.3049, -0.0702],
        [-0.2165,  0.0588]], device='cuda:0')
9708 tensor([[ 0.2885,  0.0833],
        [ 0.1852, -0.0546],
        [-0.3049, -0.0702],
        [-0.2165,  0.0588]], device='cuda:0')
9709 tensor([[ 0.2886,  0.0833],
        [ 0.1853, -0.0546],
        [-0.3050, -0.0702],
        [-0.2166,  0.0587]], device='cuda:0')
9710 tensor([[ 0.2886,  0.0833],
        [ 0.1853, -0.0545],
        [-0.3051, -0.0702],
        [-0.2166,  0.0587]], device='cuda:0')
9711 tensor([[ 0.2887,  0.0834],
        [ 0.1854, -0.0545],
        [-0.3052, -0.0703],
        [-0.2167,  0.0587]], device='cuda:0')
9712 tensor([[ 0.2888,  0.0834],
        [ 0.1854, -0.0545],
        [-0.3052, -0.0703],
        [-0.2167,  0.0587]], device='cuda:0')
9713 tensor([[ 0.2889,  0.0834],
        [ 0.1855, -0.0545],
        [-0.3053, -0.0703],
        [-0.2168,  0.0586]], device='cuda:0')
9714 tensor([[ 0.2890,  0.0834],
        [ 0.1856, -0.0545],
        [-0.3054, -0.0703],
        [-0.2168,  0.0586]], device='cuda:0')
9715 tensor([[ 0.2891,  0.0834],
        [ 0.1857, -0.0545],
        [-0.3054, -0.0704],
        [-0.2169,  0.0586]], device='cuda:0')
9716 tensor([[ 0.2892,  0.0834],
        [ 0.1858, -0.0544],
        [-0.3055, -0.0704],
        [-0.2170,  0.0585]], device='cuda:0')
9717 tensor([[ 0.2893,  0.0835],
        [ 0.1859, -0.0544],
        [-0.3056, -0.0704],
        [-0.2171,  0.0585]], device='cuda:0')
9718 tensor([[ 0.2894,  0.0835],
        [ 0.1859, -0.0544],
        [-0.3057, -0.0704],
        [-0.2171,  0.0585]], device='cuda:0')
9719 tensor([[ 0.2895,  0.0835],
        [ 0.1860, -0.0544],
        [-0.3058, -0.0705],
        [-0.2172,  0.0585]], device='cuda:0')
9720 tensor([[ 0.2896,  0.0835],
        [ 0.1861, -0.0544],
        [-0.3059, -0.0705],
        [-0.2173,  0.0584]], device='cuda:0')
9721 tensor([[ 0.2897,  0.0835],
        [ 0.1862, -0.0544],
        [-0.3060, -0.0705],
        [-0.2174,  0.0584]], device='cuda:0')
9722 tensor([[ 0.2898,  0.0835],
        [ 0.1863, -0.0543],
        [-0.3061, -0.0705],
        [-0.2175,  0.0584]], device='cuda:0')
9723 tensor([[ 0.2899,  0.0836],
        [ 0.1864, -0.0543],
        [-0.3062, -0.0705],
        [-0.2175,  0.0584]], device='cuda:0')
9724 tensor([[ 0.2900,  0.0836],
        [ 0.1865, -0.0543],
        [-0.3063, -0.0706],
        [-0.2176,  0.0583]], device='cuda:0')
9725 tensor([[ 0.2901,  0.0836],
        [ 0.1865, -0.0543],
        [-0.3064, -0.0706],
        [-0.2177,  0.0583]], device='cuda:0')
9726 tensor([[ 0.2902,  0.0836],
        [ 0.1866, -0.0543],
        [-0.3065, -0.0706],
        [-0.2178,  0.0583]], device='cuda:0')
9727 tensor([[ 0.2903,  0.0836],
        [ 0.1867, -0.0543],
        [-0.3066, -0.0706],
        [-0.2178,  0.0583]], device='cuda:0')
9728 tensor([[ 0.2904,  0.0836],
        [ 0.1868, -0.0542],
        [-0.3067, -0.0707],
        [-0.2179,  0.0582]], device='cuda:0')
9729 tensor([[ 0.2905,  0.0837],
        [ 0.1869, -0.0542],
        [-0.3068, -0.0707],
        [-0.2180,  0.0582]], device='cuda:0')
9730 tensor([[ 0.2906,  0.0837],
        [ 0.1870, -0.0542],
        [-0.3069, -0.0707],
        [-0.2181,  0.0582]], device='cuda:0')
9731 tensor([[ 0.2908,  0.0837],
        [ 0.1872, -0.0542],
        [-0.3070, -0.0707],
        [-0.2182,  0.0582]], device='cuda:0')
9732 tensor([[ 0.2909,  0.0837],
        [ 0.1873, -0.0542],
        [-0.3071, -0.0708],
        [-0.2183,  0.0581]], device='cuda:0')
9733 tensor([[ 0.2910,  0.0837],
        [ 0.1874, -0.0542],
        [-0.3072, -0.0708],
        [-0.2184,  0.0581]], device='cuda:0')
9734 tensor([[ 0.2911,  0.0837],
        [ 0.1875, -0.0542],
        [-0.3073, -0.0708],
        [-0.2185,  0.0581]], device='cuda:0')
9735 tensor([[ 0.2912,  0.0837],
        [ 0.1876, -0.0541],
        [-0.3074, -0.0708],
        [-0.2186,  0.0581]], device='cuda:0')
9736 tensor([[ 0.2914,  0.0838],
        [ 0.1877, -0.0541],
        [-0.3076, -0.0708],
        [-0.2187,  0.0580]], device='cuda:0')
9737 tensor([[ 0.2915,  0.0838],
        [ 0.1878, -0.0541],
        [-0.3077, -0.0709],
        [-0.2189,  0.0580]], device='cuda:0')
9738 tensor([[ 0.2916,  0.0838],
        [ 0.1879, -0.0541],
        [-0.3078, -0.0709],
        [-0.2190,  0.0580]], device='cuda:0')
9739 tensor([[ 0.2917,  0.0838],
        [ 0.1881, -0.0541],
        [-0.3079, -0.0709],
        [-0.2191,  0.0580]], device='cuda:0')
9740 tensor([[ 0.2918,  0.0838],
        [ 0.1882, -0.0541],
        [-0.3080, -0.0709],
        [-0.2192,  0.0579]], device='cuda:0')
9741 tensor([[ 0.2919,  0.0838],
        [ 0.1883, -0.0541],
        [-0.3081, -0.0710],
        [-0.2193,  0.0579]], device='cuda:0')
9742 tensor([[ 0.2920,  0.0839],
        [ 0.1884, -0.0540],
        [-0.3082, -0.0710],
        [-0.2194,  0.0579]], device='cuda:0')
9743 tensor([[ 0.2921,  0.0839],
        [ 0.1885, -0.0540],
        [-0.3083, -0.0710],
        [-0.2195,  0.0579]], device='cuda:0')
9744 tensor([[ 0.2923,  0.0839],
        [ 0.1886, -0.0540],
        [-0.3084, -0.0710],
        [-0.2196,  0.0578]], device='cuda:0')
9745 tensor([[ 0.2924,  0.0839],
        [ 0.1887, -0.0540],
        [-0.3085, -0.0710],
        [-0.2197,  0.0578]], device='cuda:0')
9746 tensor([[ 0.2925,  0.0839],
        [ 0.1888, -0.0540],
        [-0.3087, -0.0711],
        [-0.2198,  0.0578]], device='cuda:0')
9747 tensor([[ 0.2927,  0.0839],
        [ 0.1889, -0.0540],
        [-0.3088, -0.0711],
        [-0.2199,  0.0578]], device='cuda:0')
9748 tensor([[ 0.2928,  0.0839],
        [ 0.1890, -0.0540],
        [-0.3089, -0.0711],
        [-0.2200,  0.0578]], device='cuda:0')
9749 tensor([[ 0.2929,  0.0840],
        [ 0.1891, -0.0539],
        [-0.3090, -0.0711],
        [-0.2201,  0.0577]], device='cuda:0')
9750 tensor([[ 0.2931,  0.0840],
        [ 0.1892, -0.0539],
        [-0.3092, -0.0711],
        [-0.2201,  0.0577]], device='cuda:0')
9751 tensor([[ 0.2932,  0.0840],
        [ 0.1893, -0.0539],
        [-0.3093, -0.0712],
        [-0.2202,  0.0577]], device='cuda:0')
9752 tensor([[ 0.2933,  0.0840],
        [ 0.1894, -0.0539],
        [-0.3094, -0.0712],
        [-0.2203,  0.0577]], device='cuda:0')
9753 tensor([[ 0.2935,  0.0840],
        [ 0.1895, -0.0539],
        [-0.3095, -0.0712],
        [-0.2204,  0.0576]], device='cuda:0')
9754 tensor([[ 0.2936,  0.0840],
        [ 0.1896, -0.0539],
        [-0.3097, -0.0712],
        [-0.2205,  0.0576]], device='cuda:0')
9755 tensor([[ 0.2937,  0.0840],
        [ 0.1897, -0.0539],
        [-0.3098, -0.0712],
        [-0.2206,  0.0576]], device='cuda:0')
9756 tensor([[ 0.2938,  0.0841],
        [ 0.1898, -0.0538],
        [-0.3099, -0.0713],
        [-0.2207,  0.0576]], device='cuda:0')
9757 tensor([[ 0.2939,  0.0841],
        [ 0.1899, -0.0538],
        [-0.3100, -0.0713],
        [-0.2208,  0.0576]], device='cuda:0')
9758 tensor([[ 0.2941,  0.0841],
        [ 0.1900, -0.0538],
        [-0.3102, -0.0713],
        [-0.2209,  0.0575]], device='cuda:0')
9759 tensor([[ 0.2942,  0.0841],
        [ 0.1901, -0.0538],
        [-0.3103, -0.0713],
        [-0.2209,  0.0575]], device='cuda:0')
9760 tensor([[ 0.2944,  0.0841],
        [ 0.1901, -0.0538],
        [-0.3104, -0.0713],
        [-0.2210,  0.0575]], device='cuda:0')
9761 tensor([[ 0.2945,  0.0841],
        [ 0.1902, -0.0538],
        [-0.3105, -0.0714],
        [-0.2210,  0.0575]], device='cuda:0')
9762 tensor([[ 0.2947,  0.0841],
        [ 0.1903, -0.0538],
        [-0.3107, -0.0714],
        [-0.2211,  0.0574]], device='cuda:0')
9763 tensor([[ 0.2948,  0.0841],
        [ 0.1903, -0.0538],
        [-0.3108, -0.0714],
        [-0.2211,  0.0574]], device='cuda:0')
9764 tensor([[ 0.2950,  0.0842],
        [ 0.1904, -0.0537],
        [-0.3110, -0.0714],
        [-0.2212,  0.0574]], device='cuda:0')
9765 tensor([[ 0.2951,  0.0842],
        [ 0.1904, -0.0537],
        [-0.3111, -0.0714],
        [-0.2212,  0.0574]], device='cuda:0')
9766 tensor([[ 0.2952,  0.0842],
        [ 0.1905, -0.0537],
        [-0.3112, -0.0715],
        [-0.2213,  0.0574]], device='cuda:0')
9767 tensor([[ 0.2954,  0.0842],
        [ 0.1906, -0.0537],
        [-0.3114, -0.0715],
        [-0.2213,  0.0573]], device='cuda:0')
9768 tensor([[ 0.2955,  0.0842],
        [ 0.1906, -0.0537],
        [-0.3115, -0.0715],
        [-0.2214,  0.0573]], device='cuda:0')
9769 tensor([[ 0.2957,  0.0842],
        [ 0.1907, -0.0537],
        [-0.3117, -0.0715],
        [-0.2214,  0.0573]], device='cuda:0')
9770 tensor([[ 0.2958,  0.0842],
        [ 0.1907, -0.0537],
        [-0.3118, -0.0715],
        [-0.2215,  0.0573]], device='cuda:0')
9771 tensor([[ 0.2959,  0.0842],
        [ 0.1908, -0.0537],
        [-0.3119, -0.0715],
        [-0.2215,  0.0573]], device='cuda:0')
9772 tensor([[ 0.2961,  0.0843],
        [ 0.1908, -0.0536],
        [-0.3121, -0.0716],
        [-0.2216,  0.0572]], device='cuda:0')
9773 tensor([[ 0.2962,  0.0843],
        [ 0.1909, -0.0536],
        [-0.3122, -0.0716],
        [-0.2216,  0.0572]], device='cuda:0')
9774 tensor([[ 0.2964,  0.0843],
        [ 0.1909, -0.0536],
        [-0.3123, -0.0716],
        [-0.2216,  0.0572]], device='cuda:0')
9775 tensor([[ 0.2965,  0.0843],
        [ 0.1909, -0.0536],
        [-0.3124, -0.0716],
        [-0.2216,  0.0572]], device='cuda:0')
9776 tensor([[ 0.2967,  0.0843],
        [ 0.1909, -0.0536],
        [-0.3126, -0.0716],
        [-0.2217,  0.0572]], device='cuda:0')
9777 tensor([[ 0.2969,  0.0843],
        [ 0.1910, -0.0536],
        [-0.3127, -0.0717],
        [-0.2217,  0.0571]], device='cuda:0')
9778 tensor([[ 0.2970,  0.0843],
        [ 0.1910, -0.0536],
        [-0.3129, -0.0717],
        [-0.2217,  0.0571]], device='cuda:0')
9779 tensor([[ 0.2972,  0.0843],
        [ 0.1910, -0.0536],
        [-0.3131, -0.0717],
        [-0.2217,  0.0571]], device='cuda:0')
9780 tensor([[ 0.2973,  0.0844],
        [ 0.1910, -0.0536],
        [-0.3132, -0.0717],
        [-0.2217,  0.0571]], device='cuda:0')
9781 tensor([[ 0.2975,  0.0844],
        [ 0.1910, -0.0535],
        [-0.3134, -0.0717],
        [-0.2217,  0.0571]], device='cuda:0')
9782 tensor([[ 0.2976,  0.0844],
        [ 0.1911, -0.0535],
        [-0.3135, -0.0717],
        [-0.2217,  0.0570]], device='cuda:0')
9783 tensor([[ 0.2978,  0.0844],
        [ 0.1911, -0.0535],
        [-0.3137, -0.0718],
        [-0.2217,  0.0570]], device='cuda:0')
9784 tensor([[ 0.2979,  0.0844],
        [ 0.1911, -0.0535],
        [-0.3138, -0.0718],
        [-0.2217,  0.0570]], device='cuda:0')
9785 tensor([[ 0.2981,  0.0844],
        [ 0.1911, -0.0535],
        [-0.3140, -0.0718],
        [-0.2218,  0.0570]], device='cuda:0')
9786 tensor([[ 0.2982,  0.0844],
        [ 0.1911, -0.0535],
        [-0.3141, -0.0718],
        [-0.2218,  0.0570]], device='cuda:0')
9787 tensor([[ 0.2983,  0.0844],
        [ 0.1911, -0.0535],
        [-0.3143, -0.0718],
        [-0.2218,  0.0570]], device='cuda:0')
9788 tensor([[ 0.2985,  0.0845],
        [ 0.1912, -0.0535],
        [-0.3144, -0.0718],
        [-0.2218,  0.0569]], device='cuda:0')
9789 tensor([[ 0.2987,  0.0845],
        [ 0.1912, -0.0535],
        [-0.3145, -0.0719],
        [-0.2218,  0.0569]], device='cuda:0')
9790 tensor([[ 0.2989,  0.0845],
        [ 0.1912, -0.0534],
        [-0.3147, -0.0719],
        [-0.2217,  0.0569]], device='cuda:0')
9791 tensor([[ 0.2990,  0.0845],
        [ 0.1912, -0.0534],
        [-0.3148, -0.0719],
        [-0.2217,  0.0569]], device='cuda:0')
9792 tensor([[ 0.2992,  0.0845],
        [ 0.1911, -0.0534],
        [-0.3150, -0.0719],
        [-0.2217,  0.0569]], device='cuda:0')
9793 tensor([[ 0.2994,  0.0845],
        [ 0.1911, -0.0534],
        [-0.3152, -0.0719],
        [-0.2217,  0.0568]], device='cuda:0')
9794 tensor([[ 0.2995,  0.0845],
        [ 0.1911, -0.0534],
        [-0.3153, -0.0719],
        [-0.2217,  0.0568]], device='cuda:0')
9795 tensor([[ 0.2997,  0.0845],
        [ 0.1911, -0.0534],
        [-0.3155, -0.0720],
        [-0.2217,  0.0568]], device='cuda:0')
9796 tensor([[ 0.2999,  0.0845],
        [ 0.1911, -0.0534],
        [-0.3157, -0.0720],
        [-0.2216,  0.0568]], device='cuda:0')
9797 tensor([[ 0.3000,  0.0846],
        [ 0.1911, -0.0534],
        [-0.3158, -0.0720],
        [-0.2216,  0.0568]], device='cuda:0')
9798 tensor([[ 0.3002,  0.0846],
        [ 0.1911, -0.0534],
        [-0.3160, -0.0720],
        [-0.2216,  0.0568]], device='cuda:0')
9799 tensor([[ 0.3003,  0.0846],
        [ 0.1910, -0.0533],
        [-0.3161, -0.0720],
        [-0.2216,  0.0567]], device='cuda:0')
9800 tensor([[ 0.3005,  0.0846],
        [ 0.1910, -0.0533],
        [-0.3163, -0.0720],
        [-0.2216,  0.0567]], device='cuda:0')
9801 tensor([[ 0.3007,  0.0846],
        [ 0.1910, -0.0533],
        [-0.3165, -0.0721],
        [-0.2216,  0.0567]], device='cuda:0')
9802 tensor([[ 0.3008,  0.0846],
        [ 0.1910, -0.0533],
        [-0.3166, -0.0721],
        [-0.2216,  0.0567]], device='cuda:0')
9803 tensor([[ 0.3010,  0.0846],
        [ 0.1910, -0.0533],
        [-0.3168, -0.0721],
        [-0.2215,  0.0567]], device='cuda:0')
9804 tensor([[ 0.3012,  0.0846],
        [ 0.1910, -0.0533],
        [-0.3169, -0.0721],
        [-0.2215,  0.0567]], device='cuda:0')
9805 tensor([[ 0.3014,  0.0846],
        [ 0.1910, -0.0533],
        [-0.3171, -0.0721],
        [-0.2214,  0.0566]], device='cuda:0')
9806 tensor([[ 0.3016,  0.0847],
        [ 0.1909, -0.0533],
        [-0.3173, -0.0721],
        [-0.2214,  0.0566]], device='cuda:0')
9807 tensor([[ 0.3017,  0.0847],
        [ 0.1909, -0.0533],
        [-0.3175, -0.0721],
        [-0.2213,  0.0566]], device='cuda:0')
9808 tensor([[ 0.3019,  0.0847],
        [ 0.1909, -0.0533],
        [-0.3177, -0.0722],
        [-0.2213,  0.0566]], device='cuda:0')
9809 tensor([[ 0.3021,  0.0847],
        [ 0.1908, -0.0532],
        [-0.3178, -0.0722],
        [-0.2213,  0.0566]], device='cuda:0')
9810 tensor([[ 0.3023,  0.0847],
        [ 0.1908, -0.0532],
        [-0.3180, -0.0722],
        [-0.2212,  0.0566]], device='cuda:0')
9811 tensor([[ 0.3025,  0.0847],
        [ 0.1908, -0.0532],
        [-0.3182, -0.0722],
        [-0.2212,  0.0565]], device='cuda:0')
9812 tensor([[ 0.3026,  0.0847],
        [ 0.1907, -0.0532],
        [-0.3184, -0.0722],
        [-0.2211,  0.0565]], device='cuda:0')
9813 tensor([[ 0.3028,  0.0847],
        [ 0.1907, -0.0532],
        [-0.3185, -0.0722],
        [-0.2211,  0.0565]], device='cuda:0')
9814 tensor([[ 0.3030,  0.0847],
        [ 0.1906, -0.0532],
        [-0.3187, -0.0722],
        [-0.2211,  0.0565]], device='cuda:0')
9815 tensor([[ 0.3032,  0.0847],
        [ 0.1906, -0.0532],
        [-0.3189, -0.0723],
        [-0.2210,  0.0565]], device='cuda:0')
9816 tensor([[ 0.3033,  0.0848],
        [ 0.1906, -0.0532],
        [-0.3191, -0.0723],
        [-0.2210,  0.0565]], device='cuda:0')
9817 tensor([[ 0.3035,  0.0848],
        [ 0.1905, -0.0532],
        [-0.3192, -0.0723],
        [-0.2210,  0.0564]], device='cuda:0')
9818 tensor([[ 0.3037,  0.0848],
        [ 0.1905, -0.0532],
        [-0.3194, -0.0723],
        [-0.2209,  0.0564]], device='cuda:0')
9819 tensor([[ 0.3039,  0.0848],
        [ 0.1905, -0.0531],
        [-0.3196, -0.0723],
        [-0.2209,  0.0564]], device='cuda:0')
9820 tensor([[ 0.3041,  0.0848],
        [ 0.1905, -0.0531],
        [-0.3198, -0.0723],
        [-0.2208,  0.0564]], device='cuda:0')
9821 tensor([[ 0.3043,  0.0848],
        [ 0.1904, -0.0531],
        [-0.3200, -0.0723],
        [-0.2208,  0.0564]], device='cuda:0')
9822 tensor([[ 0.3045,  0.0848],
        [ 0.1904, -0.0531],
        [-0.3202, -0.0724],
        [-0.2207,  0.0564]], device='cuda:0')
9823 tensor([[ 0.3047,  0.0848],
        [ 0.1903, -0.0531],
        [-0.3204, -0.0724],
        [-0.2206,  0.0564]], device='cuda:0')
9824 tensor([[ 0.3049,  0.0848],
        [ 0.1903, -0.0531],
        [-0.3206, -0.0724],
        [-0.2206,  0.0563]], device='cuda:0')
9825 tensor([[ 0.3051,  0.0848],
        [ 0.1902, -0.0531],
        [-0.3207, -0.0724],
        [-0.2205,  0.0563]], device='cuda:0')
9826 tensor([[ 0.3053,  0.0848],
        [ 0.1902, -0.0531],
        [-0.3209, -0.0724],
        [-0.2205,  0.0563]], device='cuda:0')
9827 tensor([[ 0.3055,  0.0849],
        [ 0.1901, -0.0531],
        [-0.3211, -0.0724],
        [-0.2204,  0.0563]], device='cuda:0')
9828 tensor([[ 0.3057,  0.0849],
        [ 0.1900, -0.0531],
        [-0.3213, -0.0724],
        [-0.2204,  0.0563]], device='cuda:0')
9829 tensor([[ 0.3059,  0.0849],
        [ 0.1900, -0.0531],
        [-0.3215, -0.0725],
        [-0.2203,  0.0563]], device='cuda:0')
9830 tensor([[ 0.3060,  0.0849],
        [ 0.1899, -0.0530],
        [-0.3217, -0.0725],
        [-0.2203,  0.0562]], device='cuda:0')
9831 tensor([[ 0.3062,  0.0849],
        [ 0.1899, -0.0530],
        [-0.3219, -0.0725],
        [-0.2203,  0.0562]], device='cuda:0')
9832 tensor([[ 0.3064,  0.0849],
        [ 0.1898, -0.0530],
        [-0.3221, -0.0725],
        [-0.2202,  0.0562]], device='cuda:0')
9833 tensor([[ 0.3066,  0.0849],
        [ 0.1898, -0.0530],
        [-0.3223, -0.0725],
        [-0.2202,  0.0562]], device='cuda:0')
9834 tensor([[ 0.3068,  0.0849],
        [ 0.1898, -0.0530],
        [-0.3224, -0.0725],
        [-0.2201,  0.0562]], device='cuda:0')
9835 tensor([[ 0.3071,  0.0849],
        [ 0.1897, -0.0530],
        [-0.3226, -0.0725],
        [-0.2200,  0.0562]], device='cuda:0')
9836 tensor([[ 0.3073,  0.0849],
        [ 0.1897, -0.0530],
        [-0.3229, -0.0725],
        [-0.2200,  0.0562]], device='cuda:0')
9837 tensor([[ 0.3075,  0.0849],
        [ 0.1896, -0.0530],
        [-0.3231, -0.0726],
        [-0.2199,  0.0562]], device='cuda:0')
9838 tensor([[ 0.3077,  0.0850],
        [ 0.1896, -0.0530],
        [-0.3233, -0.0726],
        [-0.2198,  0.0561]], device='cuda:0')
9839 tensor([[ 0.3079,  0.0850],
        [ 0.1895, -0.0530],
        [-0.3235, -0.0726],
        [-0.2198,  0.0561]], device='cuda:0')
9840 tensor([[ 0.3081,  0.0850],
        [ 0.1894, -0.0530],
        [-0.3237, -0.0726],
        [-0.2197,  0.0561]], device='cuda:0')
9841 tensor([[ 0.3083,  0.0850],
        [ 0.1894, -0.0530],
        [-0.3239, -0.0726],
        [-0.2196,  0.0561]], device='cuda:0')
9842 tensor([[ 0.3085,  0.0850],
        [ 0.1893, -0.0529],
        [-0.3241, -0.0726],
        [-0.2196,  0.0561]], device='cuda:0')
9843 tensor([[ 0.3087,  0.0850],
        [ 0.1892, -0.0529],
        [-0.3243, -0.0726],
        [-0.2195,  0.0561]], device='cuda:0')
9844 tensor([[ 0.3089,  0.0850],
        [ 0.1892, -0.0529],
        [-0.3245, -0.0726],
        [-0.2195,  0.0561]], device='cuda:0')
9845 tensor([[ 0.3091,  0.0850],
        [ 0.1891, -0.0529],
        [-0.3247, -0.0727],
        [-0.2194,  0.0560]], device='cuda:0')
9846 tensor([[ 0.3093,  0.0850],
        [ 0.1891, -0.0529],
        [-0.3249, -0.0727],
        [-0.2194,  0.0560]], device='cuda:0')
9847 tensor([[ 0.3095,  0.0850],
        [ 0.1890, -0.0529],
        [-0.3251, -0.0727],
        [-0.2193,  0.0560]], device='cuda:0')
9848 tensor([[ 0.3098,  0.0850],
        [ 0.1890, -0.0529],
        [-0.3253, -0.0727],
        [-0.2193,  0.0560]], device='cuda:0')
9849 tensor([[ 0.3100,  0.0850],
        [ 0.1889, -0.0529],
        [-0.3255, -0.0727],
        [-0.2192,  0.0560]], device='cuda:0')
9850 tensor([[ 0.3102,  0.0851],
        [ 0.1889, -0.0529],
        [-0.3258, -0.0727],
        [-0.2191,  0.0560]], device='cuda:0')
9851 tensor([[ 0.3105,  0.0851],
        [ 0.1888, -0.0529],
        [-0.3260, -0.0727],
        [-0.2191,  0.0560]], device='cuda:0')
9852 tensor([[ 0.3107,  0.0851],
        [ 0.1888, -0.0529],
        [-0.3262, -0.0727],
        [-0.2190,  0.0560]], device='cuda:0')
9853 tensor([[ 0.3109,  0.0851],
        [ 0.1887, -0.0529],
        [-0.3265, -0.0727],
        [-0.2189,  0.0559]], device='cuda:0')
9854 tensor([[ 0.3111,  0.0851],
        [ 0.1886, -0.0529],
        [-0.3267, -0.0728],
        [-0.2189,  0.0559]], device='cuda:0')
9855 tensor([[ 0.3114,  0.0851],
        [ 0.1886, -0.0528],
        [-0.3269, -0.0728],
        [-0.2188,  0.0559]], device='cuda:0')
9856 tensor([[ 0.3116,  0.0851],
        [ 0.1885, -0.0528],
        [-0.3271, -0.0728],
        [-0.2187,  0.0559]], device='cuda:0')
9857 tensor([[ 0.3118,  0.0851],
        [ 0.1884, -0.0528],
        [-0.3274, -0.0728],
        [-0.2187,  0.0559]], device='cuda:0')
9858 tensor([[ 0.3120,  0.0851],
        [ 0.1884, -0.0528],
        [-0.3276, -0.0728],
        [-0.2186,  0.0559]], device='cuda:0')
9859 tensor([[ 0.3123,  0.0851],
        [ 0.1883, -0.0528],
        [-0.3278, -0.0728],
        [-0.2186,  0.0559]], device='cuda:0')
9860 tensor([[ 0.3125,  0.0851],
        [ 0.1882, -0.0528],
        [-0.3280, -0.0728],
        [-0.2185,  0.0559]], device='cuda:0')
9861 tensor([[ 0.3127,  0.0851],
        [ 0.1882, -0.0528],
        [-0.3282, -0.0728],
        [-0.2185,  0.0558]], device='cuda:0')
9862 tensor([[ 0.3129,  0.0852],
        [ 0.1881, -0.0528],
        [-0.3285, -0.0728],
        [-0.2185,  0.0558]], device='cuda:0')
9863 tensor([[ 0.3131,  0.0852],
        [ 0.1880, -0.0528],
        [-0.3287, -0.0729],
        [-0.2184,  0.0558]], device='cuda:0')
9864 tensor([[ 0.3133,  0.0853],
        [ 0.1880, -0.0528],
        [-0.3289, -0.0729],
        [-0.2184,  0.0558]], device='cuda:0')
9865 tensor([[ 0.3135,  0.0853],
        [ 0.1879, -0.0527],
        [-0.3291, -0.0729],
        [-0.2183,  0.0558]], device='cuda:0')
9866 tensor([[ 0.3137,  0.0854],
        [ 0.1878, -0.0527],
        [-0.3293, -0.0730],
        [-0.2183,  0.0559]], device='cuda:0')
9867 tensor([[ 0.3139,  0.0854],
        [ 0.1878, -0.0527],
        [-0.3295, -0.0730],
        [-0.2182,  0.0559]], device='cuda:0')
9868 tensor([[ 0.3142,  0.0855],
        [ 0.1877, -0.0527],
        [-0.3298, -0.0731],
        [-0.2182,  0.0559]], device='cuda:0')
9869 tensor([[ 0.3144,  0.0855],
        [ 0.1876, -0.0526],
        [-0.3300, -0.0731],
        [-0.2181,  0.0559]], device='cuda:0')
9870 tensor([[ 0.3146,  0.0856],
        [ 0.1876, -0.0526],
        [-0.3302, -0.0731],
        [-0.2181,  0.0559]], device='cuda:0')
9871 tensor([[ 0.3148,  0.0856],
        [ 0.1875, -0.0526],
        [-0.3304, -0.0732],
        [-0.2180,  0.0559]], device='cuda:0')
9872 tensor([[ 0.3150,  0.0857],
        [ 0.1874, -0.0526],
        [-0.3306, -0.0732],
        [-0.2180,  0.0559]], device='cuda:0')
9873 tensor([[ 0.3152,  0.0857],
        [ 0.1874, -0.0526],
        [-0.3308, -0.0733],
        [-0.2179,  0.0559]], device='cuda:0')
9874 tensor([[ 0.3154,  0.0857],
        [ 0.1873, -0.0526],
        [-0.3310, -0.0733],
        [-0.2179,  0.0559]], device='cuda:0')
9875 tensor([[ 0.3155,  0.0858],
        [ 0.1873, -0.0526],
        [-0.3312, -0.0733],
        [-0.2179,  0.0559]], device='cuda:0')
9876 tensor([[ 0.3157,  0.0858],
        [ 0.1872, -0.0526],
        [-0.3314, -0.0734],
        [-0.2178,  0.0559]], device='cuda:0')
9877 tensor([[ 0.3159,  0.0859],
        [ 0.1871, -0.0526],
        [-0.3316, -0.0734],
        [-0.2178,  0.0559]], device='cuda:0')
9878 tensor([[ 0.3161,  0.0859],
        [ 0.1871, -0.0526],
        [-0.3318, -0.0735],
        [-0.2177,  0.0558]], device='cuda:0')
9879 tensor([[ 0.3163,  0.0860],
        [ 0.1870, -0.0526],
        [-0.3320, -0.0735],
        [-0.2176,  0.0558]], device='cuda:0')
9880 tensor([[ 0.3165,  0.0860],
        [ 0.1870, -0.0526],
        [-0.3322, -0.0736],
        [-0.2176,  0.0558]], device='cuda:0')
9881 tensor([[ 0.3167,  0.0861],
        [ 0.1869, -0.0526],
        [-0.3324, -0.0736],
        [-0.2175,  0.0558]], device='cuda:0')
9882 tensor([[ 0.3169,  0.0861],
        [ 0.1869, -0.0526],
        [-0.3326, -0.0736],
        [-0.2174,  0.0558]], device='cuda:0')
9883 tensor([[ 0.3171,  0.0861],
        [ 0.1868, -0.0526],
        [-0.3328, -0.0737],
        [-0.2174,  0.0558]], device='cuda:0')
9884 tensor([[ 0.3173,  0.0862],
        [ 0.1868, -0.0526],
        [-0.3330, -0.0737],
        [-0.2173,  0.0558]], device='cuda:0')
9885 tensor([[ 0.3175,  0.0862],
        [ 0.1867, -0.0526],
        [-0.3332, -0.0738],
        [-0.2173,  0.0558]], device='cuda:0')
9886 tensor([[ 0.3177,  0.0863],
        [ 0.1867, -0.0526],
        [-0.3334, -0.0738],
        [-0.2172,  0.0558]], device='cuda:0')
9887 tensor([[ 0.3179,  0.0863],
        [ 0.1866, -0.0526],
        [-0.3336, -0.0739],
        [-0.2172,  0.0558]], device='cuda:0')
9888 tensor([[ 0.3180,  0.0863],
        [ 0.1865, -0.0526],
        [-0.3338, -0.0739],
        [-0.2171,  0.0558]], device='cuda:0')
9889 tensor([[ 0.3182,  0.0864],
        [ 0.1865, -0.0526],
        [-0.3339, -0.0739],
        [-0.2171,  0.0558]], device='cuda:0')
9890 tensor([[ 0.3184,  0.0864],
        [ 0.1864, -0.0526],
        [-0.3341, -0.0740],
        [-0.2170,  0.0558]], device='cuda:0')
9891 tensor([[ 0.3186,  0.0865],
        [ 0.1863, -0.0526],
        [-0.3343, -0.0740],
        [-0.2170,  0.0558]], device='cuda:0')
9892 tensor([[ 0.3188,  0.0865],
        [ 0.1863, -0.0526],
        [-0.3345, -0.0741],
        [-0.2169,  0.0558]], device='cuda:0')
9893 tensor([[ 0.3190,  0.0865],
        [ 0.1862, -0.0526],
        [-0.3347, -0.0741],
        [-0.2169,  0.0558]], device='cuda:0')
9894 tensor([[ 0.3191,  0.0865],
        [ 0.1862, -0.0526],
        [-0.3349, -0.0741],
        [-0.2168,  0.0558]], device='cuda:0')
9895 tensor([[ 0.3193,  0.0865],
        [ 0.1861, -0.0525],
        [-0.3351, -0.0741],
        [-0.2168,  0.0558]], device='cuda:0')
9896 tensor([[ 0.3195,  0.0866],
        [ 0.1860, -0.0525],
        [-0.3352, -0.0741],
        [-0.2168,  0.0558]], device='cuda:0')
9897 tensor([[ 0.3197,  0.0866],
        [ 0.1860, -0.0525],
        [-0.3354, -0.0741],
        [-0.2167,  0.0558]], device='cuda:0')
9898 tensor([[ 0.3198,  0.0866],
        [ 0.1859, -0.0525],
        [-0.3356, -0.0741],
        [-0.2167,  0.0558]], device='cuda:0')
9899 tensor([[ 0.3200,  0.0866],
        [ 0.1859, -0.0525],
        [-0.3358, -0.0740],
        [-0.2166,  0.0558]], device='cuda:0')
9900 tensor([[ 0.3202,  0.0866],
        [ 0.1858, -0.0525],
        [-0.3360, -0.0740],
        [-0.2166,  0.0559]], device='cuda:0')
9901 tensor([[ 0.3203,  0.0866],
        [ 0.1857, -0.0525],
        [-0.3361, -0.0740],
        [-0.2165,  0.0559]], device='cuda:0')
9902 tensor([[ 0.3205,  0.0866],
        [ 0.1857, -0.0525],
        [-0.3363, -0.0740],
        [-0.2165,  0.0559]], device='cuda:0')
9903 tensor([[ 0.3207,  0.0866],
        [ 0.1856, -0.0525],
        [-0.3365, -0.0740],
        [-0.2165,  0.0559]], device='cuda:0')
9904 tensor([[ 0.3208,  0.0866],
        [ 0.1856, -0.0525],
        [-0.3367, -0.0740],
        [-0.2164,  0.0559]], device='cuda:0')
9905 tensor([[ 0.3210,  0.0866],
        [ 0.1855, -0.0525],
        [-0.3369, -0.0740],
        [-0.2164,  0.0559]], device='cuda:0')
9906 tensor([[ 0.3212,  0.0866],
        [ 0.1854, -0.0525],
        [-0.3370, -0.0740],
        [-0.2163,  0.0559]], device='cuda:0')
9907 tensor([[ 0.3213,  0.0866],
        [ 0.1854, -0.0525],
        [-0.3372, -0.0740],
        [-0.2163,  0.0559]], device='cuda:0')
9908 tensor([[ 0.3215,  0.0866],
        [ 0.1853, -0.0525],
        [-0.3373, -0.0740],
        [-0.2162,  0.0559]], device='cuda:0')
9909 tensor([[ 0.3216,  0.0866],
        [ 0.1853, -0.0525],
        [-0.3375, -0.0740],
        [-0.2162,  0.0559]], device='cuda:0')
9910 tensor([[ 0.3218,  0.0866],
        [ 0.1853, -0.0525],
        [-0.3376, -0.0740],
        [-0.2161,  0.0559]], device='cuda:0')
9911 tensor([[ 0.3219,  0.0866],
        [ 0.1852, -0.0525],
        [-0.3377, -0.0740],
        [-0.2161,  0.0559]], device='cuda:0')
9912 tensor([[ 0.3220,  0.0866],
        [ 0.1852, -0.0525],
        [-0.3378, -0.0741],
        [-0.2160,  0.0559]], device='cuda:0')
9913 tensor([[ 0.3222,  0.0866],
        [ 0.1851, -0.0525],
        [-0.3380, -0.0741],
        [-0.2159,  0.0559]], device='cuda:0')
9914 tensor([[ 0.3223,  0.0866],
        [ 0.1851, -0.0525],
        [-0.3381, -0.0741],
        [-0.2159,  0.0559]], device='cuda:0')
9915 tensor([[ 0.3224,  0.0866],
        [ 0.1850, -0.0525],
        [-0.3382, -0.0741],
        [-0.2158,  0.0559]], device='cuda:0')
9916 tensor([[ 0.3225,  0.0866],
        [ 0.1849, -0.0525],
        [-0.3383, -0.0741],
        [-0.2158,  0.0559]], device='cuda:0')
9917 tensor([[ 0.3227,  0.0866],
        [ 0.1849, -0.0525],
        [-0.3385, -0.0741],
        [-0.2157,  0.0558]], device='cuda:0')
9918 tensor([[ 0.3228,  0.0866],
        [ 0.1848, -0.0525],
        [-0.3386, -0.0741],
        [-0.2157,  0.0558]], device='cuda:0')
9919 tensor([[ 0.3229,  0.0866],
        [ 0.1848, -0.0525],
        [-0.3387, -0.0741],
        [-0.2156,  0.0558]], device='cuda:0')
9920 tensor([[ 0.3230,  0.0866],
        [ 0.1847, -0.0525],
        [-0.3388, -0.0741],
        [-0.2156,  0.0558]], device='cuda:0')
9921 tensor([[ 0.3231,  0.0866],
        [ 0.1847, -0.0525],
        [-0.3390, -0.0741],
        [-0.2156,  0.0558]], device='cuda:0')
9922 tensor([[ 0.3233,  0.0866],
        [ 0.1846, -0.0525],
        [-0.3391, -0.0741],
        [-0.2155,  0.0558]], device='cuda:0')
9923 tensor([[ 0.3234,  0.0866],
        [ 0.1846, -0.0525],
        [-0.3392, -0.0741],
        [-0.2155,  0.0558]], device='cuda:0')
9924 tensor([[ 0.3235,  0.0866],
        [ 0.1845, -0.0525],
        [-0.3393, -0.0741],
        [-0.2154,  0.0558]], device='cuda:0')
9925 tensor([[ 0.3236,  0.0866],
        [ 0.1845, -0.0525],
        [-0.3393, -0.0741],
        [-0.2153,  0.0558]], device='cuda:0')
9926 tensor([[ 0.3237,  0.0866],
        [ 0.1844, -0.0526],
        [-0.3394, -0.0741],
        [-0.2153,  0.0558]], device='cuda:0')
9927 tensor([[ 0.3238,  0.0866],
        [ 0.1844, -0.0526],
        [-0.3395, -0.0741],
        [-0.2152,  0.0558]], device='cuda:0')
9928 tensor([[ 0.3239,  0.0866],
        [ 0.1843, -0.0526],
        [-0.3396, -0.0741],
        [-0.2152,  0.0558]], device='cuda:0')
9929 tensor([[ 0.3239,  0.0866],
        [ 0.1843, -0.0526],
        [-0.3397, -0.0741],
        [-0.2151,  0.0558]], device='cuda:0')
9930 tensor([[ 0.3240,  0.0866],
        [ 0.1842, -0.0526],
        [-0.3398, -0.0741],
        [-0.2150,  0.0558]], device='cuda:0')
9931 tensor([[ 0.3241,  0.0866],
        [ 0.1842, -0.0526],
        [-0.3399, -0.0741],
        [-0.2150,  0.0558]], device='cuda:0')
9932 tensor([[ 0.3242,  0.0866],
        [ 0.1841, -0.0526],
        [-0.3399, -0.0741],
        [-0.2149,  0.0558]], device='cuda:0')
9933 tensor([[ 0.3243,  0.0866],
        [ 0.1841, -0.0526],
        [-0.3400, -0.0741],
        [-0.2149,  0.0558]], device='cuda:0')
9934 tensor([[ 0.3244,  0.0866],
        [ 0.1840, -0.0526],
        [-0.3401, -0.0741],
        [-0.2149,  0.0558]], device='cuda:0')
9935 tensor([[ 0.3245,  0.0866],
        [ 0.1839, -0.0526],
        [-0.3402, -0.0741],
        [-0.2148,  0.0558]], device='cuda:0')
9936 tensor([[ 0.3245,  0.0866],
        [ 0.1839, -0.0526],
        [-0.3403, -0.0741],
        [-0.2148,  0.0558]], device='cuda:0')
9937 tensor([[ 0.3246,  0.0866],
        [ 0.1838, -0.0526],
        [-0.3404, -0.0741],
        [-0.2147,  0.0558]], device='cuda:0')
9938 tensor([[ 0.3247,  0.0866],
        [ 0.1838, -0.0526],
        [-0.3405, -0.0741],
        [-0.2147,  0.0558]], device='cuda:0')
9939 tensor([[ 0.3248,  0.0866],
        [ 0.1837, -0.0526],
        [-0.3405, -0.0741],
        [-0.2147,  0.0558]], device='cuda:0')
9940 tensor([[ 0.3249,  0.0866],
        [ 0.1837, -0.0526],
        [-0.3406, -0.0740],
        [-0.2146,  0.0558]], device='cuda:0')
9941 tensor([[ 0.3249,  0.0866],
        [ 0.1836, -0.0525],
        [-0.3407, -0.0740],
        [-0.2146,  0.0559]], device='cuda:0')
9942 tensor([[ 0.3250,  0.0865],
        [ 0.1835, -0.0525],
        [-0.3408, -0.0740],
        [-0.2145,  0.0559]], device='cuda:0')
9943 tensor([[ 0.3251,  0.0865],
        [ 0.1835, -0.0525],
        [-0.3409, -0.0739],
        [-0.2145,  0.0559]], device='cuda:0')
9944 tensor([[ 0.3252,  0.0865],
        [ 0.1834, -0.0525],
        [-0.3410, -0.0739],
        [-0.2145,  0.0559]], device='cuda:0')
9945 tensor([[ 0.3252,  0.0865],
        [ 0.1834, -0.0525],
        [-0.3411, -0.0739],
        [-0.2144,  0.0559]], device='cuda:0')
9946 tensor([[ 0.3253,  0.0864],
        [ 0.1833, -0.0525],
        [-0.3411, -0.0738],
        [-0.2144,  0.0559]], device='cuda:0')
9947 tensor([[ 0.3254,  0.0864],
        [ 0.1833, -0.0525],
        [-0.3412, -0.0738],
        [-0.2143,  0.0559]], device='cuda:0')
9948 tensor([[ 0.3255,  0.0864],
        [ 0.1832, -0.0525],
        [-0.3413, -0.0738],
        [-0.2143,  0.0559]], device='cuda:0')
9949 tensor([[ 0.3255,  0.0864],
        [ 0.1832, -0.0525],
        [-0.3414, -0.0737],
        [-0.2143,  0.0559]], device='cuda:0')
9950 tensor([[ 0.3256,  0.0863],
        [ 0.1831, -0.0525],
        [-0.3415, -0.0737],
        [-0.2142,  0.0559]], device='cuda:0')
9951 tensor([[ 0.3257,  0.0863],
        [ 0.1830, -0.0525],
        [-0.3416, -0.0737],
        [-0.2142,  0.0559]], device='cuda:0')
9952 tensor([[ 0.3257,  0.0863],
        [ 0.1830, -0.0525],
        [-0.3416, -0.0737],
        [-0.2142,  0.0559]], device='cuda:0')
9953 tensor([[ 0.3258,  0.0863],
        [ 0.1829, -0.0525],
        [-0.3417, -0.0737],
        [-0.2141,  0.0559]], device='cuda:0')
9954 tensor([[ 0.3259,  0.0862],
        [ 0.1829, -0.0526],
        [-0.3417, -0.0736],
        [-0.2141,  0.0559]], device='cuda:0')
9955 tensor([[ 0.3260,  0.0862],
        [ 0.1829, -0.0526],
        [-0.3418, -0.0736],
        [-0.2140,  0.0559]], device='cuda:0')
9956 tensor([[ 0.3260,  0.0862],
        [ 0.1828, -0.0526],
        [-0.3418, -0.0736],
        [-0.2139,  0.0559]], device='cuda:0')
9957 tensor([[ 0.3261,  0.0862],
        [ 0.1828, -0.0526],
        [-0.3419, -0.0736],
        [-0.2139,  0.0559]], device='cuda:0')
9958 tensor([[ 0.3261,  0.0861],
        [ 0.1828, -0.0526],
        [-0.3419, -0.0735],
        [-0.2138,  0.0559]], device='cuda:0')
9959 tensor([[ 0.3262,  0.0861],
        [ 0.1827, -0.0526],
        [-0.3420, -0.0735],
        [-0.2138,  0.0559]], device='cuda:0')
9960 tensor([[ 0.3262,  0.0861],
        [ 0.1827, -0.0526],
        [-0.3420, -0.0735],
        [-0.2137,  0.0559]], device='cuda:0')
9961 tensor([[ 0.3263,  0.0861],
        [ 0.1826, -0.0526],
        [-0.3421, -0.0735],
        [-0.2137,  0.0559]], device='cuda:0')
9962 tensor([[ 0.3263,  0.0860],
        [ 0.1826, -0.0526],
        [-0.3421, -0.0734],
        [-0.2137,  0.0559]], device='cuda:0')
9963 tensor([[ 0.3264,  0.0860],
        [ 0.1825, -0.0526],
        [-0.3422, -0.0734],
        [-0.2136,  0.0559]], device='cuda:0')
9964 tensor([[ 0.3264,  0.0860],
        [ 0.1825, -0.0526],
        [-0.3422, -0.0734],
        [-0.2136,  0.0559]], device='cuda:0')
9965 tensor([[ 0.3264,  0.0860],
        [ 0.1824, -0.0526],
        [-0.3423, -0.0734],
        [-0.2135,  0.0559]], device='cuda:0')
9966 tensor([[ 0.3265,  0.0859],
        [ 0.1823, -0.0526],
        [-0.3423, -0.0734],
        [-0.2135,  0.0559]], device='cuda:0')
9967 tensor([[ 0.3265,  0.0859],
        [ 0.1823, -0.0526],
        [-0.3424, -0.0733],
        [-0.2135,  0.0559]], device='cuda:0')
9968 tensor([[ 0.3266,  0.0859],
        [ 0.1823, -0.0526],
        [-0.3424, -0.0733],
        [-0.2134,  0.0559]], device='cuda:0')
9969 tensor([[ 0.3266,  0.0858],
        [ 0.1822, -0.0526],
        [-0.3424, -0.0733],
        [-0.2134,  0.0559]], device='cuda:0')
9970 tensor([[ 0.3267,  0.0858],
        [ 0.1822, -0.0526],
        [-0.3425, -0.0733],
        [-0.2133,  0.0559]], device='cuda:0')
9971 tensor([[ 0.3268,  0.0858],
        [ 0.1822, -0.0526],
        [-0.3425, -0.0733],
        [-0.2133,  0.0559]], device='cuda:0')
9972 tensor([[ 0.3268,  0.0858],
        [ 0.1821, -0.0527],
        [-0.3425, -0.0732],
        [-0.2132,  0.0559]], device='cuda:0')
9973 tensor([[ 0.3268,  0.0857],
        [ 0.1821, -0.0527],
        [-0.3425, -0.0732],
        [-0.2131,  0.0559]], device='cuda:0')
9974 tensor([[ 0.3268,  0.0857],
        [ 0.1821, -0.0527],
        [-0.3426, -0.0732],
        [-0.2131,  0.0559]], device='cuda:0')
