104916 2
104917 1
104917 3
104917 5
104918 0
104931 1
104931 2
104932 4
104933 0
104933 3
104946 2
104947 1
104947 3
104947 4
104947 5
104948 0
104961 2
104961 3
104962 5
104963 0
104963 1
104976 2
104977 1
104977 3
104977 5
104978 0
104991 1
104991 2
104992 5
104993 0
104993 3
105005 1
105006 2
105007 4
105008 0
105009 3
105021 1
105021 2
105022 5
105023 0
105023 3
105035 1
105036 2
105037 4
105038 0
105039 3
105051 1
105052 0
105052 2
105052 5
105053 3
105065 1
105067 0
105067 2
105067 4
105069 3
105081 1
105082 0
105082 2
105082 5
105083 3
105095 1
105097 0
105097 2
105097 4
105099 3
105111 1
105112 0
105112 2
105112 5
105113 3
105125 1
105127 0
105127 2
105127 5
105129 3
105139 1
105142 0
105142 2
105142 4
105145 3
105155 1
105156 0
105157 4
105158 2
105159 3
105160 5
105171 0
105171 1
105172 4
105172 5
105173 2
105173 3
105185 1
105186 0
105187 4
105188 2
105189 3
105190 5
105201 0
105201 1
105202 4
105203 2
105203 3
105216 0
105217 1
105217 3
105217 4
105218 2
105231 0
105231 3
105232 5
105233 1
105233 2
105246 0
105247 1
105247 3
105247 4
105247 5
105248 2
105261 0
105261 1
105262 4
105263 2
105263 3
105276 0
105277 1
105277 3
105277 4
105278 2
105291 0
105291 3
105292 5
105293 1
105293 2
105306 0
105307 1
105307 3
105307 4
105308 2
105321 0
105321 3
105322 5
105323 1
105323 2
105336 0
105337 1
105337 3
105337 4
105338 2
105351 0
105351 3
105352 4
105353 1
105353 2
105365 3
105366 0
105367 5
105368 2
105369 1
105381 0
105381 3
105382 4
105383 1
105383 2
105395 3
105396 0
105397 5
105398 2
105399 1
105411 3
105412 0
105412 2
105412 5
105413 1
105426 1
105427 0
105427 2
105427 4
105428 3
105442 0
105442 1
105442 2
105442 3
105442 5
105456 1
105457 0
105457 2
105457 4
105458 3
105472 0
105472 1
105472 2
105472 3
105472 4
105486 3
105487 0
105487 2
105487 5
105488 1
105502 0
105502 1
105502 2
105502 3
105502 4
105516 3
105517 0
105517 2
105517 4
105517 5
105518 1
105530 3
105531 5
105532 0
105532 2
105532 5
105534 1
105546 3
105547 0
105547 2
105547 5
105548 1
105562 0
105562 1
105562 2
105562 3
105562 4
105576 3
105577 0
105577 2
105577 4
105577 5
105578 1
105590 3
105591 5
105592 0
105592 2
105592 5
105594 1
105606 2
105606 3
105607 4
105607 5
105608 0
105608 1
105620 3
105621 2
105621 5
105622 5
105623 0
105624 1
105635 3
105636 2
105636 5
105637 5
105638 0
105639 1
105651 2
105651 3
105652 4
105652 5
105653 0
105653 1
105665 3
105666 2
105666 5
105667 5
105668 0
105669 1
105681 2
105681 3
105682 5
105683 0
105683 1
105696 2
105697 1
105697 3
105697 4
105698 0
105711 2
105711 3
105712 5
105713 0
105713 1
105725 2
105727 1
105727 3
105727 5
105729 0
105740 2
105741 1
105742 4
105743 3
105744 0
105756 2
105757 1
105757 3
105757 5
105758 0
105771 1
105771 2
105772 5
105773 0
105773 3
105785 1
105786 2
105787 4
105788 0
105789 3
105801 1
105801 2
105802 5
105803 0
105803 3
105815 1
105816 2
105817 5
105818 0
105819 3
105830 1
105831 2
105832 4
105833 0
105834 3
105846 1
105846 2
105847 5
105848 0
105848 3
105860 1
105861 2
105862 4
105863 0
105864 3
105876 1
105877 0
105877 2
105877 5
105878 3
105890 1
105892 0
105892 2
105892 4
105894 3
105906 1
105907 0
105907 2
105907 5
105908 3
105920 1
105922 0
105922 2
105922 4
105924 3
105936 1
105937 0
105937 2
105937 4
105937 5
105938 3
105950 1
105951 4
105952 0
105952 2
105952 4
105954 3
105966 0
105966 1
105967 4
105967 5
105968 2
105968 3
105980 1
105981 0
105981 4
105982 4
105983 2
105984 3
105996 0
105996 1
105997 4
105998 2
105998 3
106011 0
106012 1
106012 3
106012 5
106013 2
106025 1
106026 0
106026 4
106027 5
106028 2
106029 3
106039 1
106040 4
106041 0
106042 4
106043 2
106045 3
106046 5
106055 0
106055 1
106056 4
106057 4
106059 2
106059 3
106060 5
106070 0
106071 1
106072 4
106073 3
106074 2
106075 5
106085 0
106087 1
106087 3
106087 4
106089 2
106100 0
106101 3
106102 4
106103 1
106104 2
106115 0
106115 3
106117 5
106119 1
106119 2
106131 0
106131 3
106132 4
106133 1
106133 2
106145 3
106146 0
106147 5
106148 2
106149 1
106161 0
106161 3
106162 4
106163 1
106163 2
106175 3
106176 0
106177 4
106178 2
106179 1
106189 3
106191 0
106192 4
106193 2
106195 1
106204 3
106206 0
106207 4
106208 2
106210 1
106218 3
106222 0
106222 2
106222 5
106226 1
106234 3
106235 5
106237 0
106237 2
106237 5
106240 1
106250 3
106251 5
106252 0
106252 2
106252 5
106254 1
106266 2
106266 3
106267 4
106267 5
106268 0
106268 1
106280 3
106281 2
106281 5
106282 5
106283 0
106284 1
106296 2
106296 3
106297 5
106298 0
106298 1
106311 2
106312 1
106312 3
106312 4
106313 0
106325 3
106326 2
106326 5
106327 4
106328 0
106329 1
106339 3
106340 5
106341 2
106342 5
106343 0
106345 1
106346 4
106355 2
106355 3
106356 5
106357 5
106359 0
106359 1
106360 4
106370 2
106371 3
106371 5
106372 5
106373 1
106374 0
106385 2
106386 5
106387 1
106387 3
106387 5
106389 0
106400 2
106401 1
106401 5
106402 4
106403 3
106404 0
106415 2
106416 5
106417 1
106417 3
106417 5
106419 0
106430 2
106431 1
106431 5
106432 5
106433 3
106434 0
106445 1
106445 2
106447 4
106449 0
106449 3
106461 1
106461 2
106462 5
106463 0
106463 3
106476 1
106476 2
106477 5
106478 0
106478 3
106490 1
106491 2
106491 4
106492 4
106493 0
106494 3
106506 1
106506 2
106507 5
106508 0
106508 3
106520 1
106521 2
106521 4
106522 5
106523 0
106524 3
106534 1
106535 4
106536 2
106537 4
106538 0
106540 3
106550 1
106551 4
106552 0
106552 2
106552 5
106554 3
106564 1
106565 4
106567 0
106567 2
106567 4
106570 3
106580 1
106581 4
106582 0
106582 2
106582 5
106584 3
106594 1
106595 4
106597 0
106597 2
106597 4
106600 3
106610 1
106611 0
106611 4
106612 4
106613 2
106614 3
106626 0
106626 1
106627 4
106627 5
106628 2
106628 3
106640 1
106641 0
106641 4
106642 5
106643 2
106644 3
106654 1
106655 4
106656 0
106657 4
106658 2
106660 3
106661 5
106670 0
106670 1
106671 4
106672 4
106674 2
106674 3
106675 5
106685 0
106685 1
106686 4
106687 4
106689 2
106689 3
106690 5
106700 0
106701 1
106702 4
106703 3
106704 2
106705 5
106715 0
106717 1
106717 3
106717 5
106719 2
106730 0
106731 1
106732 4
106733 3
106734 2
106735 5
106745 0
106747 1
106747 3
106747 4
106749 2
106760 0
106761 3
106762 5
106763 1
106764 2
106775 0
106777 1
106777 3
106777 4
106779 2
106790 0
106791 3
106792 4
106793 1
106794 2
106805 0
106805 3
106807 4
106809 1
106809 2
106820 0
106820 3
106822 5
106824 1
106824 2
106835 0
106836 3
106837 4
106838 1
106839 2
106850 3
106851 0
106852 4
106853 2
106854 1
106864 3
106866 0
106867 5
106868 2
106870 1
106880 3
106881 0
106882 4
106883 2
106884 1
106894 3
106896 0
106897 4
106898 2
106900 1
106908 3
106909 5
106912 0
106912 2
106912 5
106916 1
106924 3
106925 5
106927 0
106927 2
106927 5
106930 1
106940 3
106941 5
106942 0
106942 2
106942 4
106944 1
106954 3
106955 5
106957 0
106957 2
106957 5
106960 1
106970 3
106971 2
106971 5
106972 4
106973 0
106974 1
106984 3
106985 5
106986 2
106987 4
106988 0
106990 1
106991 4
106998 3
106999 5
107001 2
107002 5
107003 0
107006 1
107007 4
107014 3
107015 2
107015 5
107017 5
107019 0
107020 1
107021 4
107030 2
107030 3
107031 5
107032 5
107034 0
107034 1
107035 4
107045 2
107046 3
107047 5
107048 1
107049 0
107050 4
107060 2
107061 3
107062 4
107062 5
107063 1
107064 0
107075 2
107075 3
107076 5
107077 5
107079 0
107079 1
107080 4
107090 2
107091 3
107092 5
107093 1
107094 0
107095 4
107104 2
107107 1
107107 3
107107 5
107110 0
107119 2
107121 1
107122 5
107123 3
107125 0
107135 1
107135 2
107137 4
107139 0
107139 3
107150 2
107151 1
107151 5
107152 5
107153 3
107154 0
107165 2
107166 1
107166 5
107167 4
107168 3
107169 0
107180 2
107181 5
107182 1
107182 3
107182 5
107184 0
107195 2
107196 1
107196 5
107197 5
107198 3
107199 0
107210 1
107210 2
107212 5
107214 0
107214 3
107224 1
107225 2
107225 4
107227 4
107229 0
107230 3
107240 1
107240 2
107242 5
107244 0
107244 3
107254 1
107255 4
107256 2
107257 5
107258 0
107260 3
107268 1
107269 4
107271 2
107272 5
107273 0
107276 3
107282 1
107283 4
107286 2
107287 5
107288 0
107292 3
107296 1
107297 4
107302 0
107302 2
107302 4
107308 3
107313 1
107314 4
107317 0
107317 2
107317 4
107321 3
107329 1
107330 4
107331 0
107332 5
107333 2
107335 3
107336 5
107342 1
107343 4
107346 0
107347 4
107348 2
107352 3
107353 5
107358 1
107359 4
107361 0
107362 4
107363 2
107366 3
107367 5
107374 1
107375 0
107375 4
107377 5
107379 2
107380 3
107381 5
107388 1
107389 4
107390 0
107392 4
107394 2
107396 3
107397 5
107404 1
107405 0
107405 4
107407 4
107409 2
107410 3
107411 5
107419 0
107420 1
107421 4
107422 4
107424 3
107425 2
107426 5
107434 0
107436 1
107437 4
107437 5
107438 3
107440 2
107449 0
107450 1
107451 4
107452 4
107454 3
107455 2
107456 5
107464 0
107465 1
107466 4
107467 4
107469 3
107470 2
107471 5
107479 0
107481 1
107482 4
107483 3
107485 2
107486 5
107494 0
107497 1
107497 3
107497 4
107500 2
107509 0
107511 3
107512 4
107513 1
107515 2
107524 0
107525 3
107525 4
107527 4
107529 1
107530 2
107539 0
107540 3
107540 4
107542 4
107544 1
107545 2
107554 0
107554 3
107557 4
107560 1
107560 2
107568 3
107569 0
107569 5
107572 5
107575 2
107576 1
107584 3
107585 0
107585 5
107587 4
107589 2
107590 1
107598 3
107599 5
107600 0
107602 4
107604 2
107606 1
107613 3
107614 5
107615 0
107617 4
107619 2
107621 1
107627 3
107628 5
107631 0
107632 5
107633 2
107637 1
107643 3
107644 5
107646 0
107647 4
107648 2
107651 1
107657 3
107658 5
107662 0
107662 2
107662 5
107667 1
107673 3
107674 5
107677 0
107677 2
107677 4
107681 1
107687 3
107688 5
107691 2
107692 4
107693 0
107697 1
107698 4
107701 3
107702 5
107706 2
107707 5
107708 0
107713 1
107714 4
107717 3
107718 5
107720 2
107722 5
107724 0
107727 1
107728 4
107733 3
107734 5
107735 2
107737 5
107739 0
107741 1
107742 4
107748 3
107749 2
107749 5
107752 5
107755 0
107756 1
107757 4
107764 2
107764 3
107765 5
107767 5
107770 0
107770 1
107771 4
107779 2
107780 3
107781 5
107782 4
107784 1
107785 0
107786 4
107794 2
107794 3
107795 5
107797 5
107800 0
107800 1
107801 4
107808 2
107810 3
107811 5
107812 5
107814 1
107816 0
107817 4
