13762 0
13762 1
13762 2
13762 3
13762 4
13776 3
13777 0
13777 2
13777 5
13778 1
13792 0
13792 1
13792 2
13792 3
13792 5
13806 1
13807 0
13807 2
13807 5
13808 3
13820 1
13822 0
13822 2
13822 4
13824 3
13836 1
13837 0
13837 2
13837 4
13838 3
13852 0
13852 1
13852 2
13852 3
13852 5
13866 1
13867 0
13867 2
13867 4
13868 3
13882 0
13882 1
13882 2
13882 3
13882 5
13896 1
13897 0
13897 2
13897 5
13898 3
13910 1
13912 0
13912 2
13912 4
13914 3
13926 0
13926 1
13927 4
13928 2
13928 3
13941 0
13942 1
13942 3
13942 4
13943 2
13956 0
13956 3
13957 5
13958 1
13958 2
13971 0
13972 1
13972 3
13972 5
13973 2
13986 0
13986 1
13987 5
13988 2
13988 3
14000 1
14001 0
14002 4
14003 2
14004 3
14016 0
14016 1
14017 5
14018 2
14018 3
14029 1
14031 0
14032 5
14033 2
14035 3
14043 1
14046 0
14047 4
14048 2
14051 3
14059 1
14060 0
14062 4
14064 2
14065 3
14075 0
14075 1
14077 4
14079 2
14079 3
14090 0
14091 1
14092 4
14093 3
14094 2
14105 0
14107 1
14107 3
14107 4
14109 2
14120 0
14121 3
14122 4
14123 1
14124 2
14135 0
14135 3
14137 5
14139 1
14139 2
14150 0
14151 3
14152 4
14153 1
14154 2
14165 0
14166 3
14167 4
14168 1
14169 2
14180 0
14180 3
14182 5
14184 1
14184 2
14195 0
14196 3
14197 5
14198 1
14199 2
14210 0
14212 1
14212 3
14212 5
14214 2
14225 0
14226 1
14227 5
14228 3
14229 2
14240 0
14240 1
14242 5
14244 2
14244 3
14254 1
14255 0
14257 4
14259 2
14260 3
14270 0
14270 1
14272 4
14274 2
14274 3
14285 0
14285 1
14287 4
14289 2
14289 3
14299 0
14301 1
14302 4
14303 3
14305 2
14314 0
14317 1
14317 3
14317 5
14320 2
14329 0
14331 1
14332 4
14333 3
14335 2
14344 0
14347 1
14347 3
14347 4
14350 2
14359 0
14361 3
14362 4
14363 1
14365 2
14374 0
14376 3
14377 4
14378 1
14380 2
14389 0
14390 3
14392 5
14394 1
14395 2
14405 0
14406 3
14407 4
14408 1
14409 2
14420 0
14420 3
14422 5
14424 1
14424 2
14435 0
14436 3
14437 5
14438 1
14439 2
14450 0
14452 1
14452 3
14452 4
14454 2
14465 0
14466 3
14467 5
14468 1
14469 2
14480 0
14481 1
14482 5
14483 3
14484 2
14495 0
14495 1
14497 4
14499 2
14499 3
14510 0
14511 1
14512 5
14513 3
14514 2
14525 0
14525 1
14527 5
14529 2
14529 3
14539 1
14540 0
14542 4
14544 2
14545 3
14554 0
14555 1
14557 5
14559 3
14560 2
14569 0
14569 1
14572 5
14575 2
14575 3
14582 1
14584 0
14587 4
14590 2
14592 3
14598 0
14598 1
14602 4
14606 2
14606 3
