144606 0
144607 1
144607 3
144607 4
144607 5
144608 2
144621 0
144621 1
144622 4
144623 2
144623 3
144636 0
144637 1
144637 3
144637 4
144638 2
144651 0
144651 3
144652 5
144653 1
144653 2
144666 0
144667 1
144667 3
144667 4
144668 2
144681 0
144681 3
144682 5
144683 1
144683 2
144696 0
144697 1
144697 3
144697 4
144698 2
144711 0
144711 3
144712 4
144713 1
144713 2
144725 3
144726 0
144726 5
144727 5
144728 2
144729 1
144741 0
144741 3
144742 5
144743 1
144743 2
144756 0
144756 1
144757 4
144758 2
144758 3
144771 0
144772 1
144772 3
144772 4
144773 2
144786 0
144786 3
144787 5
144788 1
144788 2
144802 0
144802 1
144802 2
144802 3
144802 4
144816 3
144817 0
144817 2
144817 4
144817 5
144818 1
144830 3
144831 5
144832 0
144832 2
144832 5
144834 1
144846 3
144847 0
144847 2
144847 4
144847 5
144848 1
144860 3
144861 5
144862 0
144862 2
144862 5
144864 1
144876 3
144877 0
144877 2
144877 4
144877 5
144878 1
144890 3
144891 5
144892 0
144892 2
144892 5
144894 1
144906 2
144906 3
144907 5
144908 0
144908 1
144921 2
144922 1
144922 3
144922 4
144923 0
144936 2
144936 3
144937 5
144938 0
144938 1
144951 2
144952 1
144952 3
144952 4
144953 0
144965 3
144966 2
144966 5
144967 5
144968 0
144969 1
144981 2
144981 3
144982 5
144983 0
144983 1
144996 2
144997 1
144997 3
144997 4
144998 0
145011 2
145011 3
145012 5
145013 0
145013 1
145026 2
145027 1
145027 3
145027 4
145028 0
145041 2
145041 3
145042 5
145043 0
145043 1
145056 2
145057 1
145057 3
145057 5
145058 0
145071 1
145071 2
145072 4
145073 0
145073 3
145086 2
145087 1
145087 3
145087 5
145088 0
145101 1
145101 2
145102 5
145103 0
145103 3
145115 1
145116 2
145117 4
145118 0
145119 3
145131 1
145131 2
145132 5
145133 0
145133 3
145145 1
145146 2
145147 4
145148 0
145149 3
145161 1
145161 2
145162 5
145163 0
145163 3
145175 1
145176 2
145177 5
145178 0
145179 3
145189 1
145192 0
145192 2
145192 4
145195 3
145205 1
145207 0
145207 2
145207 5
145209 3
145219 1
145222 0
145222 2
145222 4
145225 3
145235 1
145236 4
145237 0
145237 2
145237 5
145239 3
145249 1
145250 4
145252 0
145252 2
145252 4
145255 3
145265 1
145266 0
145266 4
145267 4
145268 2
145269 3
145281 0
145281 1
145282 4
145282 5
145283 2
145283 3
145295 1
145296 0
145296 4
145297 4
145298 2
145299 3
145311 0
145311 1
145312 4
145312 5
145313 2
145313 3
145325 1
145326 0
145326 4
145327 4
145328 2
145329 3
145341 0
145341 1
145342 4
145343 2
145343 3
145356 0
145357 1
145357 3
145357 5
145358 2
145371 0
145371 1
145372 4
145373 2
145373 3
145386 0
145387 1
145387 3
145387 4
145388 2
145401 0
145401 3
145402 5
145403 1
145403 2
145416 0
145417 1
145417 3
145417 4
145418 2
145431 0
145431 3
145432 5
145433 1
145433 2
145446 0
145447 1
145447 3
145447 5
145448 2
145460 1
145461 0
145461 4
145462 5
145463 2
145464 3
145474 1
145475 4
145476 0
145477 4
145478 2
145480 3
145481 5
145490 0
145490 1
145491 4
145492 4
145494 2
145494 3
145495 5
145505 0
145506 1
145506 4
145507 4
145508 3
145509 2
145520 0
145521 4
145522 1
145522 3
145522 4
145524 2
145535 0
145536 3
145536 4
145537 4
145538 1
145539 2
145550 0
145550 3
145552 4
145554 1
145554 2
145564 3
145565 0
145567 4
145569 2
145570 1
145578 3
145581 0
145582 5
145583 2
145586 1
145594 3
145595 5
145596 0
145597 5
145598 2
145600 1
145611 0
145611 3
145612 4
145613 1
145613 2
145625 3
145626 0
145626 5
145627 4
145628 2
145629 1
145639 3
145640 5
145642 0
145642 2
145642 4
145645 1
145653 3
145654 5
145657 0
145657 2
145657 5
145661 1
145669 3
145670 5
145672 0
145672 2
145672 4
145675 1
145683 3
145684 5
145686 2
145687 5
145688 0
145691 1
145692 4
145699 3
145700 5
145701 2
145702 5
145703 0
145705 1
145706 4
145714 3
145715 5
145716 2
145717 4
145718 0
145720 1
145721 4
145728 3
145729 5
145730 2
145732 5
145734 0
145736 1
145737 4
145744 3
145745 2
145745 5
145747 5
145749 0
145750 1
145751 4
145760 2
145760 3
145761 5
145762 4
145764 0
145764 1
145765 4
145774 3
145775 2
145775 5
145777 4
145779 0
145780 1
145781 4
145788 3
145789 2
145789 5
145792 5
145795 0
145796 1
145797 4
145804 2
145804 3
145805 5
145807 5
145810 0
145810 1
145811 4
145819 2
145819 3
145820 5
145822 5
145825 0
145825 1
145826 4
145833 2
145835 3
145836 5
145837 5
145839 1
145841 0
145842 4
