6951 2
6952 1
6952 3
6952 5
6953 0
6966 1
6966 2
6967 4
6968 0
6968 3
6982 0
6982 1
6982 2
6982 3
6982 4
6996 3
6997 0
6997 2
6997 5
6998 1
7011 2
7012 1
7012 3
7012 5
7013 0
7026 1
7026 2
7027 5
7028 0
7028 3
7040 1
7042 0
7042 2
7042 5
7044 3
7054 1
7057 0
7057 2
7057 4
7060 3
7070 1
7072 0
7072 2
7072 5
7074 3
7084 1
7087 0
7087 2
7087 4
7090 3
7100 1
7102 0
7102 2
7102 5
7104 3
7114 1
7116 0
7117 4
7118 2
7120 3
7130 1
7131 0
7132 5
7133 2
7134 3
7144 1
7146 0
7147 5
7148 2
7150 3
7158 1
7161 0
7162 5
7163 2
7166 3
7172 1
7175 0
7177 5
7179 2
7182 3
7186 1
7190 0
7192 4
7194 2
7198 3
7201 1
7204 0
7207 4
7210 2
7213 3
7217 1
7219 0
7222 4
7225 2
7227 3
7233 0
7233 1
7237 4
7241 2
7241 3
