20317 0
20317 1
20317 2
20317 3
20317 5
20331 1
20332 0
20332 2
20332 5
20333 3
20345 1
20347 0
20347 2
20347 4
20349 3
20361 1
20362 0
20362 2
20362 4
20363 3
20376 0
20377 1
20377 3
20377 5
20378 2
20391 0
20391 1
20392 4
20392 5
20393 2
20393 3
20405 1
20406 0
20407 4
20408 2
20409 3
20421 0
20421 1
20422 4
20423 2
20423 3
20436 0
20437 1
20437 3
20437 5
20438 2
20451 0
20451 1
20452 4
20453 2
20453 3
20466 0
20467 1
20467 3
20467 5
20468 2
20481 0
20481 1
20482 4
20483 2
20483 3
20496 0
20497 1
20497 3
20497 4
20498 2
20511 0
20511 3
20512 5
20513 1
20513 2
20526 0
20526 1
20527 4
20528 2
20528 3
20541 0
20542 1
20542 3
20542 4
20543 2
20556 0
20556 3
20557 4
20558 1
20558 2
20570 3
20571 0
20572 5
20573 2
20574 1
20586 0
20586 3
20587 5
20588 1
20588 2
20601 0
20602 1
20602 3
20602 5
20603 2
20616 0
20616 1
20617 4
20618 2
20618 3
20631 0
20632 1
20632 3
20632 4
20633 2
20646 0
20646 3
20647 4
20648 1
20648 2
20660 3
20661 0
20662 5
20663 2
20664 1
20676 3
20677 0
20677 2
20677 4
20678 1
20690 3
20692 0
20692 2
20692 4
20694 1
20704 3
20707 0
20707 2
20707 5
20710 1
20720 3
20722 0
20722 2
20722 4
20724 1
20734 3
20737 0
20737 2
20737 4
20740 1
20748 3
20751 2
20752 5
20753 0
20756 1
20764 3
20766 2
20767 5
20768 0
20770 1
20780 3
20781 2
20782 5
20783 0
20784 1
20796 2
20796 3
20797 4
20798 0
20798 1
20810 2
20810 3
20812 4
20814 0
20814 1
20824 3
20825 2
20827 4
20829 0
20830 1
20838 3
20840 2
20842 5
20844 0
20846 1
20853 3
20855 2
20857 5
20859 0
20861 1
20869 2
20869 3
20872 5
20875 0
20875 1
20876 4
20884 2
20885 3
20887 5
20889 1
20890 0
20899 2
20901 3
20902 4
20903 1
20905 0
20914 2
20915 3
20917 5
20919 1
20920 0
20928 2
20930 3
20932 5
20934 1
20936 0
