81427 0
81427 1
81427 2
81427 3
81427 5
81441 1
81442 0
81442 2
81442 4
81443 3
81457 0
81457 1
81457 2
81457 3
81457 5
81471 1
81472 0
81472 2
81472 4
81472 5
81473 3
81485 1
81486 4
81487 0
81487 2
81487 4
81489 3
81501 1
81502 0
81502 2
81502 4
81503 3
81516 0
81517 1
81517 3
81517 4
81518 2
81531 0
81531 3
81532 5
81533 1
81533 2
81547 0
81547 1
81547 2
81547 3
81547 4
81561 3
81562 0
81562 2
81562 5
81563 1
81577 0
81577 1
81577 2
81577 3
81577 4
81591 3
81592 0
81592 2
81592 5
81593 1
81607 0
81607 1
81607 2
81607 3
81607 4
81621 3
81622 0
81622 2
81622 4
81622 5
81623 1
81635 3
81636 5
81637 0
81637 2
81637 5
81639 1
81651 3
81652 0
81652 2
81652 4
81652 5
81653 1
81665 3
81666 5
81667 0
81667 2
81667 5
81669 1
81681 3
81682 0
81682 2
81682 4
81682 5
81683 1
81695 3
81696 5
81697 0
81697 2
81697 5
81699 1
81711 3
81712 0
81712 2
81712 4
81712 5
81713 1
81725 3
81726 5
81727 0
81727 2
81727 5
81729 1
81741 3
81742 0
81742 2
81742 4
81742 5
81743 1
81755 3
81756 5
81757 0
81757 2
81757 5
81759 1
81771 2
81771 3
81772 5
81773 0
81773 1
81786 2
81787 1
81787 3
81787 4
81788 0
81801 2
81801 3
81802 5
81803 0
81803 1
81816 2
81817 1
81817 3
81817 4
81818 0
81831 2
81831 3
81832 4
81832 5
81833 0
81833 1
81845 3
81846 2
81846 5
81847 5
81848 0
81849 1
81861 2
81861 3
81862 5
81863 0
81863 1
81876 2
81877 1
81877 3
81877 5
81878 0
81891 1
81891 2
81892 4
81893 0
81893 3
81906 2
81907 1
81907 3
81907 5
81908 0
81921 1
81921 2
81922 5
81923 0
81923 3
81935 1
81936 2
81937 5
81938 0
81939 3
81949 1
81951 2
81952 5
81953 0
81955 3
81963 1
81967 0
81967 2
81967 5
81971 3
81977 1
81982 0
81982 2
81982 4
81987 3
81993 1
81997 0
81997 2
81997 4
82001 3
82009 1
82011 0
82012 4
82013 2
82015 3
82016 5
82025 1
82026 0
82027 4
82028 2
82029 3
82030 5
82041 0
82041 1
82042 4
82043 2
82043 3
82056 0
82057 1
82057 3
82057 5
82058 2
82071 0
82071 1
82072 4
82073 2
82073 3
82086 0
82087 1
82087 3
82087 4
82088 2
82101 0
82101 3
82102 5
82103 1
82103 2
82116 0
82117 1
82117 3
82117 4
82118 2
82131 0
82131 3
82132 5
82133 1
82133 2
82146 0
82147 1
82147 3
82147 4
82148 2
82161 0
82161 3
82162 4
82163 1
82163 2
82175 3
82176 0
82176 5
82177 5
82178 2
82179 1
82191 0
82192 1
82192 3
82192 5
82193 2
82206 0
82206 1
82207 4
82208 2
82208 3
82221 0
82222 1
82222 3
82222 4
82223 2
82236 0
82236 3
82237 4
82238 1
82238 2
82250 3
82251 0
82251 5
82252 5
82253 2
82254 1
82266 0
82266 3
82267 4
82268 1
82268 2
82280 3
82281 0
82281 5
82282 5
82283 2
82284 1
82296 3
82297 0
82297 2
82297 5
82298 1
82312 0
82312 1
82312 2
82312 3
82312 4
82326 3
82327 0
82327 2
82327 4
82327 5
82328 1
82340 3
82341 5
82342 0
82342 2
82342 4
82344 1
82354 3
82355 5
82357 0
82357 2
82357 5
82360 1
82370 3
82371 5
82372 0
82372 2
82372 4
82374 1
82384 3
82385 5
82386 2
82387 4
82388 0
82390 1
82391 4
82398 3
82399 5
82401 2
82402 5
82403 0
82406 1
82407 4
82414 3
82415 5
82416 2
82417 5
82418 0
82420 1
82421 4
82430 2
82430 3
82431 5
82432 5
82434 0
82434 1
82435 4
82445 2
82446 3
82447 5
82448 1
82449 0
82450 4
82460 2
82462 1
82462 3
82462 5
82464 0
82475 2
82477 1
82477 3
82477 5
82479 0
82490 2
82491 1
82492 4
82493 3
82494 0
82505 2
82507 1
82507 3
82507 5
82509 0
82520 2
82521 1
82522 4
82523 3
82524 0
82535 2
82537 1
82537 3
82537 5
82539 0
82550 2
82551 1
82552 5
82553 3
82554 0
82565 1
82565 2
82567 4
82569 0
82569 3
82581 1
82581 2
82582 4
82583 0
82583 3
82596 2
82596 3
82597 5
82598 0
82598 1
82611 2
82612 1
82612 3
82612 5
82613 0
82626 1
82626 2
82627 5
82628 0
82628 3
82640 1
82641 2
82641 4
82642 5
82643 0
82644 3
82654 1
82655 4
82656 2
82657 4
82658 0
82660 3
82670 1
82671 2
82671 4
82672 5
82673 0
82674 3
82684 1
82685 4
82686 2
82687 5
82688 0
82690 3
82698 1
82699 4
82702 0
82702 2
82702 4
82706 3
82714 1
82715 4
82717 0
82717 2
82717 5
82720 3
82728 1
82729 4
82732 0
82732 2
82732 4
82736 3
82744 1
82745 4
82746 0
82747 4
82748 2
82750 3
82751 5
82760 1
82761 0
82761 4
82762 5
82763 2
82764 3
82774 1
82775 4
82776 0
82777 4
82778 2
82780 3
82781 5
82790 0
82790 1
82791 4
82792 4
82794 2
82794 3
82795 5
82805 0
82806 1
82807 4
82807 5
82808 3
82809 2
82820 0
82820 1
82821 4
82822 5
82824 2
82824 3
82825 5
82833 1
82834 4
82835 0
82837 4
82839 2
82841 3
82842 5
82849 1
82850 0
82850 4
82852 4
82854 2
82855 3
82856 5
82864 0
82865 1
82866 4
82867 4
82869 3
82870 2
82871 5
82879 0
82881 1
82882 4
82883 3
82885 2
82886 5
82894 0
82897 1
82897 3
82897 4
82900 2
82909 0
82911 3
82912 4
82913 1
82915 2
82924 0
82926 3
82927 4
82928 1
82930 2
82939 0
82940 3
82942 4
82944 1
82945 2
82954 0
82954 3
82957 5
82960 1
82960 2
82970 0
82970 3
82972 4
82974 1
82974 2
82984 3
82985 0
82985 5
82987 4
82989 2
82990 1
82998 3
82999 5
83000 0
83002 4
83004 2
83006 1
83012 3
83013 5
83016 0
83017 5
83018 2
83022 1
83029 3
83030 5
83031 0
83032 4
83033 2
83035 1
83043 3
83044 5
83046 0
83047 5
83048 2
83051 1
83059 3
83060 5
83062 0
83062 2
83062 4
83065 1
83073 3
83074 5
83077 0
83077 2
83077 5
83081 1
83089 3
83090 5
83092 0
83092 2
83092 5
83095 1
83105 3
83106 2
83106 5
83107 5
83108 0
83109 1
83121 2
83121 3
83122 4
83122 5
83123 0
83123 1
83135 3
83136 2
83136 5
83137 4
83138 0
83139 1
83148 3
83149 5
83151 2
83152 5
83153 0
83156 1
83157 4
83164 3
83165 2
83165 5
83167 4
83169 0
83170 1
83171 4
83178 3
83179 5
83180 2
83182 5
83184 0
83186 1
83187 4
83194 3
83195 2
83195 5
83197 5
83199 0
83200 1
83201 4
83209 2
83210 3
83211 5
83212 5
83214 1
83215 0
83216 4
83224 2
83226 3
83227 5
83228 1
83230 0
83231 4
83239 2
83242 1
83242 3
83242 4
83245 0
83254 2
83255 3
83256 5
83257 5
83259 1
83260 0
83261 4
83269 2
83271 3
83272 5
83273 1
83275 0
83276 4
83284 2
83287 1
83287 3
83287 5
83290 0
83299 2
83301 1
83302 5
83303 3
83305 0
83314 2
83315 1
83315 5
83317 5
83319 3
83320 0
83329 2
83330 1
83330 5
83332 5
83334 3
83335 0
83344 1
83344 2
83347 4
83350 0
83350 3
83360 1
83360 2
83362 4
83364 0
83364 3
83375 2
83376 1
83376 5
83377 5
83378 3
83379 0
83390 1
83390 2
83392 5
83394 0
83394 3
83404 1
83405 2
83405 4
83407 5
83409 0
83410 3
83418 1
83419 4
83420 2
83422 5
83424 0
83426 3
83433 1
83434 4
83436 2
83437 5
83438 0
83441 3
83447 1
83448 4
83451 2
83452 4
83453 0
83457 3
83463 1
83464 4
83467 0
83467 2
83467 5
83471 3
83477 1
83478 4
83482 0
83482 2
83482 4
83487 3
83493 1
83494 4
83496 0
83497 5
83498 2
83501 3
83502 5
83507 1
83508 4
83511 0
83512 4
83513 2
83517 3
83518 5
83523 1
83524 4
83526 0
83527 4
83528 2
83531 3
83532 5
83538 1
83539 4
83540 0
83542 5
83544 2
83546 3
83547 5
83552 1
83553 4
83555 0
83557 4
83559 2
83562 3
83563 5
83568 1
83569 0
83569 4
83572 4
83575 2
83576 3
83577 5
83584 0
83584 1
83585 4
83587 4
83590 2
83590 3
83591 5
83599 0
83600 1
83601 4
83602 4
83604 3
83605 2
83606 5
83613 0
83616 1
83617 4
83618 3
83621 2
83622 5
