6427 0
6427 1
6427 2
6427 3
6427 4
6441 3
6442 0
6442 2
6442 5
6443 1
6457 0
6457 1
6457 2
6457 3
6457 5
6471 1
6472 0
6472 2
6472 4
6473 3
6487 0
6487 1
6487 2
6487 3
6487 4
6501 3
6502 0
6502 2
6502 5
6503 1
6517 0
6517 1
6517 2
6517 3
6517 4
6531 3
6532 0
6532 2
6532 5
6533 1
6547 0
6547 1
6547 2
6547 3
6547 4
6561 3
6562 0
6562 2
6562 5
6563 1
6577 0
6577 1
6577 2
6577 3
6577 4
6591 3
6592 0
6592 2
6592 5
6593 1
6607 0
6607 1
6607 2
6607 3
6607 5
6621 1
6622 0
6622 2
6622 5
6623 3
6635 1
6637 0
6637 2
6637 5
6639 3
6649 1
6652 0
6652 2
6652 4
6655 3
6665 1
6667 0
6667 2
6667 4
6669 3
6681 1
6682 0
6682 2
6682 5
6683 3
6695 1
6697 0
6697 2
6697 4
6699 3
6711 0
6711 1
6712 4
6713 2
6713 3
6726 0
6727 1
6727 3
6727 4
6728 2
6741 0
6741 3
6742 4
6743 1
6743 2
6755 3
6756 0
6757 4
6758 2
6759 1
6769 3
6772 0
6772 2
6772 5
6775 1
6785 3
6787 0
6787 2
6787 4
6789 1
6799 3
6802 0
6802 2
6802 5
6805 1
6815 3
6817 0
6817 2
6817 4
6819 1
6829 3
6832 0
6832 2
6832 4
6835 1
6843 3
6846 2
6847 4
6848 0
6851 1
6857 3
6861 2
6862 4
6863 0
6867 1
6871 3
6875 2
6877 5
6879 0
6883 1
6887 3
6890 2
6892 4
6894 0
6897 1
6901 3
6904 2
6907 5
6910 0
6913 1
6917 3
6919 2
6922 5
6925 0
6927 1
6932 3
6933 2
6937 5
6941 0
6942 1
