31822 0
31822 1
31822 2
31822 3
31822 4
31836 3
31837 0
31837 2
31837 5
31838 1
31852 0
31852 1
31852 2
31852 3
31852 5
31866 1
31867 0
31867 2
31867 4
31868 3
31882 0
31882 1
31882 2
31882 3
31882 5
31896 1
31897 0
31897 2
31897 4
31898 3
31912 0
31912 1
31912 2
31912 3
31912 5
31926 1
31927 0
31927 2
31927 5
31928 3
31940 1
31942 0
31942 2
31942 5
31944 3
31954 1
31957 0
31957 2
31957 4
31960 3
31970 1
31972 0
31972 2
31972 4
31974 3
31986 1
31987 0
31987 2
31987 4
31988 3
32002 0
32002 1
32002 2
32002 3
32002 4
32016 3
32017 0
32017 2
32017 4
32018 1
32030 3
32032 0
32032 2
32032 5
32034 1
32046 3
32047 0
32047 2
32047 5
32048 1
32062 0
32062 1
32062 2
32062 3
32062 5
32076 1
32077 0
32077 2
32077 4
32078 3
32092 0
32092 1
32092 2
32092 3
32092 5
32106 1
32107 0
32107 2
32107 5
32108 3
32120 1
32122 0
32122 2
32122 4
32124 3
32136 1
32137 0
32137 2
32137 4
32138 3
32152 0
32152 1
32152 2
32152 3
32152 5
32166 1
32167 0
32167 2
32167 5
32168 3
32180 1
32181 0
32182 4
32183 2
32184 3
32196 0
32196 1
32197 4
32198 2
32198 3
32211 0
32212 1
32212 3
32212 4
32212 5
32213 2
32226 0
32226 1
32227 4
32228 2
32228 3
32241 0
32242 1
32242 3
32242 4
32243 2
32256 0
32256 3
32257 4
32258 1
32258 2
32270 3
32271 0
32272 5
32273 2
32274 1
32286 0
32286 3
32287 4
32288 1
32288 2
32300 3
32301 0
32302 4
32303 2
32304 1
32314 3
32317 0
32317 2
32317 5
32320 1
32330 3
32332 0
32332 2
32332 5
32334 1
32346 3
32347 0
32347 2
32347 4
32348 1
32360 3
32362 0
32362 2
32362 4
32364 1
32374 3
32377 0
32377 2
32377 5
32380 1
32390 3
32392 0
32392 2
32392 4
32394 1
32404 3
32406 2
32407 5
32408 0
32410 1
32411 4
32420 3
32421 2
32422 5
32423 0
32424 1
32425 4
32436 2
32436 3
32437 4
32438 0
32438 1
32450 3
32451 2
32452 4
32453 0
32454 1
32455 4
32464 3
32466 2
32467 5
32468 0
32470 1
32471 4
32480 3
32481 2
32482 4
32483 0
32484 1
32485 4
32494 3
32495 2
32497 4
32499 0
32500 1
32501 4
32508 3
32510 2
32512 5
32514 0
32516 1
32517 4
32524 3
32525 2
32527 4
32529 0
32530 1
32531 4
32538 3
32539 2
32542 5
32545 0
32546 1
32547 4
32553 3
32554 2
32557 5
32560 0
32561 1
32562 4
32569 2
32569 3
32572 5
32575 0
32575 1
32576 4
32583 2
32585 3
32587 5
32589 1
32591 0
32592 4
