825 tensor([[ 0.0514,  0.0514],
        [ 0.0208,  0.0671],
        [-0.0661, -0.0400],
        [-0.0513, -0.0643]], device='cuda:0')
826 tensor([[ 0.0513,  0.0515],
        [ 0.0207,  0.0672],
        [-0.0661, -0.0401],
        [-0.0512, -0.0643]], device='cuda:0')
827 tensor([[ 0.0513,  0.0515],
        [ 0.0207,  0.0672],
        [-0.0660, -0.0401],
        [-0.0511, -0.0643]], device='cuda:0')
828 tensor([[ 0.0513,  0.0515],
        [ 0.0206,  0.0672],
        [-0.0660, -0.0401],
        [-0.0511, -0.0643]], device='cuda:0')
829 tensor([[ 0.0512,  0.0516],
        [ 0.0205,  0.0672],
        [-0.0660, -0.0402],
        [-0.0510, -0.0643]], device='cuda:0')
830 tensor([[ 0.0512,  0.0516],
        [ 0.0205,  0.0672],
        [-0.0659, -0.0402],
        [-0.0509, -0.0643]], device='cuda:0')
831 tensor([[ 0.0512,  0.0517],
        [ 0.0204,  0.0672],
        [-0.0659, -0.0403],
        [-0.0509, -0.0643]], device='cuda:0')
832 tensor([[ 0.0511,  0.0517],
        [ 0.0203,  0.0672],
        [-0.0659, -0.0403],
        [-0.0508, -0.0643]], device='cuda:0')
833 tensor([[ 0.0511,  0.0517],
        [ 0.0203,  0.0672],
        [-0.0658, -0.0404],
        [-0.0507, -0.0644]], device='cuda:0')
834 tensor([[ 0.0511,  0.0518],
        [ 0.0202,  0.0672],
        [-0.0658, -0.0404],
        [-0.0507, -0.0644]], device='cuda:0')
835 tensor([[ 0.0510,  0.0518],
        [ 0.0202,  0.0672],
        [-0.0658, -0.0404],
        [-0.0506, -0.0644]], device='cuda:0')
836 tensor([[ 0.0510,  0.0518],
        [ 0.0201,  0.0672],
        [-0.0657, -0.0405],
        [-0.0506, -0.0644]], device='cuda:0')
837 tensor([[ 0.0510,  0.0519],
        [ 0.0201,  0.0672],
        [-0.0657, -0.0405],
        [-0.0505, -0.0644]], device='cuda:0')
838 tensor([[ 0.0509,  0.0519],
        [ 0.0200,  0.0672],
        [-0.0657, -0.0406],
        [-0.0504, -0.0644]], device='cuda:0')
839 tensor([[ 0.0509,  0.0519],
        [ 0.0199,  0.0672],
        [-0.0656, -0.0406],
        [-0.0504, -0.0644]], device='cuda:0')
840 tensor([[ 0.0509,  0.0520],
        [ 0.0199,  0.0672],
        [-0.0656, -0.0406],
        [-0.0503, -0.0644]], device='cuda:0')
841 tensor([[ 0.0509,  0.0520],
        [ 0.0198,  0.0672],
        [-0.0656, -0.0407],
        [-0.0503, -0.0644]], device='cuda:0')
842 tensor([[ 0.0508,  0.0520],
        [ 0.0198,  0.0672],
        [-0.0655, -0.0407],
        [-0.0502, -0.0644]], device='cuda:0')
843 tensor([[ 0.0508,  0.0521],
        [ 0.0197,  0.0672],
        [-0.0655, -0.0407],
        [-0.0501, -0.0645]], device='cuda:0')
844 tensor([[ 0.0508,  0.0521],
        [ 0.0197,  0.0672],
        [-0.0655, -0.0408],
        [-0.0501, -0.0645]], device='cuda:0')
845 tensor([[ 0.0507,  0.0521],
        [ 0.0196,  0.0672],
        [-0.0655, -0.0408],
        [-0.0500, -0.0645]], device='cuda:0')
846 tensor([[ 0.0507,  0.0522],
        [ 0.0196,  0.0672],
        [-0.0654, -0.0409],
        [-0.0500, -0.0645]], device='cuda:0')
847 tensor([[ 0.0507,  0.0522],
        [ 0.0195,  0.0672],
        [-0.0654, -0.0409],
        [-0.0499, -0.0645]], device='cuda:0')
848 tensor([[ 0.0507,  0.0523],
        [ 0.0195,  0.0673],
        [-0.0654, -0.0409],
        [-0.0498, -0.0645]], device='cuda:0')
849 tensor([[ 0.0506,  0.0523],
        [ 0.0194,  0.0673],
        [-0.0653, -0.0410],
        [-0.0497, -0.0645]], device='cuda:0')
850 tensor([[ 0.0506,  0.0523],
        [ 0.0193,  0.0673],
        [-0.0653, -0.0410],
        [-0.0496, -0.0645]], device='cuda:0')
851 tensor([[ 0.0506,  0.0524],
        [ 0.0192,  0.0673],
        [-0.0653, -0.0410],
        [-0.0495, -0.0645]], device='cuda:0')
852 tensor([[ 0.0505,  0.0524],
        [ 0.0191,  0.0673],
        [-0.0653, -0.0411],
        [-0.0495, -0.0645]], device='cuda:0')
853 tensor([[ 0.0505,  0.0524],
        [ 0.0190,  0.0673],
        [-0.0652, -0.0411],
        [-0.0494, -0.0645]], device='cuda:0')
854 tensor([[ 0.0505,  0.0525],
        [ 0.0189,  0.0673],
        [-0.0652, -0.0412],
        [-0.0493, -0.0646]], device='cuda:0')
855 tensor([[ 0.0505,  0.0525],
        [ 0.0188,  0.0673],
        [-0.0652, -0.0412],
        [-0.0492, -0.0646]], device='cuda:0')
856 tensor([[ 0.0504,  0.0525],
        [ 0.0188,  0.0673],
        [-0.0651, -0.0412],
        [-0.0491, -0.0646]], device='cuda:0')
857 tensor([[ 0.0504,  0.0525],
        [ 0.0187,  0.0673],
        [-0.0651, -0.0413],
        [-0.0490, -0.0646]], device='cuda:0')
858 tensor([[ 0.0504,  0.0526],
        [ 0.0186,  0.0673],
        [-0.0651, -0.0413],
        [-0.0489, -0.0646]], device='cuda:0')
859 tensor([[ 0.0504,  0.0526],
        [ 0.0185,  0.0673],
        [-0.0651, -0.0413],
        [-0.0488, -0.0646]], device='cuda:0')
860 tensor([[ 0.0503,  0.0526],
        [ 0.0184,  0.0673],
        [-0.0650, -0.0414],
        [-0.0487, -0.0646]], device='cuda:0')
861 tensor([[ 0.0503,  0.0527],
        [ 0.0183,  0.0673],
        [-0.0650, -0.0414],
        [-0.0486, -0.0646]], device='cuda:0')
862 tensor([[ 0.0503,  0.0527],
        [ 0.0183,  0.0673],
        [-0.0650, -0.0414],
        [-0.0486, -0.0646]], device='cuda:0')
863 tensor([[ 0.0503,  0.0527],
        [ 0.0182,  0.0673],
        [-0.0650, -0.0415],
        [-0.0485, -0.0646]], device='cuda:0')
864 tensor([[ 0.0502,  0.0528],
        [ 0.0181,  0.0673],
        [-0.0649, -0.0415],
        [-0.0484, -0.0646]], device='cuda:0')
865 tensor([[ 0.0502,  0.0528],
        [ 0.0180,  0.0673],
        [-0.0649, -0.0415],
        [-0.0483, -0.0645]], device='cuda:0')
866 tensor([[ 0.0502,  0.0529],
        [ 0.0179,  0.0673],
        [-0.0649, -0.0415],
        [-0.0483, -0.0645]], device='cuda:0')
867 tensor([[ 0.0501,  0.0529],
        [ 0.0178,  0.0673],
        [-0.0649, -0.0416],
        [-0.0482, -0.0645]], device='cuda:0')
868 tensor([[ 0.0501,  0.0529],
        [ 0.0177,  0.0672],
        [-0.0649, -0.0416],
        [-0.0481, -0.0644]], device='cuda:0')
869 tensor([[ 0.0501,  0.0530],
        [ 0.0177,  0.0672],
        [-0.0648, -0.0416],
        [-0.0480, -0.0644]], device='cuda:0')
870 tensor([[ 0.0500,  0.0530],
        [ 0.0176,  0.0672],
        [-0.0648, -0.0417],
        [-0.0479, -0.0644]], device='cuda:0')
871 tensor([[ 0.0500,  0.0530],
        [ 0.0175,  0.0672],
        [-0.0648, -0.0417],
        [-0.0479, -0.0644]], device='cuda:0')
872 tensor([[ 0.0500,  0.0531],
        [ 0.0174,  0.0671],
        [-0.0648, -0.0417],
        [-0.0478, -0.0643]], device='cuda:0')
873 tensor([[ 0.0500,  0.0531],
        [ 0.0173,  0.0671],
        [-0.0648, -0.0417],
        [-0.0477, -0.0643]], device='cuda:0')
874 tensor([[ 0.0499,  0.0531],
        [ 0.0172,  0.0671],
        [-0.0647, -0.0418],
        [-0.0476, -0.0643]], device='cuda:0')
875 tensor([[ 0.0499,  0.0532],
        [ 0.0172,  0.0671],
        [-0.0647, -0.0418],
        [-0.0476, -0.0642]], device='cuda:0')
876 tensor([[ 0.0499,  0.0532],
        [ 0.0171,  0.0671],
        [-0.0647, -0.0418],
        [-0.0475, -0.0642]], device='cuda:0')
877 tensor([[ 0.0498,  0.0532],
        [ 0.0170,  0.0670],
        [-0.0647, -0.0418],
        [-0.0474, -0.0642]], device='cuda:0')
878 tensor([[ 0.0498,  0.0533],
        [ 0.0169,  0.0670],
        [-0.0647, -0.0419],
        [-0.0474, -0.0641]], device='cuda:0')
879 tensor([[ 0.0498,  0.0533],
        [ 0.0168,  0.0670],
        [-0.0646, -0.0419],
        [-0.0473, -0.0641]], device='cuda:0')
880 tensor([[ 0.0498,  0.0533],
        [ 0.0168,  0.0669],
        [-0.0646, -0.0419],
        [-0.0472, -0.0640]], device='cuda:0')
881 tensor([[ 0.0497,  0.0534],
        [ 0.0167,  0.0669],
        [-0.0646, -0.0419],
        [-0.0471, -0.0639]], device='cuda:0')
882 tensor([[ 0.0497,  0.0534],
        [ 0.0166,  0.0668],
        [-0.0646, -0.0420],
        [-0.0471, -0.0639]], device='cuda:0')
883 tensor([[ 0.0497,  0.0534],
        [ 0.0165,  0.0667],
        [-0.0646, -0.0420],
        [-0.0470, -0.0638]], device='cuda:0')
884 tensor([[ 0.0496,  0.0535],
        [ 0.0165,  0.0667],
        [-0.0646, -0.0420],
        [-0.0469, -0.0637]], device='cuda:0')
885 tensor([[ 0.0496,  0.0535],
        [ 0.0164,  0.0666],
        [-0.0645, -0.0420],
        [-0.0469, -0.0637]], device='cuda:0')
886 tensor([[ 0.0496,  0.0535],
        [ 0.0163,  0.0666],
        [-0.0645, -0.0421],
        [-0.0468, -0.0636]], device='cuda:0')
887 tensor([[ 0.0496,  0.0536],
        [ 0.0162,  0.0665],
        [-0.0645, -0.0421],
        [-0.0467, -0.0636]], device='cuda:0')
888 tensor([[ 0.0495,  0.0536],
        [ 0.0161,  0.0665],
        [-0.0645, -0.0421],
        [-0.0467, -0.0635]], device='cuda:0')
889 tensor([[ 0.0495,  0.0536],
        [ 0.0161,  0.0664],
        [-0.0645, -0.0421],
        [-0.0466, -0.0634]], device='cuda:0')
890 tensor([[ 0.0495,  0.0537],
        [ 0.0160,  0.0664],
        [-0.0644, -0.0422],
        [-0.0465, -0.0634]], device='cuda:0')
891 tensor([[ 0.0494,  0.0537],
        [ 0.0159,  0.0663],
        [-0.0644, -0.0422],
        [-0.0465, -0.0633]], device='cuda:0')
892 tensor([[ 0.0494,  0.0537],
        [ 0.0158,  0.0663],
        [-0.0644, -0.0422],
        [-0.0464, -0.0632]], device='cuda:0')
893 tensor([[ 0.0494,  0.0538],
        [ 0.0158,  0.0662],
        [-0.0644, -0.0422],
        [-0.0463, -0.0632]], device='cuda:0')
894 tensor([[ 0.0494,  0.0538],
        [ 0.0157,  0.0662],
        [-0.0644, -0.0423],
        [-0.0463, -0.0631]], device='cuda:0')
895 tensor([[ 0.0493,  0.0538],
        [ 0.0156,  0.0661],
        [-0.0644, -0.0423],
        [-0.0462, -0.0631]], device='cuda:0')
896 tensor([[ 0.0493,  0.0539],
        [ 0.0155,  0.0661],
        [-0.0643, -0.0423],
        [-0.0461, -0.0630]], device='cuda:0')
897 tensor([[ 0.0493,  0.0539],
        [ 0.0155,  0.0660],
        [-0.0643, -0.0423],
        [-0.0461, -0.0630]], device='cuda:0')
898 tensor([[ 0.0493,  0.0539],
        [ 0.0154,  0.0660],
        [-0.0643, -0.0423],
        [-0.0460, -0.0629]], device='cuda:0')
899 tensor([[ 0.0492,  0.0540],
        [ 0.0153,  0.0659],
        [-0.0643, -0.0424],
        [-0.0459, -0.0628]], device='cuda:0')
900 tensor([[ 0.0492,  0.0540],
        [ 0.0153,  0.0659],
        [-0.0643, -0.0424],
        [-0.0459, -0.0628]], device='cuda:0')
901 tensor([[ 0.0492,  0.0540],
        [ 0.0152,  0.0658],
        [-0.0643, -0.0424],
        [-0.0458, -0.0627]], device='cuda:0')
902 tensor([[ 0.0492,  0.0541],
        [ 0.0151,  0.0658],
        [-0.0643, -0.0424],
        [-0.0457, -0.0627]], device='cuda:0')
903 tensor([[ 0.0491,  0.0541],
        [ 0.0150,  0.0657],
        [-0.0642, -0.0425],
        [-0.0457, -0.0626]], device='cuda:0')
904 tensor([[ 0.0491,  0.0541],
        [ 0.0150,  0.0657],
        [-0.0642, -0.0425],
        [-0.0456, -0.0626]], device='cuda:0')
905 tensor([[ 0.0491,  0.0541],
        [ 0.0149,  0.0656],
        [-0.0642, -0.0425],
        [-0.0456, -0.0625]], device='cuda:0')
906 tensor([[ 0.0491,  0.0542],
        [ 0.0148,  0.0656],
        [-0.0642, -0.0425],
        [-0.0455, -0.0625]], device='cuda:0')
907 tensor([[ 0.0490,  0.0542],
        [ 0.0148,  0.0655],
        [-0.0642, -0.0425],
        [-0.0454, -0.0624]], device='cuda:0')
908 tensor([[ 0.0490,  0.0542],
        [ 0.0147,  0.0655],
        [-0.0642, -0.0426],
        [-0.0454, -0.0623]], device='cuda:0')
909 tensor([[ 0.0490,  0.0543],
        [ 0.0146,  0.0655],
        [-0.0641, -0.0426],
        [-0.0453, -0.0623]], device='cuda:0')
910 tensor([[ 0.0490,  0.0543],
        [ 0.0146,  0.0655],
        [-0.0641, -0.0426],
        [-0.0452, -0.0623]], device='cuda:0')
911 tensor([[ 0.0489,  0.0543],
        [ 0.0145,  0.0655],
        [-0.0641, -0.0426],
        [-0.0452, -0.0623]], device='cuda:0')
912 tensor([[ 0.0489,  0.0543],
        [ 0.0144,  0.0655],
        [-0.0641, -0.0426],
        [-0.0451, -0.0623]], device='cuda:0')
913 tensor([[ 0.0489,  0.0544],
        [ 0.0144,  0.0655],
        [-0.0641, -0.0427],
        [-0.0451, -0.0623]], device='cuda:0')
914 tensor([[ 0.0489,  0.0544],
        [ 0.0143,  0.0655],
        [-0.0641, -0.0427],
        [-0.0450, -0.0622]], device='cuda:0')
915 tensor([[ 0.0488,  0.0544],
        [ 0.0142,  0.0654],
        [-0.0641, -0.0427],
        [-0.0450, -0.0622]], device='cuda:0')
916 tensor([[ 0.0488,  0.0545],
        [ 0.0142,  0.0654],
        [-0.0640, -0.0427],
        [-0.0449, -0.0622]], device='cuda:0')
917 tensor([[ 0.0488,  0.0545],
        [ 0.0141,  0.0654],
        [-0.0640, -0.0428],
        [-0.0448, -0.0622]], device='cuda:0')
918 tensor([[ 0.0488,  0.0545],
        [ 0.0140,  0.0654],
        [-0.0640, -0.0428],
        [-0.0448, -0.0622]], device='cuda:0')
919 tensor([[ 0.0487,  0.0545],
        [ 0.0140,  0.0654],
        [-0.0640, -0.0428],
        [-0.0447, -0.0622]], device='cuda:0')
920 tensor([[ 0.0487,  0.0546],
        [ 0.0139,  0.0654],
        [-0.0640, -0.0428],
        [-0.0447, -0.0621]], device='cuda:0')
921 tensor([[ 0.0487,  0.0546],
        [ 0.0138,  0.0654],
        [-0.0640, -0.0428],
        [-0.0446, -0.0621]], device='cuda:0')
922 tensor([[ 0.0487,  0.0546],
        [ 0.0138,  0.0654],
        [-0.0639, -0.0429],
        [-0.0445, -0.0621]], device='cuda:0')
923 tensor([[ 0.0487,  0.0547],
        [ 0.0138,  0.0654],
        [-0.0639, -0.0429],
        [-0.0445, -0.0621]], device='cuda:0')
924 tensor([[ 0.0486,  0.0547],
        [ 0.0137,  0.0653],
        [-0.0639, -0.0429],
        [-0.0444, -0.0621]], device='cuda:0')
925 tensor([[ 0.0486,  0.0547],
        [ 0.0137,  0.0653],
        [-0.0639, -0.0429],
        [-0.0444, -0.0621]], device='cuda:0')
926 tensor([[ 0.0486,  0.0547],
        [ 0.0137,  0.0653],
        [-0.0639, -0.0430],
        [-0.0444, -0.0621]], device='cuda:0')
927 tensor([[ 0.0486,  0.0547],
        [ 0.0137,  0.0653],
        [-0.0638, -0.0430],
        [-0.0443, -0.0621]], device='cuda:0')
928 tensor([[ 0.0486,  0.0548],
        [ 0.0136,  0.0653],
        [-0.0638, -0.0430],
        [-0.0443, -0.0620]], device='cuda:0')
929 tensor([[ 0.0486,  0.0548],
        [ 0.0136,  0.0653],
        [-0.0638, -0.0430],
        [-0.0443, -0.0620]], device='cuda:0')
930 tensor([[ 0.0485,  0.0548],
        [ 0.0136,  0.0652],
        [-0.0638, -0.0431],
        [-0.0443, -0.0620]], device='cuda:0')
931 tensor([[ 0.0485,  0.0548],
        [ 0.0136,  0.0652],
        [-0.0638, -0.0431],
        [-0.0442, -0.0620]], device='cuda:0')
932 tensor([[ 0.0485,  0.0548],
        [ 0.0135,  0.0652],
        [-0.0638, -0.0431],
        [-0.0442, -0.0620]], device='cuda:0')
933 tensor([[ 0.0485,  0.0549],
        [ 0.0135,  0.0652],
        [-0.0637, -0.0431],
        [-0.0442, -0.0620]], device='cuda:0')
934 tensor([[ 0.0485,  0.0549],
        [ 0.0135,  0.0652],
        [-0.0637, -0.0432],
        [-0.0441, -0.0620]], device='cuda:0')
935 tensor([[ 0.0485,  0.0549],
        [ 0.0135,  0.0652],
        [-0.0637, -0.0432],
        [-0.0441, -0.0620]], device='cuda:0')
936 tensor([[ 0.0484,  0.0549],
        [ 0.0135,  0.0652],
        [-0.0637, -0.0432],
        [-0.0441, -0.0620]], device='cuda:0')
937 tensor([[ 0.0484,  0.0549],
        [ 0.0134,  0.0651],
        [-0.0637, -0.0432],
        [-0.0441, -0.0620]], device='cuda:0')
938 tensor([[ 0.0484,  0.0550],
        [ 0.0134,  0.0651],
        [-0.0636, -0.0432],
        [-0.0440, -0.0619]], device='cuda:0')
939 tensor([[ 0.0484,  0.0550],
        [ 0.0135,  0.0651],
        [-0.0636, -0.0433],
        [-0.0440, -0.0619]], device='cuda:0')
940 tensor([[ 0.0484,  0.0550],
        [ 0.0135,  0.0651],
        [-0.0636, -0.0433],
        [-0.0440, -0.0619]], device='cuda:0')
941 tensor([[ 0.0484,  0.0550],
        [ 0.0135,  0.0651],
        [-0.0636, -0.0433],
        [-0.0441, -0.0619]], device='cuda:0')
942 tensor([[ 0.0483,  0.0550],
        [ 0.0135,  0.0651],
        [-0.0636, -0.0433],
        [-0.0441, -0.0619]], device='cuda:0')
943 tensor([[ 0.0483,  0.0550],
        [ 0.0135,  0.0650],
        [-0.0635, -0.0434],
        [-0.0441, -0.0619]], device='cuda:0')
944 tensor([[ 0.0483,  0.0551],
        [ 0.0135,  0.0650],
        [-0.0635, -0.0434],
        [-0.0441, -0.0619]], device='cuda:0')
945 tensor([[ 0.0483,  0.0551],
        [ 0.0135,  0.0650],
        [-0.0635, -0.0434],
        [-0.0441, -0.0619]], device='cuda:0')
946 tensor([[ 0.0483,  0.0551],
        [ 0.0136,  0.0650],
        [-0.0635, -0.0434],
        [-0.0441, -0.0619]], device='cuda:0')
947 tensor([[ 0.0483,  0.0551],
        [ 0.0136,  0.0650],
        [-0.0635, -0.0435],
        [-0.0441, -0.0619]], device='cuda:0')
948 tensor([[ 0.0483,  0.0551],
        [ 0.0136,  0.0650],
        [-0.0635, -0.0435],
        [-0.0441, -0.0619]], device='cuda:0')
949 tensor([[ 0.0482,  0.0552],
        [ 0.0136,  0.0650],
        [-0.0634, -0.0435],
        [-0.0441, -0.0619]], device='cuda:0')
950 tensor([[ 0.0482,  0.0552],
        [ 0.0136,  0.0649],
        [-0.0634, -0.0435],
        [-0.0441, -0.0618]], device='cuda:0')
951 tensor([[ 0.0482,  0.0552],
        [ 0.0136,  0.0649],
        [-0.0634, -0.0435],
        [-0.0441, -0.0618]], device='cuda:0')
952 tensor([[ 0.0482,  0.0552],
        [ 0.0136,  0.0649],
        [-0.0634, -0.0436],
        [-0.0441, -0.0618]], device='cuda:0')
953 tensor([[ 0.0482,  0.0552],
        [ 0.0136,  0.0649],
        [-0.0634, -0.0436],
        [-0.0442, -0.0618]], device='cuda:0')
954 tensor([[ 0.0482,  0.0553],
        [ 0.0137,  0.0649],
        [-0.0634, -0.0436],
        [-0.0442, -0.0618]], device='cuda:0')
955 tensor([[ 0.0481,  0.0553],
        [ 0.0137,  0.0649],
        [-0.0633, -0.0436],
        [-0.0442, -0.0618]], device='cuda:0')
956 tensor([[ 0.0481,  0.0553],
        [ 0.0137,  0.0649],
        [-0.0633, -0.0436],
        [-0.0442, -0.0618]], device='cuda:0')
957 tensor([[ 0.0481,  0.0553],
        [ 0.0137,  0.0649],
        [-0.0633, -0.0437],
        [-0.0442, -0.0618]], device='cuda:0')
958 tensor([[ 0.0481,  0.0553],
        [ 0.0137,  0.0648],
        [-0.0633, -0.0437],
        [-0.0442, -0.0617]], device='cuda:0')
959 tensor([[ 0.0481,  0.0554],
        [ 0.0137,  0.0648],
        [-0.0633, -0.0437],
        [-0.0442, -0.0617]], device='cuda:0')
960 tensor([[ 0.0481,  0.0554],
        [ 0.0137,  0.0648],
        [-0.0633, -0.0437],
        [-0.0443, -0.0617]], device='cuda:0')
961 tensor([[ 0.0480,  0.0554],
        [ 0.0137,  0.0648],
        [-0.0633, -0.0437],
        [-0.0443, -0.0617]], device='cuda:0')
962 tensor([[ 0.0480,  0.0554],
        [ 0.0137,  0.0648],
        [-0.0633, -0.0437],
        [-0.0443, -0.0617]], device='cuda:0')
963 tensor([[ 0.0480,  0.0555],
        [ 0.0137,  0.0648],
        [-0.0633, -0.0437],
        [-0.0443, -0.0617]], device='cuda:0')
964 tensor([[ 0.0480,  0.0555],
        [ 0.0137,  0.0648],
        [-0.0632, -0.0438],
        [-0.0443, -0.0617]], device='cuda:0')
965 tensor([[ 0.0480,  0.0555],
        [ 0.0137,  0.0648],
        [-0.0632, -0.0438],
        [-0.0443, -0.0616]], device='cuda:0')
966 tensor([[ 0.0479,  0.0555],
        [ 0.0137,  0.0648],
        [-0.0632, -0.0438],
        [-0.0443, -0.0616]], device='cuda:0')
967 tensor([[ 0.0479,  0.0555],
        [ 0.0137,  0.0648],
        [-0.0632, -0.0438],
        [-0.0443, -0.0616]], device='cuda:0')
968 tensor([[ 0.0479,  0.0556],
        [ 0.0138,  0.0647],
        [-0.0632, -0.0438],
        [-0.0444, -0.0616]], device='cuda:0')
969 tensor([[ 0.0479,  0.0556],
        [ 0.0138,  0.0647],
        [-0.0632, -0.0439],
        [-0.0444, -0.0616]], device='cuda:0')
970 tensor([[ 0.0479,  0.0556],
        [ 0.0139,  0.0647],
        [-0.0632, -0.0439],
        [-0.0444, -0.0616]], device='cuda:0')
971 tensor([[ 0.0479,  0.0556],
        [ 0.0139,  0.0647],
        [-0.0631, -0.0439],
        [-0.0445, -0.0616]], device='cuda:0')
972 tensor([[ 0.0479,  0.0556],
        [ 0.0140,  0.0647],
        [-0.0631, -0.0439],
        [-0.0445, -0.0616]], device='cuda:0')
973 tensor([[ 0.0479,  0.0556],
        [ 0.0140,  0.0647],
        [-0.0631, -0.0439],
        [-0.0446, -0.0615]], device='cuda:0')
974 tensor([[ 0.0478,  0.0557],
        [ 0.0141,  0.0647],
        [-0.0631, -0.0439],
        [-0.0446, -0.0615]], device='cuda:0')
975 tensor([[ 0.0478,  0.0557],
        [ 0.0141,  0.0646],
        [-0.0631, -0.0440],
        [-0.0447, -0.0615]], device='cuda:0')
976 tensor([[ 0.0478,  0.0557],
        [ 0.0142,  0.0646],
        [-0.0631, -0.0440],
        [-0.0447, -0.0615]], device='cuda:0')
977 tensor([[ 0.0478,  0.0557],
        [ 0.0142,  0.0646],
        [-0.0631, -0.0440],
        [-0.0448, -0.0615]], device='cuda:0')
978 tensor([[ 0.0478,  0.0557],
        [ 0.0143,  0.0646],
        [-0.0630, -0.0440],
        [-0.0448, -0.0615]], device='cuda:0')
979 tensor([[ 0.0478,  0.0557],
        [ 0.0143,  0.0646],
        [-0.0630, -0.0440],
        [-0.0448, -0.0615]], device='cuda:0')
980 tensor([[ 0.0478,  0.0557],
        [ 0.0144,  0.0646],
        [-0.0630, -0.0441],
        [-0.0449, -0.0615]], device='cuda:0')
981 tensor([[ 0.0478,  0.0558],
        [ 0.0144,  0.0646],
        [-0.0630, -0.0441],
        [-0.0449, -0.0615]], device='cuda:0')
982 tensor([[ 0.0477,  0.0558],
        [ 0.0145,  0.0645],
        [-0.0630, -0.0441],
        [-0.0450, -0.0615]], device='cuda:0')
983 tensor([[ 0.0477,  0.0558],
        [ 0.0145,  0.0645],
        [-0.0630, -0.0441],
        [-0.0450, -0.0615]], device='cuda:0')
984 tensor([[ 0.0477,  0.0558],
        [ 0.0146,  0.0645],
        [-0.0630, -0.0441],
        [-0.0451, -0.0614]], device='cuda:0')
985 tensor([[ 0.0477,  0.0558],
        [ 0.0146,  0.0645],
        [-0.0630, -0.0441],
        [-0.0451, -0.0614]], device='cuda:0')
986 tensor([[ 0.0477,  0.0559],
        [ 0.0146,  0.0645],
        [-0.0629, -0.0442],
        [-0.0452, -0.0614]], device='cuda:0')
987 tensor([[ 0.0477,  0.0559],
        [ 0.0147,  0.0645],
        [-0.0629, -0.0442],
        [-0.0452, -0.0614]], device='cuda:0')
988 tensor([[ 0.0476,  0.0559],
        [ 0.0147,  0.0645],
        [-0.0629, -0.0442],
        [-0.0453, -0.0614]], device='cuda:0')
989 tensor([[ 0.0476,  0.0559],
        [ 0.0148,  0.0645],
        [-0.0629, -0.0442],
        [-0.0453, -0.0614]], device='cuda:0')
990 tensor([[ 0.0476,  0.0559],
        [ 0.0148,  0.0645],
        [-0.0629, -0.0442],
        [-0.0454, -0.0614]], device='cuda:0')
991 tensor([[ 0.0476,  0.0560],
        [ 0.0148,  0.0645],
        [-0.0629, -0.0442],
        [-0.0454, -0.0613]], device='cuda:0')
992 tensor([[ 0.0476,  0.0560],
        [ 0.0149,  0.0645],
        [-0.0629, -0.0442],
        [-0.0454, -0.0613]], device='cuda:0')
993 tensor([[ 0.0476,  0.0560],
        [ 0.0149,  0.0645],
        [-0.0629, -0.0442],
        [-0.0455, -0.0613]], device='cuda:0')
994 tensor([[ 0.0475,  0.0560],
        [ 0.0150,  0.0644],
        [-0.0629, -0.0443],
        [-0.0455, -0.0613]], device='cuda:0')
995 tensor([[ 0.0475,  0.0560],
        [ 0.0150,  0.0644],
        [-0.0629, -0.0443],
        [-0.0456, -0.0613]], device='cuda:0')
996 tensor([[ 0.0475,  0.0560],
        [ 0.0150,  0.0644],
        [-0.0629, -0.0443],
        [-0.0456, -0.0613]], device='cuda:0')
997 tensor([[ 0.0475,  0.0561],
        [ 0.0151,  0.0644],
        [-0.0628, -0.0443],
        [-0.0457, -0.0613]], device='cuda:0')
998 tensor([[ 0.0475,  0.0561],
        [ 0.0151,  0.0644],
        [-0.0628, -0.0443],
        [-0.0457, -0.0612]], device='cuda:0')
999 tensor([[ 0.0475,  0.0561],
        [ 0.0151,  0.0645],
        [-0.0628, -0.0443],
        [-0.0458, -0.0613]], device='cuda:0')
1000 tensor([[ 0.0474,  0.0561],
        [ 0.0152,  0.0645],
        [-0.0628, -0.0443],
        [-0.0458, -0.0613]], device='cuda:0')
1001 tensor([[ 0.0474,  0.0561],
        [ 0.0152,  0.0645],
        [-0.0628, -0.0443],
        [-0.0458, -0.0613]], device='cuda:0')
1002 tensor([[ 0.0474,  0.0562],
        [ 0.0153,  0.0646],
        [-0.0628, -0.0444],
        [-0.0459, -0.0613]], device='cuda:0')
1003 tensor([[ 0.0474,  0.0562],
        [ 0.0153,  0.0646],
        [-0.0628, -0.0444],
        [-0.0459, -0.0614]], device='cuda:0')
1004 tensor([[ 0.0474,  0.0562],
        [ 0.0153,  0.0646],
        [-0.0628, -0.0444],
        [-0.0460, -0.0614]], device='cuda:0')
1005 tensor([[ 0.0474,  0.0562],
        [ 0.0154,  0.0646],
        [-0.0628, -0.0444],
        [-0.0460, -0.0614]], device='cuda:0')
1006 tensor([[ 0.0474,  0.0562],
        [ 0.0154,  0.0647],
        [-0.0628, -0.0444],
        [-0.0461, -0.0614]], device='cuda:0')
1007 tensor([[ 0.0473,  0.0563],
        [ 0.0154,  0.0647],
        [-0.0628, -0.0444],
        [-0.0461, -0.0614]], device='cuda:0')
1008 tensor([[ 0.0473,  0.0563],
        [ 0.0155,  0.0647],
        [-0.0628, -0.0444],
        [-0.0461, -0.0615]], device='cuda:0')
1009 tensor([[ 0.0473,  0.0563],
        [ 0.0155,  0.0648],
        [-0.0627, -0.0444],
        [-0.0462, -0.0615]], device='cuda:0')
1010 tensor([[ 0.0473,  0.0563],
        [ 0.0155,  0.0648],
        [-0.0627, -0.0444],
        [-0.0462, -0.0615]], device='cuda:0')
1011 tensor([[ 0.0473,  0.0563],
        [ 0.0156,  0.0648],
        [-0.0627, -0.0445],
        [-0.0463, -0.0615]], device='cuda:0')
1012 tensor([[ 0.0473,  0.0563],
        [ 0.0156,  0.0648],
        [-0.0627, -0.0445],
        [-0.0463, -0.0616]], device='cuda:0')
1013 tensor([[ 0.0472,  0.0564],
        [ 0.0156,  0.0649],
        [-0.0627, -0.0445],
        [-0.0463, -0.0616]], device='cuda:0')
1014 tensor([[ 0.0472,  0.0564],
        [ 0.0157,  0.0649],
        [-0.0627, -0.0445],
        [-0.0464, -0.0616]], device='cuda:0')
1015 tensor([[ 0.0472,  0.0564],
        [ 0.0157,  0.0650],
        [-0.0627, -0.0445],
        [-0.0464, -0.0616]], device='cuda:0')
1016 tensor([[ 0.0472,  0.0564],
        [ 0.0157,  0.0651],
        [-0.0627, -0.0445],
        [-0.0465, -0.0617]], device='cuda:0')
1017 tensor([[ 0.0472,  0.0564],
        [ 0.0158,  0.0651],
        [-0.0627, -0.0445],
        [-0.0465, -0.0617]], device='cuda:0')
1018 tensor([[ 0.0472,  0.0564],
        [ 0.0158,  0.0652],
        [-0.0627, -0.0445],
        [-0.0466, -0.0618]], device='cuda:0')
1019 tensor([[ 0.0472,  0.0565],
        [ 0.0158,  0.0652],
        [-0.0627, -0.0445],
        [-0.0466, -0.0618]], device='cuda:0')
1020 tensor([[ 0.0471,  0.0565],
        [ 0.0159,  0.0653],
        [-0.0627, -0.0446],
        [-0.0466, -0.0619]], device='cuda:0')
1021 tensor([[ 0.0471,  0.0565],
        [ 0.0159,  0.0653],
        [-0.0627, -0.0446],
        [-0.0467, -0.0619]], device='cuda:0')
1022 tensor([[ 0.0471,  0.0565],
        [ 0.0159,  0.0654],
        [-0.0627, -0.0446],
        [-0.0467, -0.0620]], device='cuda:0')
1023 tensor([[ 0.0471,  0.0565],
        [ 0.0160,  0.0655],
        [-0.0626, -0.0446],
        [-0.0467, -0.0621]], device='cuda:0')
1024 tensor([[ 0.0471,  0.0565],
        [ 0.0160,  0.0655],
        [-0.0626, -0.0446],
        [-0.0468, -0.0621]], device='cuda:0')
1025 tensor([[ 0.0471,  0.0566],
        [ 0.0160,  0.0656],
        [-0.0626, -0.0446],
        [-0.0468, -0.0622]], device='cuda:0')
1026 tensor([[ 0.0471,  0.0566],
        [ 0.0161,  0.0656],
        [-0.0626, -0.0446],
        [-0.0469, -0.0622]], device='cuda:0')
1027 tensor([[ 0.0470,  0.0566],
        [ 0.0161,  0.0656],
        [-0.0626, -0.0446],
        [-0.0469, -0.0623]], device='cuda:0')
1028 tensor([[ 0.0470,  0.0566],
        [ 0.0161,  0.0657],
        [-0.0626, -0.0446],
        [-0.0469, -0.0623]], device='cuda:0')
1029 tensor([[ 0.0470,  0.0567],
        [ 0.0162,  0.0658],
        [-0.0626, -0.0447],
        [-0.0470, -0.0623]], device='cuda:0')
1030 tensor([[ 0.0470,  0.0568],
        [ 0.0162,  0.0659],
        [-0.0626, -0.0447],
        [-0.0470, -0.0624]], device='cuda:0')
1031 tensor([[ 0.0470,  0.0568],
        [ 0.0162,  0.0660],
        [-0.0626, -0.0448],
        [-0.0470, -0.0624]], device='cuda:0')
1032 tensor([[ 0.0470,  0.0569],
        [ 0.0163,  0.0660],
        [-0.0626, -0.0448],
        [-0.0471, -0.0625]], device='cuda:0')
1033 tensor([[ 0.0470,  0.0569],
        [ 0.0163,  0.0661],
        [-0.0626, -0.0449],
        [-0.0471, -0.0626]], device='cuda:0')
1034 tensor([[ 0.0469,  0.0570],
        [ 0.0163,  0.0662],
        [-0.0626, -0.0449],
        [-0.0472, -0.0627]], device='cuda:0')
1035 tensor([[ 0.0469,  0.0570],
        [ 0.0164,  0.0663],
        [-0.0626, -0.0450],
        [-0.0472, -0.0627]], device='cuda:0')
1036 tensor([[ 0.0469,  0.0571],
        [ 0.0164,  0.0663],
        [-0.0626, -0.0450],
        [-0.0472, -0.0628]], device='cuda:0')
1037 tensor([[ 0.0469,  0.0571],
        [ 0.0164,  0.0664],
        [-0.0626, -0.0450],
        [-0.0473, -0.0629]], device='cuda:0')
1038 tensor([[ 0.0469,  0.0572],
        [ 0.0164,  0.0665],
        [-0.0625, -0.0451],
        [-0.0473, -0.0630]], device='cuda:0')
1039 tensor([[ 0.0469,  0.0572],
        [ 0.0165,  0.0665],
        [-0.0625, -0.0451],
        [-0.0473, -0.0630]], device='cuda:0')
1040 tensor([[ 0.0469,  0.0573],
        [ 0.0165,  0.0666],
        [-0.0625, -0.0452],
        [-0.0474, -0.0631]], device='cuda:0')
1041 tensor([[ 0.0469,  0.0573],
        [ 0.0165,  0.0667],
        [-0.0625, -0.0452],
        [-0.0474, -0.0632]], device='cuda:0')
1042 tensor([[ 0.0468,  0.0574],
        [ 0.0166,  0.0667],
        [-0.0625, -0.0453],
        [-0.0474, -0.0632]], device='cuda:0')
1043 tensor([[ 0.0468,  0.0574],
        [ 0.0166,  0.0668],
        [-0.0625, -0.0453],
        [-0.0475, -0.0633]], device='cuda:0')
1044 tensor([[ 0.0468,  0.0575],
        [ 0.0166,  0.0669],
        [-0.0625, -0.0454],
        [-0.0475, -0.0633]], device='cuda:0')
1045 tensor([[ 0.0468,  0.0576],
        [ 0.0166,  0.0670],
        [-0.0625, -0.0455],
        [-0.0475, -0.0634]], device='cuda:0')
1046 tensor([[ 0.0468,  0.0577],
        [ 0.0167,  0.0671],
        [-0.0625, -0.0455],
        [-0.0476, -0.0635]], device='cuda:0')
1047 tensor([[ 0.0468,  0.0578],
        [ 0.0167,  0.0672],
        [-0.0625, -0.0456],
        [-0.0476, -0.0636]], device='cuda:0')
1048 tensor([[ 0.0468,  0.0579],
        [ 0.0167,  0.0673],
        [-0.0625, -0.0457],
        [-0.0477, -0.0636]], device='cuda:0')
1049 tensor([[ 0.0468,  0.0580],
        [ 0.0168,  0.0674],
        [-0.0625, -0.0458],
        [-0.0477, -0.0637]], device='cuda:0')
1050 tensor([[ 0.0467,  0.0580],
        [ 0.0168,  0.0675],
        [-0.0625, -0.0459],
        [-0.0477, -0.0638]], device='cuda:0')
1051 tensor([[ 0.0467,  0.0581],
        [ 0.0168,  0.0675],
        [-0.0625, -0.0459],
        [-0.0478, -0.0639]], device='cuda:0')
1052 tensor([[ 0.0467,  0.0582],
        [ 0.0168,  0.0676],
        [-0.0625, -0.0460],
        [-0.0478, -0.0640]], device='cuda:0')
1053 tensor([[ 0.0467,  0.0583],
        [ 0.0169,  0.0677],
        [-0.0625, -0.0461],
        [-0.0478, -0.0641]], device='cuda:0')
1054 tensor([[ 0.0467,  0.0584],
        [ 0.0169,  0.0678],
        [-0.0624, -0.0462],
        [-0.0478, -0.0641]], device='cuda:0')
1055 tensor([[ 0.0467,  0.0584],
        [ 0.0169,  0.0678],
        [-0.0624, -0.0462],
        [-0.0479, -0.0642]], device='cuda:0')
1056 tensor([[ 0.0467,  0.0585],
        [ 0.0170,  0.0679],
        [-0.0624, -0.0463],
        [-0.0479, -0.0643]], device='cuda:0')
1057 tensor([[ 0.0467,  0.0586],
        [ 0.0170,  0.0680],
        [-0.0624, -0.0464],
        [-0.0479, -0.0644]], device='cuda:0')
1058 tensor([[ 0.0466,  0.0587],
        [ 0.0170,  0.0681],
        [-0.0624, -0.0465],
        [-0.0480, -0.0645]], device='cuda:0')
1059 tensor([[ 0.0466,  0.0588],
        [ 0.0170,  0.0682],
        [-0.0624, -0.0466],
        [-0.0480, -0.0645]], device='cuda:0')
1060 tensor([[ 0.0466,  0.0590],
        [ 0.0171,  0.0683],
        [-0.0624, -0.0467],
        [-0.0480, -0.0646]], device='cuda:0')
1061 tensor([[ 0.0466,  0.0591],
        [ 0.0171,  0.0684],
        [-0.0624, -0.0468],
        [-0.0481, -0.0647]], device='cuda:0')
1062 tensor([[ 0.0466,  0.0592],
        [ 0.0171,  0.0685],
        [-0.0624, -0.0469],
        [-0.0481, -0.0648]], device='cuda:0')
1063 tensor([[ 0.0466,  0.0593],
        [ 0.0171,  0.0686],
        [-0.0624, -0.0470],
        [-0.0481, -0.0648]], device='cuda:0')
1064 tensor([[ 0.0466,  0.0594],
        [ 0.0172,  0.0687],
        [-0.0624, -0.0471],
        [-0.0482, -0.0649]], device='cuda:0')
1065 tensor([[ 0.0466,  0.0595],
        [ 0.0172,  0.0688],
        [-0.0624, -0.0472],
        [-0.0482, -0.0650]], device='cuda:0')
1066 tensor([[ 0.0466,  0.0596],
        [ 0.0172,  0.0688],
        [-0.0624, -0.0473],
        [-0.0482, -0.0651]], device='cuda:0')
1067 tensor([[ 0.0465,  0.0597],
        [ 0.0172,  0.0689],
        [-0.0624, -0.0474],
        [-0.0483, -0.0652]], device='cuda:0')
1068 tensor([[ 0.0465,  0.0599],
        [ 0.0173,  0.0690],
        [-0.0624, -0.0476],
        [-0.0483, -0.0653]], device='cuda:0')
1069 tensor([[ 0.0465,  0.0600],
        [ 0.0173,  0.0691],
        [-0.0624, -0.0477],
        [-0.0483, -0.0654]], device='cuda:0')
1070 tensor([[ 0.0465,  0.0601],
        [ 0.0173,  0.0692],
        [-0.0624, -0.0478],
        [-0.0483, -0.0655]], device='cuda:0')
1071 tensor([[ 0.0465,  0.0602],
        [ 0.0173,  0.0692],
        [-0.0624, -0.0479],
        [-0.0484, -0.0656]], device='cuda:0')
1072 tensor([[ 0.0465,  0.0603],
        [ 0.0174,  0.0693],
        [-0.0623, -0.0480],
        [-0.0484, -0.0657]], device='cuda:0')
1073 tensor([[ 0.0465,  0.0604],
        [ 0.0174,  0.0694],
        [-0.0623, -0.0481],
        [-0.0484, -0.0658]], device='cuda:0')
1074 tensor([[ 0.0465,  0.0605],
        [ 0.0175,  0.0695],
        [-0.0623, -0.0482],
        [-0.0484, -0.0658]], device='cuda:0')
1075 tensor([[ 0.0466,  0.0606],
        [ 0.0175,  0.0695],
        [-0.0623, -0.0483],
        [-0.0485, -0.0659]], device='cuda:0')
1076 tensor([[ 0.0466,  0.0607],
        [ 0.0175,  0.0696],
        [-0.0624, -0.0484],
        [-0.0485, -0.0660]], device='cuda:0')
1077 tensor([[ 0.0466,  0.0608],
        [ 0.0176,  0.0697],
        [-0.0624, -0.0485],
        [-0.0485, -0.0661]], device='cuda:0')
1078 tensor([[ 0.0467,  0.0609],
        [ 0.0176,  0.0698],
        [-0.0624, -0.0486],
        [-0.0485, -0.0662]], device='cuda:0')
1079 tensor([[ 0.0467,  0.0610],
        [ 0.0177,  0.0698],
        [-0.0624, -0.0487],
        [-0.0485, -0.0663]], device='cuda:0')
1080 tensor([[ 0.0467,  0.0611],
        [ 0.0177,  0.0699],
        [-0.0624, -0.0488],
        [-0.0486, -0.0664]], device='cuda:0')
1081 tensor([[ 0.0467,  0.0611],
        [ 0.0178,  0.0700],
        [-0.0625, -0.0489],
        [-0.0486, -0.0665]], device='cuda:0')
1082 tensor([[ 0.0468,  0.0612],
        [ 0.0178,  0.0700],
        [-0.0625, -0.0490],
        [-0.0487, -0.0665]], device='cuda:0')
1083 tensor([[ 0.0468,  0.0613],
        [ 0.0178,  0.0701],
        [-0.0625, -0.0491],
        [-0.0487, -0.0666]], device='cuda:0')
1084 tensor([[ 0.0468,  0.0614],
        [ 0.0179,  0.0702],
        [-0.0625, -0.0492],
        [-0.0487, -0.0667]], device='cuda:0')
1085 tensor([[ 0.0468,  0.0615],
        [ 0.0179,  0.0703],
        [-0.0626, -0.0493],
        [-0.0488, -0.0668]], device='cuda:0')
1086 tensor([[ 0.0469,  0.0616],
        [ 0.0179,  0.0703],
        [-0.0626, -0.0494],
        [-0.0488, -0.0669]], device='cuda:0')
1087 tensor([[ 0.0469,  0.0617],
        [ 0.0180,  0.0704],
        [-0.0626, -0.0495],
        [-0.0488, -0.0670]], device='cuda:0')
1088 tensor([[ 0.0469,  0.0618],
        [ 0.0180,  0.0705],
        [-0.0626, -0.0496],
        [-0.0488, -0.0671]], device='cuda:0')
1089 tensor([[ 0.0470,  0.0619],
        [ 0.0181,  0.0705],
        [-0.0626, -0.0497],
        [-0.0489, -0.0671]], device='cuda:0')
1090 tensor([[ 0.0470,  0.0620],
        [ 0.0181,  0.0706],
        [-0.0627, -0.0498],
        [-0.0489, -0.0672]], device='cuda:0')
1091 tensor([[ 0.0471,  0.0621],
        [ 0.0182,  0.0707],
        [-0.0627, -0.0499],
        [-0.0489, -0.0673]], device='cuda:0')
1092 tensor([[ 0.0472,  0.0622],
        [ 0.0182,  0.0707],
        [-0.0628, -0.0500],
        [-0.0489, -0.0674]], device='cuda:0')
1093 tensor([[ 0.0472,  0.0622],
        [ 0.0183,  0.0708],
        [-0.0628, -0.0501],
        [-0.0489, -0.0675]], device='cuda:0')
1094 tensor([[ 0.0473,  0.0623],
        [ 0.0183,  0.0709],
        [-0.0629, -0.0502],
        [-0.0490, -0.0676]], device='cuda:0')
1095 tensor([[ 0.0473,  0.0624],
        [ 0.0184,  0.0709],
        [-0.0629, -0.0503],
        [-0.0490, -0.0676]], device='cuda:0')
1096 tensor([[ 0.0474,  0.0625],
        [ 0.0184,  0.0710],
        [-0.0630, -0.0504],
        [-0.0491, -0.0677]], device='cuda:0')
1097 tensor([[ 0.0474,  0.0626],
        [ 0.0185,  0.0711],
        [-0.0630, -0.0505],
        [-0.0491, -0.0678]], device='cuda:0')
1098 tensor([[ 0.0475,  0.0627],
        [ 0.0185,  0.0711],
        [-0.0630, -0.0506],
        [-0.0491, -0.0679]], device='cuda:0')
1099 tensor([[ 0.0475,  0.0628],
        [ 0.0185,  0.0712],
        [-0.0631, -0.0507],
        [-0.0492, -0.0680]], device='cuda:0')
1100 tensor([[ 0.0476,  0.0628],
        [ 0.0186,  0.0713],
        [-0.0631, -0.0508],
        [-0.0492, -0.0680]], device='cuda:0')
1101 tensor([[ 0.0476,  0.0629],
        [ 0.0186,  0.0713],
        [-0.0632, -0.0508],
        [-0.0493, -0.0681]], device='cuda:0')
1102 tensor([[ 0.0477,  0.0630],
        [ 0.0187,  0.0714],
        [-0.0632, -0.0509],
        [-0.0493, -0.0682]], device='cuda:0')
1103 tensor([[ 0.0477,  0.0631],
        [ 0.0187,  0.0714],
        [-0.0633, -0.0510],
        [-0.0493, -0.0683]], device='cuda:0')
1104 tensor([[ 0.0478,  0.0632],
        [ 0.0188,  0.0715],
        [-0.0633, -0.0511],
        [-0.0494, -0.0684]], device='cuda:0')
1105 tensor([[ 0.0479,  0.0633],
        [ 0.0188,  0.0716],
        [-0.0633, -0.0512],
        [-0.0494, -0.0684]], device='cuda:0')
1106 tensor([[ 0.0480,  0.0633],
        [ 0.0189,  0.0716],
        [-0.0634, -0.0513],
        [-0.0494, -0.0685]], device='cuda:0')
1107 tensor([[ 0.0480,  0.0634],
        [ 0.0190,  0.0717],
        [-0.0635, -0.0514],
        [-0.0494, -0.0686]], device='cuda:0')
1108 tensor([[ 0.0481,  0.0635],
        [ 0.0190,  0.0717],
        [-0.0636, -0.0515],
        [-0.0495, -0.0687]], device='cuda:0')
1109 tensor([[ 0.0482,  0.0636],
        [ 0.0191,  0.0718],
        [-0.0636, -0.0516],
        [-0.0495, -0.0687]], device='cuda:0')
1110 tensor([[ 0.0483,  0.0637],
        [ 0.0191,  0.0719],
        [-0.0637, -0.0517],
        [-0.0496, -0.0688]], device='cuda:0')
1111 tensor([[ 0.0483,  0.0637],
        [ 0.0192,  0.0719],
        [-0.0638, -0.0517],
        [-0.0496, -0.0689]], device='cuda:0')
1112 tensor([[ 0.0484,  0.0638],
        [ 0.0192,  0.0720],
        [-0.0638, -0.0518],
        [-0.0497, -0.0690]], device='cuda:0')
1113 tensor([[ 0.0485,  0.0639],
        [ 0.0193,  0.0720],
        [-0.0639, -0.0519],
        [-0.0497, -0.0690]], device='cuda:0')
1114 tensor([[ 0.0486,  0.0640],
        [ 0.0193,  0.0721],
        [-0.0640, -0.0520],
        [-0.0498, -0.0691]], device='cuda:0')
1115 tensor([[ 0.0486,  0.0641],
        [ 0.0194,  0.0722],
        [-0.0640, -0.0521],
        [-0.0498, -0.0692]], device='cuda:0')
1116 tensor([[ 0.0487,  0.0641],
        [ 0.0194,  0.0722],
        [-0.0641, -0.0522],
        [-0.0499, -0.0693]], device='cuda:0')
1117 tensor([[ 0.0487,  0.0642],
        [ 0.0195,  0.0723],
        [-0.0642, -0.0523],
        [-0.0499, -0.0693]], device='cuda:0')
1118 tensor([[ 0.0488,  0.0643],
        [ 0.0196,  0.0723],
        [-0.0642, -0.0523],
        [-0.0499, -0.0694]], device='cuda:0')
1119 tensor([[ 0.0489,  0.0644],
        [ 0.0196,  0.0724],
        [-0.0643, -0.0524],
        [-0.0500, -0.0695]], device='cuda:0')
1120 tensor([[ 0.0490,  0.0644],
        [ 0.0197,  0.0725],
        [-0.0643, -0.0525],
        [-0.0500, -0.0695]], device='cuda:0')
1121 tensor([[ 0.0491,  0.0645],
        [ 0.0198,  0.0725],
        [-0.0644, -0.0526],
        [-0.0500, -0.0696]], device='cuda:0')
1122 tensor([[ 0.0492,  0.0646],
        [ 0.0199,  0.0726],
        [-0.0645, -0.0527],
        [-0.0501, -0.0697]], device='cuda:0')
1123 tensor([[ 0.0493,  0.0647],
        [ 0.0199,  0.0726],
        [-0.0646, -0.0528],
        [-0.0502, -0.0697]], device='cuda:0')
1124 tensor([[ 0.0494,  0.0647],
        [ 0.0200,  0.0727],
        [-0.0647, -0.0528],
        [-0.0502, -0.0698]], device='cuda:0')
1125 tensor([[ 0.0495,  0.0648],
        [ 0.0201,  0.0727],
        [-0.0648, -0.0529],
        [-0.0503, -0.0699]], device='cuda:0')
1126 tensor([[ 0.0496,  0.0649],
        [ 0.0201,  0.0728],
        [-0.0649, -0.0530],
        [-0.0503, -0.0700]], device='cuda:0')
1127 tensor([[ 0.0497,  0.0650],
        [ 0.0202,  0.0728],
        [-0.0649, -0.0531],
        [-0.0504, -0.0700]], device='cuda:0')
1128 tensor([[ 0.0498,  0.0650],
        [ 0.0203,  0.0729],
        [-0.0650, -0.0532],
        [-0.0505, -0.0701]], device='cuda:0')
1129 tensor([[ 0.0498,  0.0651],
        [ 0.0203,  0.0730],
        [-0.0651, -0.0532],
        [-0.0505, -0.0702]], device='cuda:0')
1130 tensor([[ 0.0499,  0.0652],
        [ 0.0204,  0.0730],
        [-0.0652, -0.0533],
        [-0.0506, -0.0702]], device='cuda:0')
1131 tensor([[ 0.0500,  0.0652],
        [ 0.0205,  0.0731],
        [-0.0653, -0.0534],
        [-0.0506, -0.0703]], device='cuda:0')
1132 tensor([[ 0.0501,  0.0653],
        [ 0.0205,  0.0731],
        [-0.0654, -0.0535],
        [-0.0507, -0.0704]], device='cuda:0')
1133 tensor([[ 0.0502,  0.0654],
        [ 0.0206,  0.0732],
        [-0.0654, -0.0536],
        [-0.0507, -0.0704]], device='cuda:0')
1134 tensor([[ 0.0503,  0.0655],
        [ 0.0207,  0.0732],
        [-0.0655, -0.0536],
        [-0.0508, -0.0705]], device='cuda:0')
1135 tensor([[ 0.0504,  0.0655],
        [ 0.0208,  0.0733],
        [-0.0656, -0.0537],
        [-0.0508, -0.0706]], device='cuda:0')
1136 tensor([[ 0.0505,  0.0656],
        [ 0.0209,  0.0733],
        [-0.0657, -0.0538],
        [-0.0509, -0.0706]], device='cuda:0')
1137 tensor([[ 0.0506,  0.0657],
        [ 0.0210,  0.0734],
        [-0.0658, -0.0539],
        [-0.0510, -0.0707]], device='cuda:0')
1138 tensor([[ 0.0507,  0.0657],
        [ 0.0211,  0.0734],
        [-0.0659, -0.0539],
        [-0.0511, -0.0707]], device='cuda:0')
1139 tensor([[ 0.0508,  0.0658],
        [ 0.0211,  0.0735],
        [-0.0660, -0.0540],
        [-0.0512, -0.0708]], device='cuda:0')
