206227 0
206227 1
206227 2
206227 3
206227 5
206241 1
206242 0
206242 2
206242 4
206243 3
206257 0
206257 1
206257 2
206257 3
206257 5
206271 1
206272 0
206272 2
206272 4
206273 3
206287 0
206287 1
206287 2
206287 3
206287 5
206301 1
206302 0
206302 2
206302 4
206303 3
206317 0
206317 1
206317 2
206317 3
206317 5
206331 1
206332 0
206332 2
206332 4
206333 3
206347 0
206347 1
206347 2
206347 3
206347 5
206361 1
206362 0
206362 2
206362 4
206363 3
206377 0
206377 1
206377 2
206377 3
206377 5
206391 1
206392 0
206392 2
206392 4
206393 3
206407 0
206407 1
206407 2
206407 3
206407 5
206421 1
206422 0
206422 2
206422 4
206423 3
206437 0
206437 1
206437 2
206437 3
206437 4
206451 3
206452 0
206452 2
206452 5
206453 1
206467 0
206467 1
206467 2
206467 3
206467 4
206481 3
206482 0
206482 2
206482 5
206483 1
206497 0
206497 1
206497 2
206497 3
206497 4
206511 3
206512 0
206512 2
206512 5
206513 1
206527 0
206527 1
206527 2
206527 3
206527 4
206541 3
206542 0
206542 2
206542 5
206543 1
206557 0
206557 1
206557 2
206557 3
206557 4
206571 3
206572 0
206572 2
206572 5
206573 1
206587 0
206587 1
206587 2
206587 3
206587 4
206601 3
206602 0
206602 2
206602 5
206603 1
206617 0
206617 1
206617 2
206617 3
206617 4
206631 3
206632 0
206632 2
206632 5
206633 1
206647 0
206647 1
206647 2
206647 3
206647 4
206661 3
206662 0
206662 2
206662 5
206663 1
206677 0
206677 1
206677 2
206677 3
206677 4
206691 3
206692 0
206692 2
206692 5
206693 1
206707 0
206707 1
206707 2
206707 3
206707 4
206721 3
206722 0
206722 2
206722 5
206723 1
206737 0
206737 1
206737 2
206737 3
206737 4
206751 3
206752 0
206752 2
206752 5
206753 1
206766 2
206767 1
206767 3
206767 5
206768 0
206781 1
206781 2
206782 4
206783 0
206783 3
206797 0
206797 1
206797 2
206797 3
206797 5
206811 1
206812 0
206812 2
206812 4
206813 3
206827 0
206827 1
206827 2
206827 3
206827 5
206841 1
206842 0
206842 2
206842 4
206843 3
206857 0
206857 1
206857 2
206857 3
206857 5
206871 1
206872 0
206872 2
206872 4
206873 3
206887 0
206887 1
206887 2
206887 3
206887 5
206901 1
206902 0
206902 2
206902 4
206903 3
206917 0
206917 1
206917 2
206917 3
206917 5
206931 1
206932 0
206932 2
206932 4
206932 5
206933 3
206945 1
206946 4
206947 0
206947 2
206947 4
206949 3
206961 1
206962 0
206962 2
206962 4
206962 5
206963 3
206975 1
206976 4
206977 0
206977 2
206977 4
206979 3
206991 1
206992 0
206992 2
206992 4
206993 3
207007 0
207007 1
207007 2
207007 3
207007 5
207021 1
207022 0
207022 2
207022 4
207023 3
207037 0
207037 1
207037 2
207037 3
207037 5
207051 1
207052 0
207052 2
207052 4
207053 3
207067 0
207067 1
207067 2
207067 3
207067 5
207081 1
207082 0
207082 2
207082 4
207083 3
207097 0
207097 1
207097 2
207097 3
207097 5
207111 1
207112 0
207112 2
207112 4
207113 3
207127 0
207127 1
207127 2
207127 3
207127 5
207141 1
207142 0
207142 2
207142 4
207143 3
207156 0
207157 1
207157 3
207157 5
207158 2
207171 0
207171 1
207172 4
207173 2
207173 3
207186 0
207187 1
207187 3
207187 4
207188 2
207201 0
207201 3
207202 5
207203 1
207203 2
207216 0
207217 1
207217 3
207217 4
207218 2
207231 0
207231 3
207232 5
207233 1
207233 2
207247 0
207247 1
207247 2
207247 3
207247 4
207261 3
207262 0
207262 2
207262 5
207263 1
207277 0
207277 1
207277 2
207277 3
207277 4
207291 3
207292 0
207292 2
207292 4
207292 5
207293 1
207305 3
207306 5
207307 0
207307 2
207307 5
207309 1
207321 3
207322 0
207322 2
207322 4
207322 5
207323 1
207335 3
207336 5
207337 0
207337 2
207337 5
207339 1
207351 3
207352 0
207352 2
207352 4
207352 5
207353 1
207365 3
207366 5
207367 0
207367 2
207367 5
207369 1
207381 3
207382 0
207382 2
207382 4
207382 5
207383 1
207395 3
207396 5
207397 0
207397 2
207397 5
207399 1
207411 2
207411 3
207412 5
207413 0
207413 1
207426 2
207427 1
207427 3
207427 4
207428 0
207441 2
207441 3
207442 5
207443 0
207443 1
207456 2
207457 1
207457 3
207457 4
207458 0
207471 2
207471 3
207472 5
207473 0
207473 1
207486 2
207487 1
207487 3
207487 4
207488 0
207501 2
207501 3
207502 5
207503 0
207503 1
207516 2
207517 1
207517 3
207517 5
207518 0
207531 1
207531 2
207532 4
207533 0
207533 3
207546 2
207547 1
207547 3
207547 5
207548 0
207561 1
207561 2
207562 4
207563 0
207563 3
207576 2
207577 1
207577 3
207577 5
207578 0
207591 1
207591 2
207592 5
207593 0
207593 3
207605 1
207606 2
207606 4
207607 4
207608 0
207609 3
207621 1
207622 0
207622 2
207622 4
207622 5
207623 3
207635 1
207636 4
207637 0
207637 2
207637 4
207639 3
207651 1
207652 0
207652 2
207652 4
207652 5
207653 3
207665 1
207666 4
207667 0
207667 2
207667 4
207669 3
207681 1
207682 0
207682 2
207682 4
207682 5
207683 3
207695 1
207696 4
207697 0
207697 2
207697 4
207699 3
207711 1
207712 0
207712 2
207712 4
207712 5
207713 3
207725 1
207726 4
207727 0
207727 2
207727 4
207729 3
207741 1
207742 0
207742 2
207742 4
207742 5
207743 3
207755 1
207756 4
207757 0
207757 2
207757 4
207759 3
207771 0
207771 1
207772 4
207772 5
207773 2
207773 3
207785 1
207786 0
207786 4
207787 4
207788 2
207789 3
207801 0
207801 1
207802 4
207803 2
207803 3
207816 0
207817 1
207817 3
207817 5
207818 2
207831 0
207831 1
207832 4
207833 2
207833 3
207846 0
207847 1
207847 3
207847 5
207848 2
207861 0
207861 1
207862 4
207863 2
207863 3
207876 0
207877 1
207877 3
207877 4
207878 2
207891 0
207891 3
207892 5
207893 1
207893 2
207906 0
207907 1
207907 3
207907 4
207908 2
207921 0
207921 3
207922 5
207923 1
207923 2
207936 0
207937 1
207937 3
207937 4
207938 2
207951 0
207951 3
207952 4
207953 1
207953 2
207965 3
207966 0
207967 5
207968 2
207969 1
207981 0
207981 3
207982 4
207983 1
207983 2
207995 3
207997 0
207997 2
207997 5
207999 1
208011 3
208012 0
208012 2
208012 4
208013 1
208025 3
208027 0
208027 2
208027 5
208029 1
208041 3
208042 0
208042 2
208042 4
208043 1
208055 3
208057 0
208057 2
208057 5
208059 1
208071 3
208072 0
208072 2
208072 4
208073 1
208085 3
208086 5
208087 0
208087 2
208087 5
208089 1
208101 3
208102 0
208102 2
208102 4
208102 5
208103 1
208115 3
208116 5
208117 0
208117 2
208117 5
208119 1
208131 2
208131 3
208132 4
208132 5
208133 0
208133 1
208145 3
208146 2
208146 5
208147 5
208148 0
208149 1
208161 2
208161 3
208162 4
208162 5
208163 0
208163 1
208175 3
208176 2
208176 5
208177 5
208178 0
208179 1
208191 2
208191 3
208192 5
208193 0
208193 1
208206 2
208207 1
208207 3
208207 4
208208 0
208221 2
208221 3
208222 5
208223 0
208223 1
208236 2
208237 1
208237 3
208237 5
208238 0
208251 1
208251 2
208252 4
208253 0
208253 3
208266 2
208267 1
208267 3
208267 5
208268 0
208281 1
208281 2
208282 4
208283 0
208283 3
208296 2
208297 1
208297 3
208297 5
208298 0
208311 1
208311 2
208312 5
208313 0
208313 3
208325 1
208326 2
208327 4
208328 0
208329 3
208341 1
208341 2
208342 5
208343 0
208343 3
208355 1
208356 2
208357 4
208358 0
208359 3
208371 2
208372 1
208372 3
208372 5
208373 0
208386 1
208387 0
208387 2
208387 4
208388 3
208402 0
208402 1
208402 2
208402 3
208402 5
208416 1
208417 0
208417 2
208417 5
208418 3
208430 1
208432 0
208432 2
208432 4
208434 3
208446 1
208447 0
208447 2
208447 5
208448 3
208460 1
208461 4
208462 0
208462 2
208462 4
208464 3
208476 1
208477 0
208477 2
208477 4
208478 3
208491 0
208492 1
208492 3
208492 5
208493 2
208506 0
208506 1
208507 4
208508 2
208508 3
208521 0
208521 1
208522 4
208522 5
208523 2
208523 3
208535 1
208536 0
208536 4
208537 4
208538 2
208539 3
208551 0
208551 1
208552 4
208553 2
208553 3
208566 0
208567 1
208567 3
208567 5
208568 2
208581 0
208581 1
208582 4
208583 2
208583 3
208596 0
208597 1
208597 3
208597 5
208598 2
208611 0
208611 1
208612 4
208613 2
208613 3
208626 0
208627 1
208627 3
208627 4
208628 2
208641 0
208641 3
208642 5
208643 1
208643 2
208656 0
208657 1
208657 3
208657 4
208658 2
208671 0
208671 3
208672 5
208673 1
208673 2
208686 0
208687 1
208687 3
208687 4
208688 2
208701 0
208701 3
208702 4
208703 1
208703 2
208715 3
208716 0
208717 5
208718 2
208719 1
208731 0
208731 3
208732 4
208733 1
208733 2
208745 3
208746 0
208746 5
208747 5
208748 2
208749 1
208761 0
208761 3
208762 4
208763 1
208763 2
208775 3
208776 5
208777 0
208777 2
208777 4
208779 1
208789 3
208790 5
208792 0
208792 2
208792 5
208795 1
208806 3
208807 0
208807 2
208807 4
208807 5
208808 1
208819 3
208820 5
208822 0
208822 2
208822 5
208825 1
208836 3
208837 0
208837 2
208837 4
208837 5
208838 1
208849 3
208850 5
208852 0
208852 2
208852 5
208855 1
208865 3
208866 2
208866 5
208867 5
208868 0
208869 1
208881 2
208881 3
208882 4
208882 5
208883 0
208883 1
208895 3
208896 2
208896 5
208897 5
208898 0
208899 1
208911 2
208911 3
208912 4
208912 5
208913 0
208913 1
208925 3
208926 2
208926 5
208927 5
208928 0
208929 1
208941 2
208941 3
208942 5
208943 0
208943 1
208956 2
208957 1
208957 3
208957 4
208958 0
208971 2
208971 3
208972 5
208973 0
208973 1
208986 2
208987 1
208987 3
208987 5
208988 0
209001 1
209001 2
209002 4
209003 0
209003 3
209016 2
209017 1
209017 3
209017 5
209018 0
209031 1
209031 2
209032 5
209033 0
209033 3
209045 1
209046 2
209047 4
209048 0
209049 3
209061 2
209062 1
209062 3
209062 5
209063 0
209076 1
209076 2
209077 5
209078 0
209078 3
209090 1
209091 2
209092 4
209093 0
209094 3
209106 1
209106 2
209107 5
209108 0
209108 3
209120 1
209121 2
209122 4
209123 0
209124 3
209136 1
209137 0
209137 2
209137 5
209138 3
209150 1
209152 0
209152 2
209152 4
209154 3
209166 1
209167 0
209167 2
209167 5
209168 3
209180 1
209182 0
209182 2
209182 4
209184 3
209196 1
209197 0
209197 2
209197 5
209198 3
209210 1
209212 0
209212 2
209212 4
209214 3
209226 0
209226 1
209227 4
209228 2
209228 3
