71617 0
71617 1
71617 2
71617 3
71617 4
71631 3
71632 0
71632 2
71632 5
71633 1
71647 0
71647 1
71647 2
71647 3
71647 4
71661 3
71662 0
71662 2
71662 5
71663 1
71677 0
71677 1
71677 2
71677 3
71677 5
71691 1
71692 0
71692 2
71692 4
71693 3
71707 0
71707 1
71707 2
71707 3
71707 4
71721 3
71722 0
71722 2
71722 5
71723 1
71737 0
71737 1
71737 2
71737 3
71737 4
71751 3
71752 0
71752 2
71752 5
71753 1
71767 0
71767 1
71767 2
71767 3
71767 4
71781 3
71782 0
71782 2
71782 5
71783 1
71797 0
71797 1
71797 2
71797 3
71797 4
71811 3
71812 0
71812 2
71812 5
71813 1
71827 0
71827 1
71827 2
71827 3
71827 4
71841 3
71842 0
71842 2
71842 5
71843 1
71857 0
71857 1
71857 2
71857 3
71857 4
71871 3
71872 0
71872 2
71872 4
71872 5
71873 1
71885 3
71886 5
71887 0
71887 2
71887 5
71889 1
71901 3
71902 0
71902 2
71902 5
71903 1
71917 0
71917 1
71917 2
71917 3
71917 4
71931 3
71932 0
71932 2
71932 5
71933 1
71947 0
71947 1
71947 2
71947 3
71947 4
71961 3
71962 0
71962 2
71962 5
71963 1
71977 0
71977 1
71977 2
71977 3
71977 4
71991 3
71992 0
71992 2
71992 5
71993 1
72007 0
72007 1
72007 2
72007 3
72007 5
72021 1
72022 0
72022 2
72022 4
72023 3
72037 0
72037 1
72037 2
72037 3
72037 4
72051 3
72052 0
72052 2
72052 5
72053 1
72067 0
72067 1
72067 2
72067 3
72067 5
72081 1
72082 0
72082 2
72082 4
72083 3
72097 0
72097 1
72097 2
72097 3
72097 4
72111 3
72112 0
72112 2
72112 5
72113 1
72127 0
72127 1
72127 2
72127 3
72127 4
72141 3
72142 0
72142 2
72142 5
72143 1
72156 2
72157 1
72157 3
72157 5
72158 0
72171 1
72171 2
72172 4
72173 0
72173 3
72186 2
72187 1
72187 3
72187 5
72188 0
72201 1
72201 2
72202 5
72203 0
72203 3
72215 1
72216 4
72217 0
72217 2
72217 4
72219 3
72231 1
72232 0
72232 2
72232 4
72232 5
72233 3
72245 1
72246 4
72247 0
72247 2
72247 5
72249 3
72259 1
72260 4
72262 0
72262 2
72262 4
72265 3
72275 1
72276 4
72277 0
72277 2
72277 4
72279 3
72291 1
72292 0
72292 2
72292 4
72293 3
72307 0
72307 1
72307 2
72307 3
72307 5
72321 1
72322 0
72322 2
72322 4
72322 5
72323 3
72335 1
72336 4
72337 0
72337 2
72337 4
72339 3
72351 0
72351 1
72352 4
72353 2
72353 3
72366 0
72367 1
72367 3
72367 5
72368 2
72381 0
72381 1
72382 4
72383 2
72383 3
72396 0
72397 1
72397 3
72397 5
72398 2
72411 0
72411 1
72412 4
72413 2
72413 3
72426 0
72427 1
72427 3
72427 4
72428 2
72441 0
72441 3
72442 5
72443 1
72443 2
72456 0
72457 1
72457 3
72457 4
72458 2
72471 0
72471 3
72472 5
72473 1
72473 2
72486 0
72487 1
72487 3
72487 4
72488 2
72501 0
72501 3
72502 4
72503 1
72503 2
72515 3
72516 0
72516 5
72517 5
72518 2
72519 1
72531 3
72532 0
72532 2
72532 4
72532 5
72533 1
72545 3
72546 5
72547 0
72547 2
72547 5
72549 1
72561 3
72562 0
72562 2
72562 5
72563 1
72577 0
72577 1
72577 2
72577 3
72577 4
72591 3
72592 0
72592 2
72592 4
72592 5
72593 1
72605 3
72606 5
72607 0
72607 2
72607 5
72609 1
72621 3
72622 0
72622 2
72622 4
72622 5
72623 1
72635 3
72636 5
72637 0
72637 2
72637 5
72639 1
72651 3
72652 0
72652 2
72652 4
72652 5
72653 1
72665 3
72666 5
72667 0
72667 2
72667 5
72669 1
72681 3
72682 0
72682 2
72682 4
72682 5
72683 1
72695 3
72696 2
72696 5
72697 4
72698 0
72699 1
72709 3
72710 5
72711 2
72712 5
72713 0
72715 1
72716 4
72725 3
72726 2
72726 5
72727 5
72728 0
72729 1
72741 2
72741 3
72742 5
72743 0
72743 1
72756 2
72757 1
72757 3
72757 4
72758 0
72771 2
72771 3
72772 5
72773 0
72773 1
72786 2
72787 1
72787 3
72787 5
72788 0
72801 1
72801 2
72802 4
72803 0
72803 3
72816 2
72817 1
72817 3
72817 5
72818 0
72831 1
72831 2
72832 5
72833 0
72833 3
72845 1
72846 2
72847 4
72848 0
72849 3
72861 1
72861 2
72862 5
72863 0
72863 3
72875 1
72876 2
72877 4
72878 0
72879 3
72891 1
72891 2
72892 5
72893 0
72893 3
72906 1
72906 2
72907 5
72908 0
72908 3
72920 1
72921 2
72922 4
72923 0
72924 3
72936 1
72937 0
72937 2
72937 5
72938 3
72950 1
72952 0
72952 2
72952 4
72954 3
72966 1
72967 0
72967 2
72967 4
72967 5
72968 3
72980 1
72981 4
72982 0
72982 2
72982 4
72984 3
72996 1
72997 0
72997 2
72997 4
72997 5
72998 3
73010 1
73011 0
73011 4
73012 4
73013 2
73014 3
73026 0
73026 1
73027 4
73028 2
73028 3
73041 0
73042 1
73042 3
73042 4
73043 2
73056 0
73057 1
73057 3
73057 5
73058 2
73071 0
73071 1
73072 4
73072 5
73073 2
73073 3
73085 1
73086 0
73086 4
73087 4
73088 2
73089 3
73101 0
73101 1
73102 4
73103 2
73103 3
73116 0
73117 1
73117 3
73117 5
73118 2
73131 0
73131 1
73132 4
73133 2
73133 3
73146 0
73147 1
73147 3
73147 4
73148 2
73161 0
73161 3
73162 5
73163 1
73163 2
73176 0
73177 1
73177 3
73177 5
73178 2
73191 0
73191 1
73192 4
73193 2
73193 3
73206 0
73207 1
73207 3
73207 4
73208 2
73221 0
73221 3
73222 4
73223 1
73223 2
73235 3
73236 0
73237 5
73238 2
73239 1
73251 0
73252 1
73252 3
73252 4
73253 2
73266 0
73266 3
73267 5
73268 1
73268 2
73281 0
73282 1
73282 3
73282 4
73283 2
73296 0
73296 3
73297 4
73298 1
73298 2
73310 3
73311 0
73312 5
73313 2
73314 1
73326 0
73326 3
73327 4
73328 1
73328 2
73340 3
73342 0
73342 2
73342 5
73344 1
73356 3
73357 0
73357 2
73357 4
73357 5
73358 1
73370 3
73371 5
73372 0
73372 2
73372 4
73374 1
73384 3
73385 5
73387 0
73387 2
73387 5
73390 1
73400 3
73401 5
73402 0
73402 2
73402 4
73404 1
73414 3
73415 5
73416 2
73417 5
73418 0
73420 1
73421 4
73430 3
73431 2
73431 5
73432 5
73433 0
73434 1
73446 2
73446 3
73447 4
73447 5
73448 0
73448 1
73460 3
73461 2
73461 5
73462 5
73463 0
73464 1
73476 2
73476 3
73477 4
73477 5
73478 0
73478 1
73490 3
73491 2
73491 5
73492 5
73493 0
73494 1
73505 2
73505 3
73506 5
73507 5
73509 0
73509 1
73510 4
73520 2
73521 3
73522 5
73523 1
73524 0
73525 4
73535 2
73537 1
73537 3
73537 4
73539 0
73550 2
73551 3
73552 5
73553 1
73554 0
73555 4
73565 2
73567 1
73567 3
73567 5
73569 0
73580 2
73581 1
73582 4
73583 3
73584 0
73595 2
73597 1
73597 3
73597 5
73599 0
73610 2
73611 1
73612 5
73613 3
73614 0
73625 1
73625 2
73627 5
73629 0
73629 3
73640 1
73640 2
73642 4
73644 0
73644 3
73656 1
73656 2
73657 5
73658 0
73658 3
73670 1
73671 2
73672 5
73673 0
73674 3
73684 1
73685 4
73686 2
73687 4
73688 0
73690 3
73700 1
73701 2
73701 4
73702 5
73703 0
73704 3
73714 1
73715 4
73716 2
73717 4
73718 0
73720 3
73730 1
73731 4
73732 0
73732 2
73732 5
73734 3
73744 1
73745 4
73747 0
73747 2
73747 4
73750 3
73760 1
73761 4
73762 0
73762 2
73762 5
73764 3
73774 1
73775 4
73777 0
73777 2
73777 4
73780 3
73790 1
73791 0
73791 4
73792 5
73793 2
73794 3
73804 1
73805 4
73806 0
73807 4
73808 2
73810 3
73811 5
73820 1
73821 0
73821 4
73822 5
73823 2
73824 3
73834 1
73835 4
73836 0
73837 4
73838 2
73840 3
73841 5
73850 0
73850 1
73851 4
73852 4
73854 2
73854 3
73855 5
73865 0
73866 1
73867 4
73868 3
73869 2
73870 5
73880 0
73882 1
73882 3
73882 5
73884 2
73895 0
73895 1
73896 4
73897 5
73899 2
73899 3
73900 5
73909 1
73910 0
73910 4
73912 4
73914 2
73915 3
73916 5
73925 0
73925 1
73926 4
73927 4
73929 2
73929 3
73930 5
73939 0
73941 1
73942 4
73943 3
73945 2
73946 5
73954 0
73957 1
73957 3
73957 5
73960 2
73969 0
73971 1
73972 4
73973 3
73975 2
73976 5
73984 0
73986 1
73987 4
73988 3
73990 2
73991 5
73999 0
74002 1
74002 3
74002 4
74005 2
74014 0
74016 3
74017 4
74018 1
74020 2
74029 0
74030 3
74032 4
74034 1
74035 2
74044 0
74044 3
74047 4
74050 1
74050 2
74059 3
74060 0
74060 5
74062 4
74064 2
74065 1
74073 3
74074 5
74075 0
74077 4
74079 2
74081 1
74087 3
74088 5
74090 0
74092 4
74094 2
74097 1
74101 3
74102 5
74106 0
74107 4
74108 2
74113 1
74115 3
74116 5
74121 0
74122 5
74123 2
74129 1
74131 3
74132 5
74137 0
74137 2
74137 5
74143 1
74147 3
74148 5
74151 2
74152 4
74153 0
74157 1
74158 4
74161 3
74162 5
74166 2
74167 5
74168 0
74173 1
74174 4
74177 3
74178 5
74180 2
74182 5
74184 0
74187 1
74188 4
74193 3
74194 5
74195 2
74197 4
74199 0
74201 1
74202 4
74207 3
74208 5
74209 2
74212 5
74215 0
74217 1
74218 4
74222 3
74223 5
74224 2
74227 5
74230 0
74232 1
74233 4
74238 2
74238 3
74239 5
74242 5
74246 0
74246 1
74247 4
