480 tensor([[ 0.0123,  0.0275],
        [ 0.0159,  0.0459],
        [-0.0284, -0.0148],
        [-0.0485, -0.0410]], device='cuda:0')
481 tensor([[ 0.0124,  0.0276],
        [ 0.0160,  0.0460],
        [-0.0284, -0.0149],
        [-0.0485, -0.0411]], device='cuda:0')
482 tensor([[ 0.0125,  0.0277],
        [ 0.0160,  0.0461],
        [-0.0285, -0.0151],
        [-0.0485, -0.0413]], device='cuda:0')
483 tensor([[ 0.0125,  0.0278],
        [ 0.0161,  0.0462],
        [-0.0286, -0.0152],
        [-0.0486, -0.0414]], device='cuda:0')
484 tensor([[ 0.0126,  0.0279],
        [ 0.0161,  0.0463],
        [-0.0286, -0.0153],
        [-0.0486, -0.0415]], device='cuda:0')
485 tensor([[ 0.0127,  0.0280],
        [ 0.0162,  0.0464],
        [-0.0287, -0.0154],
        [-0.0486, -0.0416]], device='cuda:0')
486 tensor([[ 0.0127,  0.0281],
        [ 0.0162,  0.0465],
        [-0.0287, -0.0155],
        [-0.0487, -0.0418]], device='cuda:0')
487 tensor([[ 0.0128,  0.0282],
        [ 0.0163,  0.0466],
        [-0.0288, -0.0156],
        [-0.0487, -0.0419]], device='cuda:0')
488 tensor([[ 0.0129,  0.0283],
        [ 0.0163,  0.0467],
        [-0.0288, -0.0157],
        [-0.0487, -0.0420]], device='cuda:0')
489 tensor([[ 0.0129,  0.0284],
        [ 0.0164,  0.0468],
        [-0.0289, -0.0158],
        [-0.0488, -0.0421]], device='cuda:0')
490 tensor([[ 0.0130,  0.0285],
        [ 0.0164,  0.0469],
        [-0.0290, -0.0159],
        [-0.0488, -0.0422]], device='cuda:0')
491 tensor([[ 0.0130,  0.0286],
        [ 0.0164,  0.0470],
        [-0.0290, -0.0160],
        [-0.0489, -0.0423]], device='cuda:0')
492 tensor([[ 0.0131,  0.0287],
        [ 0.0165,  0.0471],
        [-0.0291, -0.0161],
        [-0.0489, -0.0424]], device='cuda:0')
493 tensor([[ 0.0131,  0.0288],
        [ 0.0165,  0.0472],
        [-0.0292, -0.0162],
        [-0.0489, -0.0425]], device='cuda:0')
494 tensor([[ 0.0132,  0.0289],
        [ 0.0166,  0.0473],
        [-0.0292, -0.0163],
        [-0.0490, -0.0426]], device='cuda:0')
495 tensor([[ 0.0133,  0.0290],
        [ 0.0166,  0.0474],
        [-0.0293, -0.0164],
        [-0.0490, -0.0427]], device='cuda:0')
496 tensor([[ 0.0133,  0.0291],
        [ 0.0166,  0.0475],
        [-0.0293, -0.0165],
        [-0.0490, -0.0428]], device='cuda:0')
497 tensor([[ 0.0134,  0.0292],
        [ 0.0167,  0.0476],
        [-0.0294, -0.0165],
        [-0.0491, -0.0429]], device='cuda:0')
498 tensor([[ 0.0134,  0.0293],
        [ 0.0167,  0.0477],
        [-0.0294, -0.0166],
        [-0.0491, -0.0430]], device='cuda:0')
499 tensor([[ 0.0135,  0.0294],
        [ 0.0168,  0.0478],
        [-0.0295, -0.0167],
        [-0.0492, -0.0431]], device='cuda:0')
500 tensor([[ 0.0135,  0.0295],
        [ 0.0168,  0.0479],
        [-0.0296, -0.0168],
        [-0.0492, -0.0432]], device='cuda:0')
501 tensor([[ 0.0136,  0.0296],
        [ 0.0168,  0.0480],
        [-0.0296, -0.0169],
        [-0.0492, -0.0433]], device='cuda:0')
502 tensor([[ 0.0136,  0.0297],
        [ 0.0169,  0.0481],
        [-0.0297, -0.0170],
        [-0.0493, -0.0434]], device='cuda:0')
503 tensor([[ 0.0137,  0.0297],
        [ 0.0169,  0.0482],
        [-0.0297, -0.0171],
        [-0.0493, -0.0435]], device='cuda:0')
504 tensor([[ 0.0137,  0.0298],
        [ 0.0170,  0.0484],
        [-0.0298, -0.0172],
        [-0.0493, -0.0436]], device='cuda:0')
505 tensor([[ 0.0138,  0.0299],
        [ 0.0170,  0.0485],
        [-0.0298, -0.0173],
        [-0.0494, -0.0437]], device='cuda:0')
506 tensor([[ 0.0138,  0.0300],
        [ 0.0170,  0.0486],
        [-0.0299, -0.0174],
        [-0.0494, -0.0439]], device='cuda:0')
507 tensor([[ 0.0139,  0.0301],
        [ 0.0171,  0.0488],
        [-0.0300, -0.0174],
        [-0.0494, -0.0440]], device='cuda:0')
508 tensor([[ 0.0139,  0.0302],
        [ 0.0171,  0.0489],
        [-0.0300, -0.0175],
        [-0.0495, -0.0441]], device='cuda:0')
509 tensor([[ 0.0140,  0.0303],
        [ 0.0171,  0.0490],
        [-0.0301, -0.0176],
        [-0.0495, -0.0443]], device='cuda:0')
510 tensor([[ 0.0141,  0.0304],
        [ 0.0172,  0.0491],
        [-0.0301, -0.0177],
        [-0.0496, -0.0444]], device='cuda:0')
511 tensor([[ 0.0141,  0.0305],
        [ 0.0172,  0.0493],
        [-0.0302, -0.0178],
        [-0.0496, -0.0445]], device='cuda:0')
512 tensor([[ 0.0142,  0.0305],
        [ 0.0172,  0.0494],
        [-0.0302, -0.0179],
        [-0.0496, -0.0446]], device='cuda:0')
513 tensor([[ 0.0142,  0.0306],
        [ 0.0173,  0.0495],
        [-0.0303, -0.0180],
        [-0.0497, -0.0448]], device='cuda:0')
514 tensor([[ 0.0143,  0.0307],
        [ 0.0173,  0.0496],
        [-0.0303, -0.0180],
        [-0.0497, -0.0449]], device='cuda:0')
515 tensor([[ 0.0143,  0.0308],
        [ 0.0173,  0.0498],
        [-0.0304, -0.0181],
        [-0.0497, -0.0450]], device='cuda:0')
516 tensor([[ 0.0144,  0.0309],
        [ 0.0174,  0.0499],
        [-0.0304, -0.0182],
        [-0.0498, -0.0451]], device='cuda:0')
517 tensor([[ 0.0144,  0.0310],
        [ 0.0174,  0.0500],
        [-0.0305, -0.0183],
        [-0.0498, -0.0453]], device='cuda:0')
518 tensor([[ 0.0144,  0.0310],
        [ 0.0175,  0.0501],
        [-0.0306, -0.0184],
        [-0.0498, -0.0454]], device='cuda:0')
519 tensor([[ 0.0145,  0.0311],
        [ 0.0175,  0.0503],
        [-0.0306, -0.0184],
        [-0.0499, -0.0455]], device='cuda:0')
520 tensor([[ 0.0145,  0.0312],
        [ 0.0175,  0.0504],
        [-0.0307, -0.0185],
        [-0.0499, -0.0456]], device='cuda:0')
521 tensor([[ 0.0146,  0.0313],
        [ 0.0176,  0.0506],
        [-0.0307, -0.0186],
        [-0.0499, -0.0458]], device='cuda:0')
522 tensor([[ 0.0146,  0.0314],
        [ 0.0176,  0.0507],
        [-0.0308, -0.0187],
        [-0.0500, -0.0459]], device='cuda:0')
523 tensor([[ 0.0147,  0.0315],
        [ 0.0176,  0.0509],
        [-0.0308, -0.0188],
        [-0.0500, -0.0461]], device='cuda:0')
524 tensor([[ 0.0147,  0.0315],
        [ 0.0177,  0.0510],
        [-0.0309, -0.0188],
        [-0.0500, -0.0462]], device='cuda:0')
525 tensor([[ 0.0148,  0.0316],
        [ 0.0177,  0.0512],
        [-0.0309, -0.0189],
        [-0.0501, -0.0464]], device='cuda:0')
526 tensor([[ 0.0148,  0.0317],
        [ 0.0177,  0.0513],
        [-0.0310, -0.0190],
        [-0.0501, -0.0465]], device='cuda:0')
527 tensor([[ 0.0149,  0.0318],
        [ 0.0177,  0.0515],
        [-0.0310, -0.0191],
        [-0.0501, -0.0467]], device='cuda:0')
528 tensor([[ 0.0149,  0.0319],
        [ 0.0178,  0.0516],
        [-0.0311, -0.0192],
        [-0.0501, -0.0468]], device='cuda:0')
529 tensor([[ 0.0150,  0.0319],
        [ 0.0178,  0.0518],
        [-0.0311, -0.0192],
        [-0.0502, -0.0470]], device='cuda:0')
530 tensor([[ 0.0150,  0.0320],
        [ 0.0178,  0.0519],
        [-0.0312, -0.0193],
        [-0.0502, -0.0471]], device='cuda:0')
531 tensor([[ 0.0151,  0.0321],
        [ 0.0179,  0.0520],
        [-0.0312, -0.0194],
        [-0.0502, -0.0472]], device='cuda:0')
532 tensor([[ 0.0151,  0.0322],
        [ 0.0179,  0.0522],
        [-0.0313, -0.0195],
        [-0.0503, -0.0474]], device='cuda:0')
533 tensor([[ 0.0151,  0.0322],
        [ 0.0180,  0.0523],
        [-0.0313, -0.0195],
        [-0.0503, -0.0475]], device='cuda:0')
534 tensor([[ 0.0152,  0.0323],
        [ 0.0180,  0.0524],
        [-0.0313, -0.0196],
        [-0.0503, -0.0477]], device='cuda:0')
535 tensor([[ 0.0153,  0.0324],
        [ 0.0181,  0.0525],
        [-0.0314, -0.0197],
        [-0.0503, -0.0478]], device='cuda:0')
536 tensor([[ 0.0153,  0.0325],
        [ 0.0182,  0.0527],
        [-0.0314, -0.0198],
        [-0.0504, -0.0480]], device='cuda:0')
537 tensor([[ 0.0153,  0.0325],
        [ 0.0182,  0.0528],
        [-0.0315, -0.0199],
        [-0.0504, -0.0481]], device='cuda:0')
538 tensor([[ 0.0154,  0.0326],
        [ 0.0183,  0.0529],
        [-0.0315, -0.0199],
        [-0.0505, -0.0482]], device='cuda:0')
539 tensor([[ 0.0154,  0.0327],
        [ 0.0184,  0.0531],
        [-0.0316, -0.0200],
        [-0.0505, -0.0484]], device='cuda:0')
540 tensor([[ 0.0155,  0.0327],
        [ 0.0184,  0.0532],
        [-0.0316, -0.0201],
        [-0.0506, -0.0485]], device='cuda:0')
541 tensor([[ 0.0155,  0.0328],
        [ 0.0185,  0.0533],
        [-0.0316, -0.0202],
        [-0.0506, -0.0487]], device='cuda:0')
542 tensor([[ 0.0156,  0.0329],
        [ 0.0185,  0.0534],
        [-0.0317, -0.0202],
        [-0.0507, -0.0488]], device='cuda:0')
543 tensor([[ 0.0156,  0.0329],
        [ 0.0186,  0.0536],
        [-0.0317, -0.0203],
        [-0.0507, -0.0489]], device='cuda:0')
544 tensor([[ 0.0157,  0.0330],
        [ 0.0187,  0.0537],
        [-0.0318, -0.0204],
        [-0.0508, -0.0491]], device='cuda:0')
545 tensor([[ 0.0157,  0.0331],
        [ 0.0187,  0.0538],
        [-0.0318, -0.0205],
        [-0.0508, -0.0492]], device='cuda:0')
546 tensor([[ 0.0158,  0.0331],
        [ 0.0188,  0.0539],
        [-0.0318, -0.0205],
        [-0.0509, -0.0493]], device='cuda:0')
547 tensor([[ 0.0158,  0.0332],
        [ 0.0188,  0.0540],
        [-0.0319, -0.0206],
        [-0.0509, -0.0495]], device='cuda:0')
548 tensor([[ 0.0159,  0.0333],
        [ 0.0189,  0.0542],
        [-0.0319, -0.0207],
        [-0.0510, -0.0496]], device='cuda:0')
549 tensor([[ 0.0160,  0.0333],
        [ 0.0190,  0.0543],
        [-0.0320, -0.0208],
        [-0.0510, -0.0497]], device='cuda:0')
550 tensor([[ 0.0161,  0.0334],
        [ 0.0191,  0.0544],
        [-0.0321, -0.0208],
        [-0.0511, -0.0499]], device='cuda:0')
551 tensor([[ 0.0162,  0.0335],
        [ 0.0192,  0.0545],
        [-0.0321, -0.0209],
        [-0.0512, -0.0500]], device='cuda:0')
552 tensor([[ 0.0162,  0.0335],
        [ 0.0193,  0.0546],
        [-0.0322, -0.0210],
        [-0.0512, -0.0501]], device='cuda:0')
553 tensor([[ 0.0163,  0.0336],
        [ 0.0194,  0.0547],
        [-0.0323, -0.0211],
        [-0.0513, -0.0503]], device='cuda:0')
554 tensor([[ 0.0164,  0.0336],
        [ 0.0195,  0.0549],
        [-0.0324, -0.0211],
        [-0.0514, -0.0504]], device='cuda:0')
555 tensor([[ 0.0165,  0.0337],
        [ 0.0195,  0.0550],
        [-0.0324, -0.0212],
        [-0.0515, -0.0505]], device='cuda:0')
556 tensor([[ 0.0166,  0.0338],
        [ 0.0196,  0.0551],
        [-0.0325, -0.0213],
        [-0.0515, -0.0506]], device='cuda:0')
557 tensor([[ 0.0167,  0.0338],
        [ 0.0197,  0.0552],
        [-0.0326, -0.0213],
        [-0.0516, -0.0508]], device='cuda:0')
558 tensor([[ 0.0167,  0.0339],
        [ 0.0198,  0.0553],
        [-0.0327, -0.0214],
        [-0.0517, -0.0509]], device='cuda:0')
559 tensor([[ 0.0168,  0.0340],
        [ 0.0199,  0.0554],
        [-0.0327, -0.0215],
        [-0.0518, -0.0510]], device='cuda:0')
560 tensor([[ 0.0169,  0.0340],
        [ 0.0200,  0.0555],
        [-0.0328, -0.0216],
        [-0.0518, -0.0511]], device='cuda:0')
561 tensor([[ 0.0170,  0.0341],
        [ 0.0200,  0.0557],
        [-0.0329, -0.0216],
        [-0.0519, -0.0513]], device='cuda:0')
562 tensor([[ 0.0170,  0.0341],
        [ 0.0201,  0.0558],
        [-0.0329, -0.0217],
        [-0.0520, -0.0514]], device='cuda:0')
563 tensor([[ 0.0172,  0.0342],
        [ 0.0202,  0.0559],
        [-0.0330, -0.0218],
        [-0.0520, -0.0515]], device='cuda:0')
564 tensor([[ 0.0173,  0.0343],
        [ 0.0204,  0.0560],
        [-0.0331, -0.0218],
        [-0.0521, -0.0516]], device='cuda:0')
565 tensor([[ 0.0174,  0.0343],
        [ 0.0205,  0.0561],
        [-0.0332, -0.0219],
        [-0.0523, -0.0518]], device='cuda:0')
566 tensor([[ 0.0175,  0.0344],
        [ 0.0206,  0.0562],
        [-0.0333, -0.0220],
        [-0.0524, -0.0519]], device='cuda:0')
567 tensor([[ 0.0176,  0.0344],
        [ 0.0207,  0.0563],
        [-0.0334, -0.0220],
        [-0.0525, -0.0520]], device='cuda:0')
568 tensor([[ 0.0177,  0.0345],
        [ 0.0208,  0.0564],
        [-0.0335, -0.0221],
        [-0.0526, -0.0521]], device='cuda:0')
569 tensor([[ 0.0178,  0.0345],
        [ 0.0209,  0.0565],
        [-0.0336, -0.0222],
        [-0.0527, -0.0522]], device='cuda:0')
570 tensor([[ 0.0179,  0.0346],
        [ 0.0211,  0.0566],
        [-0.0337, -0.0222],
        [-0.0528, -0.0524]], device='cuda:0')
571 tensor([[ 0.0181,  0.0347],
        [ 0.0212,  0.0567],
        [-0.0338, -0.0223],
        [-0.0529, -0.0525]], device='cuda:0')
572 tensor([[ 0.0182,  0.0347],
        [ 0.0213,  0.0568],
        [-0.0339, -0.0224],
        [-0.0530, -0.0526]], device='cuda:0')
573 tensor([[ 0.0183,  0.0348],
        [ 0.0214,  0.0569],
        [-0.0340, -0.0224],
        [-0.0531, -0.0527]], device='cuda:0')
574 tensor([[ 0.0184,  0.0348],
        [ 0.0215,  0.0570],
        [-0.0341, -0.0225],
        [-0.0532, -0.0528]], device='cuda:0')
575 tensor([[ 0.0185,  0.0349],
        [ 0.0216,  0.0571],
        [-0.0342, -0.0226],
        [-0.0533, -0.0529]], device='cuda:0')
576 tensor([[ 0.0186,  0.0349],
        [ 0.0217,  0.0572],
        [-0.0343, -0.0226],
        [-0.0534, -0.0531]], device='cuda:0')
577 tensor([[ 0.0187,  0.0350],
        [ 0.0218,  0.0573],
        [-0.0344, -0.0227],
        [-0.0535, -0.0532]], device='cuda:0')
578 tensor([[ 0.0188,  0.0351],
        [ 0.0220,  0.0575],
        [-0.0345, -0.0227],
        [-0.0536, -0.0533]], device='cuda:0')
579 tensor([[ 0.0189,  0.0352],
        [ 0.0221,  0.0576],
        [-0.0346, -0.0228],
        [-0.0537, -0.0534]], device='cuda:0')
580 tensor([[ 0.0190,  0.0353],
        [ 0.0222,  0.0577],
        [-0.0348, -0.0229],
        [-0.0538, -0.0535]], device='cuda:0')
581 tensor([[ 0.0191,  0.0354],
        [ 0.0223,  0.0578],
        [-0.0349, -0.0230],
        [-0.0539, -0.0536]], device='cuda:0')
582 tensor([[ 0.0192,  0.0355],
        [ 0.0224,  0.0579],
        [-0.0350, -0.0231],
        [-0.0540, -0.0537]], device='cuda:0')
583 tensor([[ 0.0193,  0.0356],
        [ 0.0225,  0.0580],
        [-0.0351, -0.0232],
        [-0.0541, -0.0538]], device='cuda:0')
584 tensor([[ 0.0194,  0.0357],
        [ 0.0226,  0.0581],
        [-0.0352, -0.0233],
        [-0.0542, -0.0539]], device='cuda:0')
585 tensor([[ 0.0195,  0.0358],
        [ 0.0227,  0.0582],
        [-0.0353, -0.0234],
        [-0.0543, -0.0540]], device='cuda:0')
586 tensor([[ 0.0196,  0.0359],
        [ 0.0228,  0.0583],
        [-0.0354, -0.0235],
        [-0.0544, -0.0541]], device='cuda:0')
587 tensor([[ 0.0197,  0.0359],
        [ 0.0229,  0.0584],
        [-0.0355, -0.0236],
        [-0.0545, -0.0542]], device='cuda:0')
588 tensor([[ 0.0198,  0.0360],
        [ 0.0230,  0.0585],
        [-0.0356, -0.0237],
        [-0.0546, -0.0543]], device='cuda:0')
589 tensor([[ 0.0199,  0.0361],
        [ 0.0231,  0.0586],
        [-0.0357, -0.0238],
        [-0.0547, -0.0544]], device='cuda:0')
590 tensor([[ 0.0199,  0.0362],
        [ 0.0232,  0.0587],
        [-0.0358, -0.0238],
        [-0.0548, -0.0545]], device='cuda:0')
591 tensor([[ 0.0200,  0.0363],
        [ 0.0232,  0.0588],
        [-0.0358, -0.0239],
        [-0.0549, -0.0546]], device='cuda:0')
592 tensor([[ 0.0201,  0.0364],
        [ 0.0233,  0.0589],
        [-0.0359, -0.0240],
        [-0.0550, -0.0547]], device='cuda:0')
593 tensor([[ 0.0203,  0.0365],
        [ 0.0235,  0.0590],
        [-0.0360, -0.0241],
        [-0.0551, -0.0548]], device='cuda:0')
594 tensor([[ 0.0204,  0.0366],
        [ 0.0236,  0.0591],
        [-0.0362, -0.0242],
        [-0.0552, -0.0549]], device='cuda:0')
595 tensor([[ 0.0205,  0.0367],
        [ 0.0238,  0.0591],
        [-0.0363, -0.0243],
        [-0.0553, -0.0550]], device='cuda:0')
596 tensor([[ 0.0207,  0.0367],
        [ 0.0239,  0.0592],
        [-0.0364, -0.0244],
        [-0.0554, -0.0551]], device='cuda:0')
597 tensor([[ 0.0208,  0.0368],
        [ 0.0240,  0.0593],
        [-0.0365, -0.0245],
        [-0.0556, -0.0552]], device='cuda:0')
598 tensor([[ 0.0209,  0.0369],
        [ 0.0242,  0.0594],
        [-0.0367, -0.0246],
        [-0.0557, -0.0553]], device='cuda:0')
599 tensor([[ 0.0211,  0.0370],
        [ 0.0243,  0.0595],
        [-0.0368, -0.0247],
        [-0.0558, -0.0554]], device='cuda:0')
600 tensor([[ 0.0212,  0.0371],
        [ 0.0244,  0.0596],
        [-0.0369, -0.0247],
        [-0.0559, -0.0555]], device='cuda:0')
601 tensor([[ 0.0213,  0.0371],
        [ 0.0246,  0.0597],
        [-0.0370, -0.0248],
        [-0.0561, -0.0556]], device='cuda:0')
602 tensor([[ 0.0214,  0.0372],
        [ 0.0247,  0.0598],
        [-0.0372, -0.0249],
        [-0.0562, -0.0557]], device='cuda:0')
603 tensor([[ 0.0216,  0.0373],
        [ 0.0248,  0.0599],
        [-0.0373, -0.0250],
        [-0.0563, -0.0558]], device='cuda:0')
604 tensor([[ 0.0217,  0.0374],
        [ 0.0250,  0.0599],
        [-0.0374, -0.0251],
        [-0.0564, -0.0559]], device='cuda:0')
605 tensor([[ 0.0218,  0.0375],
        [ 0.0251,  0.0600],
        [-0.0375, -0.0252],
        [-0.0566, -0.0560]], device='cuda:0')
606 tensor([[ 0.0219,  0.0375],
        [ 0.0252,  0.0601],
        [-0.0376, -0.0253],
        [-0.0567, -0.0561]], device='cuda:0')
607 tensor([[ 0.0221,  0.0376],
        [ 0.0253,  0.0602],
        [-0.0378, -0.0254],
        [-0.0568, -0.0562]], device='cuda:0')
608 tensor([[ 0.0222,  0.0377],
        [ 0.0255,  0.0603],
        [-0.0379, -0.0254],
        [-0.0569, -0.0563]], device='cuda:0')
609 tensor([[ 0.0224,  0.0378],
        [ 0.0256,  0.0604],
        [-0.0380, -0.0255],
        [-0.0570, -0.0564]], device='cuda:0')
610 tensor([[ 0.0225,  0.0378],
        [ 0.0257,  0.0604],
        [-0.0382, -0.0256],
        [-0.0571, -0.0565]], device='cuda:0')
611 tensor([[ 0.0227,  0.0379],
        [ 0.0259,  0.0605],
        [-0.0383, -0.0257],
        [-0.0573, -0.0566]], device='cuda:0')
612 tensor([[ 0.0229,  0.0380],
        [ 0.0260,  0.0606],
        [-0.0385, -0.0258],
        [-0.0574, -0.0566]], device='cuda:0')
613 tensor([[ 0.0230,  0.0381],
        [ 0.0261,  0.0607],
        [-0.0386, -0.0259],
        [-0.0575, -0.0567]], device='cuda:0')
614 tensor([[ 0.0232,  0.0381],
        [ 0.0262,  0.0608],
        [-0.0388, -0.0259],
        [-0.0576, -0.0568]], device='cuda:0')
615 tensor([[ 0.0233,  0.0382],
        [ 0.0264,  0.0608],
        [-0.0389, -0.0260],
        [-0.0577, -0.0569]], device='cuda:0')
616 tensor([[ 0.0235,  0.0383],
        [ 0.0265,  0.0609],
        [-0.0391, -0.0261],
        [-0.0578, -0.0570]], device='cuda:0')
617 tensor([[ 0.0236,  0.0384],
        [ 0.0266,  0.0610],
        [-0.0392, -0.0262],
        [-0.0579, -0.0571]], device='cuda:0')
618 tensor([[ 0.0238,  0.0384],
        [ 0.0267,  0.0611],
        [-0.0394, -0.0263],
        [-0.0581, -0.0572]], device='cuda:0')
619 tensor([[ 0.0239,  0.0385],
        [ 0.0268,  0.0612],
        [-0.0395, -0.0263],
        [-0.0582, -0.0573]], device='cuda:0')
620 tensor([[ 0.0241,  0.0386],
        [ 0.0270,  0.0612],
        [-0.0397, -0.0264],
        [-0.0583, -0.0574]], device='cuda:0')
621 tensor([[ 0.0242,  0.0387],
        [ 0.0271,  0.0613],
        [-0.0398, -0.0265],
        [-0.0584, -0.0575]], device='cuda:0')
622 tensor([[ 0.0244,  0.0387],
        [ 0.0272,  0.0614],
        [-0.0399, -0.0266],
        [-0.0585, -0.0575]], device='cuda:0')
623 tensor([[ 0.0246,  0.0388],
        [ 0.0273,  0.0615],
        [-0.0401, -0.0267],
        [-0.0586, -0.0576]], device='cuda:0')
624 tensor([[ 0.0247,  0.0389],
        [ 0.0274,  0.0616],
        [-0.0403, -0.0267],
        [-0.0586, -0.0577]], device='cuda:0')
625 tensor([[ 0.0249,  0.0389],
        [ 0.0275,  0.0616],
        [-0.0404, -0.0268],
        [-0.0587, -0.0578]], device='cuda:0')
626 tensor([[ 0.0251,  0.0390],
        [ 0.0276,  0.0617],
        [-0.0406, -0.0269],
        [-0.0588, -0.0579]], device='cuda:0')
627 tensor([[ 0.0253,  0.0391],
        [ 0.0276,  0.0618],
        [-0.0408, -0.0270],
        [-0.0588, -0.0580]], device='cuda:0')
628 tensor([[ 0.0255,  0.0391],
        [ 0.0277,  0.0619],
        [-0.0410, -0.0270],
        [-0.0589, -0.0581]], device='cuda:0')
629 tensor([[ 0.0256,  0.0392],
        [ 0.0278,  0.0619],
        [-0.0411, -0.0271],
        [-0.0590, -0.0581]], device='cuda:0')
630 tensor([[ 0.0258,  0.0393],
        [ 0.0279,  0.0620],
        [-0.0413, -0.0272],
        [-0.0590, -0.0582]], device='cuda:0')
631 tensor([[ 0.0260,  0.0394],
        [ 0.0279,  0.0621],
        [-0.0415, -0.0273],
        [-0.0591, -0.0583]], device='cuda:0')
632 tensor([[ 0.0262,  0.0394],
        [ 0.0280,  0.0621],
        [-0.0416, -0.0274],
        [-0.0592, -0.0584]], device='cuda:0')
633 tensor([[ 0.0264,  0.0395],
        [ 0.0281,  0.0622],
        [-0.0418, -0.0274],
        [-0.0592, -0.0585]], device='cuda:0')
634 tensor([[ 0.0265,  0.0396],
        [ 0.0282,  0.0623],
        [-0.0420, -0.0275],
        [-0.0593, -0.0586]], device='cuda:0')
635 tensor([[ 0.0267,  0.0396],
        [ 0.0282,  0.0624],
        [-0.0422, -0.0276],
        [-0.0594, -0.0586]], device='cuda:0')
636 tensor([[ 0.0269,  0.0397],
        [ 0.0283,  0.0624],
        [-0.0423, -0.0276],
        [-0.0594, -0.0587]], device='cuda:0')
637 tensor([[ 0.0270,  0.0398],
        [ 0.0284,  0.0625],
        [-0.0425, -0.0277],
        [-0.0595, -0.0588]], device='cuda:0')
638 tensor([[ 0.0272,  0.0398],
        [ 0.0285,  0.0626],
        [-0.0426, -0.0278],
        [-0.0595, -0.0589]], device='cuda:0')
639 tensor([[ 0.0275,  0.0399],
        [ 0.0285,  0.0627],
        [-0.0428, -0.0279],
        [-0.0596, -0.0590]], device='cuda:0')
640 tensor([[ 0.0277,  0.0399],
        [ 0.0285,  0.0627],
        [-0.0430, -0.0279],
        [-0.0596, -0.0590]], device='cuda:0')
641 tensor([[ 0.0279,  0.0400],
        [ 0.0286,  0.0628],
        [-0.0432, -0.0280],
        [-0.0596, -0.0591]], device='cuda:0')
642 tensor([[ 0.0281,  0.0401],
        [ 0.0286,  0.0629],
        [-0.0434, -0.0281],
        [-0.0597, -0.0592]], device='cuda:0')
643 tensor([[ 0.0283,  0.0401],
        [ 0.0286,  0.0629],
        [-0.0436, -0.0281],
        [-0.0597, -0.0593]], device='cuda:0')
644 tensor([[ 0.0285,  0.0402],
        [ 0.0287,  0.0630],
        [-0.0438, -0.0282],
        [-0.0597, -0.0594]], device='cuda:0')
645 tensor([[ 0.0287,  0.0403],
        [ 0.0287,  0.0631],
        [-0.0440, -0.0283],
        [-0.0597, -0.0594]], device='cuda:0')
646 tensor([[ 0.0289,  0.0403],
        [ 0.0287,  0.0631],
        [-0.0442, -0.0284],
        [-0.0598, -0.0595]], device='cuda:0')
647 tensor([[ 0.0291,  0.0404],
        [ 0.0288,  0.0632],
        [-0.0444, -0.0284],
        [-0.0598, -0.0596]], device='cuda:0')
648 tensor([[ 0.0293,  0.0404],
        [ 0.0288,  0.0633],
        [-0.0446, -0.0285],
        [-0.0598, -0.0597]], device='cuda:0')
649 tensor([[ 0.0295,  0.0405],
        [ 0.0288,  0.0633],
        [-0.0448, -0.0286],
        [-0.0598, -0.0597]], device='cuda:0')
650 tensor([[ 0.0296,  0.0406],
        [ 0.0289,  0.0634],
        [-0.0450, -0.0286],
        [-0.0599, -0.0598]], device='cuda:0')
651 tensor([[ 0.0298,  0.0406],
        [ 0.0289,  0.0635],
        [-0.0452, -0.0287],
        [-0.0599, -0.0599]], device='cuda:0')
652 tensor([[ 0.0300,  0.0407],
        [ 0.0289,  0.0635],
        [-0.0454, -0.0288],
        [-0.0599, -0.0600]], device='cuda:0')
653 tensor([[ 0.0302,  0.0408],
        [ 0.0290,  0.0636],
        [-0.0455, -0.0288],
        [-0.0599, -0.0600]], device='cuda:0')
654 tensor([[ 0.0305,  0.0408],
        [ 0.0290,  0.0637],
        [-0.0458, -0.0289],
        [-0.0599, -0.0601]], device='cuda:0')
655 tensor([[ 0.0307,  0.0409],
        [ 0.0290,  0.0637],
        [-0.0460, -0.0290],
        [-0.0599, -0.0602]], device='cuda:0')
656 tensor([[ 0.0309,  0.0409],
        [ 0.0290,  0.0638],
        [-0.0462, -0.0290],
        [-0.0599, -0.0603]], device='cuda:0')
657 tensor([[ 0.0311,  0.0410],
        [ 0.0290,  0.0639],
        [-0.0464, -0.0291],
        [-0.0599, -0.0603]], device='cuda:0')
658 tensor([[ 0.0314,  0.0410],
        [ 0.0290,  0.0639],
        [-0.0466, -0.0292],
        [-0.0599, -0.0604]], device='cuda:0')
659 tensor([[ 0.0316,  0.0411],
        [ 0.0290,  0.0640],
        [-0.0468, -0.0292],
        [-0.0599, -0.0605]], device='cuda:0')
660 tensor([[ 0.0318,  0.0412],
        [ 0.0290,  0.0640],
        [-0.0471, -0.0293],
        [-0.0599, -0.0605]], device='cuda:0')
661 tensor([[ 0.0320,  0.0412],
        [ 0.0290,  0.0641],
        [-0.0473, -0.0293],
        [-0.0599, -0.0606]], device='cuda:0')
662 tensor([[ 0.0322,  0.0413],
        [ 0.0290,  0.0642],
        [-0.0475, -0.0294],
        [-0.0599, -0.0607]], device='cuda:0')
663 tensor([[ 0.0325,  0.0413],
        [ 0.0290,  0.0642],
        [-0.0477, -0.0295],
        [-0.0599, -0.0608]], device='cuda:0')
664 tensor([[ 0.0327,  0.0414],
        [ 0.0290,  0.0643],
        [-0.0479, -0.0295],
        [-0.0599, -0.0608]], device='cuda:0')
665 tensor([[ 0.0329,  0.0414],
        [ 0.0290,  0.0643],
        [-0.0481, -0.0296],
        [-0.0599, -0.0609]], device='cuda:0')
666 tensor([[ 0.0331,  0.0415],
        [ 0.0290,  0.0644],
        [-0.0483, -0.0297],
        [-0.0599, -0.0610]], device='cuda:0')
667 tensor([[ 0.0333,  0.0416],
        [ 0.0290,  0.0645],
        [-0.0485, -0.0297],
        [-0.0599, -0.0610]], device='cuda:0')
668 tensor([[ 0.0335,  0.0417],
        [ 0.0291,  0.0645],
        [-0.0487, -0.0298],
        [-0.0599, -0.0611]], device='cuda:0')
669 tensor([[ 0.0337,  0.0418],
        [ 0.0291,  0.0646],
        [-0.0489, -0.0299],
        [-0.0599, -0.0611]], device='cuda:0')
670 tensor([[ 0.0339,  0.0419],
        [ 0.0291,  0.0647],
        [-0.0492, -0.0300],
        [-0.0599, -0.0611]], device='cuda:0')
671 tensor([[ 0.0341,  0.0419],
        [ 0.0291,  0.0647],
        [-0.0494, -0.0301],
        [-0.0599, -0.0612]], device='cuda:0')
672 tensor([[ 0.0343,  0.0420],
        [ 0.0290,  0.0647],
        [-0.0496, -0.0301],
        [-0.0599, -0.0612]], device='cuda:0')
673 tensor([[ 0.0345,  0.0421],
        [ 0.0290,  0.0648],
        [-0.0498, -0.0302],
        [-0.0599, -0.0612]], device='cuda:0')
674 tensor([[ 0.0347,  0.0422],
        [ 0.0290,  0.0648],
        [-0.0500, -0.0303],
        [-0.0599, -0.0613]], device='cuda:0')
675 tensor([[ 0.0349,  0.0423],
        [ 0.0290,  0.0649],
        [-0.0502, -0.0304],
        [-0.0599, -0.0613]], device='cuda:0')
676 tensor([[ 0.0351,  0.0424],
        [ 0.0290,  0.0649],
        [-0.0504, -0.0305],
        [-0.0599, -0.0613]], device='cuda:0')
677 tensor([[ 0.0353,  0.0425],
        [ 0.0290,  0.0649],
        [-0.0506, -0.0306],
        [-0.0599, -0.0614]], device='cuda:0')
678 tensor([[ 0.0355,  0.0426],
        [ 0.0290,  0.0650],
        [-0.0508, -0.0307],
        [-0.0599, -0.0614]], device='cuda:0')
679 tensor([[ 0.0357,  0.0427],
        [ 0.0290,  0.0650],
        [-0.0510, -0.0308],
        [-0.0599, -0.0614]], device='cuda:0')
680 tensor([[ 0.0358,  0.0428],
        [ 0.0290,  0.0650],
        [-0.0512, -0.0309],
        [-0.0599, -0.0615]], device='cuda:0')
681 tensor([[ 0.0360,  0.0429],
        [ 0.0290,  0.0651],
        [-0.0514, -0.0309],
        [-0.0599, -0.0615]], device='cuda:0')
682 tensor([[ 0.0362,  0.0430],
        [ 0.0290,  0.0651],
        [-0.0516, -0.0310],
        [-0.0599, -0.0615]], device='cuda:0')
683 tensor([[ 0.0364,  0.0431],
        [ 0.0290,  0.0651],
        [-0.0517, -0.0311],
        [-0.0599, -0.0616]], device='cuda:0')
684 tensor([[ 0.0367,  0.0431],
        [ 0.0290,  0.0652],
        [-0.0520, -0.0312],
        [-0.0599, -0.0616]], device='cuda:0')
685 tensor([[ 0.0369,  0.0432],
        [ 0.0290,  0.0652],
        [-0.0522, -0.0313],
        [-0.0598, -0.0617]], device='cuda:0')
686 tensor([[ 0.0371,  0.0433],
        [ 0.0290,  0.0652],
        [-0.0524, -0.0314],
        [-0.0598, -0.0617]], device='cuda:0')
687 tensor([[ 0.0374,  0.0434],
        [ 0.0290,  0.0653],
        [-0.0526, -0.0315],
        [-0.0598, -0.0617]], device='cuda:0')
688 tensor([[ 0.0376,  0.0435],
        [ 0.0289,  0.0653],
        [-0.0529, -0.0316],
        [-0.0597, -0.0618]], device='cuda:0')
689 tensor([[ 0.0378,  0.0436],
        [ 0.0289,  0.0653],
        [-0.0531, -0.0316],
        [-0.0597, -0.0618]], device='cuda:0')
690 tensor([[ 0.0380,  0.0436],
        [ 0.0289,  0.0654],
        [-0.0533, -0.0317],
        [-0.0597, -0.0618]], device='cuda:0')
691 tensor([[ 0.0382,  0.0437],
        [ 0.0289,  0.0654],
        [-0.0535, -0.0318],
        [-0.0596, -0.0619]], device='cuda:0')
692 tensor([[ 0.0385,  0.0438],
        [ 0.0288,  0.0654],
        [-0.0537, -0.0319],
        [-0.0596, -0.0619]], device='cuda:0')
693 tensor([[ 0.0387,  0.0439],
        [ 0.0288,  0.0654],
        [-0.0539, -0.0320],
        [-0.0596, -0.0620]], device='cuda:0')
694 tensor([[ 0.0389,  0.0440],
        [ 0.0288,  0.0655],
        [-0.0542, -0.0321],
        [-0.0596, -0.0620]], device='cuda:0')
695 tensor([[ 0.0391,  0.0440],
        [ 0.0287,  0.0655],
        [-0.0544, -0.0322],
        [-0.0595, -0.0620]], device='cuda:0')
696 tensor([[ 0.0393,  0.0441],
        [ 0.0287,  0.0655],
        [-0.0546, -0.0322],
        [-0.0595, -0.0621]], device='cuda:0')
697 tensor([[ 0.0395,  0.0442],
        [ 0.0287,  0.0656],
        [-0.0548, -0.0323],
        [-0.0595, -0.0621]], device='cuda:0')
698 tensor([[ 0.0397,  0.0443],
        [ 0.0287,  0.0656],
        [-0.0550, -0.0324],
        [-0.0594, -0.0621]], device='cuda:0')
699 tensor([[ 0.0399,  0.0444],
        [ 0.0287,  0.0656],
        [-0.0552, -0.0325],
        [-0.0594, -0.0622]], device='cuda:0')
700 tensor([[ 0.0402,  0.0444],
        [ 0.0286,  0.0657],
        [-0.0554, -0.0326],
        [-0.0593, -0.0622]], device='cuda:0')
701 tensor([[ 0.0404,  0.0445],
        [ 0.0286,  0.0657],
        [-0.0556, -0.0327],
        [-0.0593, -0.0622]], device='cuda:0')
702 tensor([[ 0.0406,  0.0446],
        [ 0.0285,  0.0657],
        [-0.0558, -0.0327],
        [-0.0592, -0.0623]], device='cuda:0')
703 tensor([[ 0.0408,  0.0447],
        [ 0.0285,  0.0657],
        [-0.0560, -0.0328],
        [-0.0592, -0.0623]], device='cuda:0')
704 tensor([[ 0.0410,  0.0447],
        [ 0.0284,  0.0658],
        [-0.0562, -0.0329],
        [-0.0591, -0.0624]], device='cuda:0')
705 tensor([[ 0.0412,  0.0448],
        [ 0.0284,  0.0658],
        [-0.0564, -0.0330],
        [-0.0591, -0.0624]], device='cuda:0')
706 tensor([[ 0.0414,  0.0449],
        [ 0.0284,  0.0658],
        [-0.0566, -0.0331],
        [-0.0590, -0.0624]], device='cuda:0')
707 tensor([[ 0.0416,  0.0450],
        [ 0.0283,  0.0658],
        [-0.0568, -0.0331],
        [-0.0589, -0.0625]], device='cuda:0')
708 tensor([[ 0.0418,  0.0450],
        [ 0.0283,  0.0659],
        [-0.0570, -0.0332],
        [-0.0589, -0.0625]], device='cuda:0')
709 tensor([[ 0.0420,  0.0451],
        [ 0.0282,  0.0659],
        [-0.0572, -0.0333],
        [-0.0589, -0.0625]], device='cuda:0')
710 tensor([[ 0.0422,  0.0452],
        [ 0.0282,  0.0659],
        [-0.0574, -0.0334],
        [-0.0588, -0.0626]], device='cuda:0')
711 tensor([[ 0.0424,  0.0452],
        [ 0.0281,  0.0659],
        [-0.0576, -0.0335],
        [-0.0588, -0.0626]], device='cuda:0')
712 tensor([[ 0.0426,  0.0453],
        [ 0.0281,  0.0660],
        [-0.0578, -0.0335],
        [-0.0587, -0.0626]], device='cuda:0')
713 tensor([[ 0.0428,  0.0454],
        [ 0.0280,  0.0660],
        [-0.0580, -0.0336],
        [-0.0587, -0.0627]], device='cuda:0')
714 tensor([[ 0.0430,  0.0455],
        [ 0.0280,  0.0660],
        [-0.0581, -0.0337],
        [-0.0586, -0.0627]], device='cuda:0')
715 tensor([[ 0.0431,  0.0455],
        [ 0.0280,  0.0661],
        [-0.0583, -0.0338],
        [-0.0585, -0.0627]], device='cuda:0')
716 tensor([[ 0.0433,  0.0456],
        [ 0.0279,  0.0661],
        [-0.0585, -0.0338],
        [-0.0585, -0.0628]], device='cuda:0')
717 tensor([[ 0.0435,  0.0457],
        [ 0.0279,  0.0661],
        [-0.0587, -0.0339],
        [-0.0584, -0.0628]], device='cuda:0')
718 tensor([[ 0.0437,  0.0457],
        [ 0.0278,  0.0661],
        [-0.0589, -0.0340],
        [-0.0583, -0.0628]], device='cuda:0')
719 tensor([[ 0.0439,  0.0458],
        [ 0.0277,  0.0662],
        [-0.0591, -0.0341],
        [-0.0582, -0.0629]], device='cuda:0')
720 tensor([[ 0.0441,  0.0459],
        [ 0.0277,  0.0662],
        [-0.0592, -0.0341],
        [-0.0582, -0.0629]], device='cuda:0')
721 tensor([[ 0.0443,  0.0459],
        [ 0.0276,  0.0662],
        [-0.0594, -0.0342],
        [-0.0581, -0.0629]], device='cuda:0')
722 tensor([[ 0.0445,  0.0460],
        [ 0.0275,  0.0662],
        [-0.0596, -0.0343],
        [-0.0580, -0.0630]], device='cuda:0')
723 tensor([[ 0.0446,  0.0461],
        [ 0.0275,  0.0663],
        [-0.0598, -0.0344],
        [-0.0580, -0.0630]], device='cuda:0')
724 tensor([[ 0.0448,  0.0461],
        [ 0.0274,  0.0663],
        [-0.0600, -0.0344],
        [-0.0579, -0.0630]], device='cuda:0')
725 tensor([[ 0.0450,  0.0462],
        [ 0.0273,  0.0663],
        [-0.0601, -0.0345],
        [-0.0579, -0.0631]], device='cuda:0')
726 tensor([[ 0.0452,  0.0463],
        [ 0.0273,  0.0663],
        [-0.0603, -0.0346],
        [-0.0578, -0.0631]], device='cuda:0')
727 tensor([[ 0.0454,  0.0463],
        [ 0.0272,  0.0664],
        [-0.0605, -0.0346],
        [-0.0578, -0.0631]], device='cuda:0')
728 tensor([[ 0.0455,  0.0464],
        [ 0.0272,  0.0664],
        [-0.0607, -0.0347],
        [-0.0577, -0.0631]], device='cuda:0')
729 tensor([[ 0.0457,  0.0465],
        [ 0.0271,  0.0664],
        [-0.0609, -0.0348],
        [-0.0577, -0.0631]], device='cuda:0')
730 tensor([[ 0.0459,  0.0466],
        [ 0.0270,  0.0665],
        [-0.0610, -0.0348],
        [-0.0576, -0.0631]], device='cuda:0')
731 tensor([[ 0.0460,  0.0466],
        [ 0.0270,  0.0665],
        [-0.0612, -0.0349],
        [-0.0576, -0.0631]], device='cuda:0')
732 tensor([[ 0.0462,  0.0467],
        [ 0.0269,  0.0665],
        [-0.0614, -0.0350],
        [-0.0575, -0.0631]], device='cuda:0')
733 tensor([[ 0.0464,  0.0468],
        [ 0.0269,  0.0665],
        [-0.0616, -0.0350],
        [-0.0575, -0.0631]], device='cuda:0')
734 tensor([[ 0.0466,  0.0468],
        [ 0.0268,  0.0665],
        [-0.0617, -0.0351],
        [-0.0574, -0.0632]], device='cuda:0')
735 tensor([[ 0.0467,  0.0469],
        [ 0.0267,  0.0666],
        [-0.0619, -0.0352],
        [-0.0574, -0.0632]], device='cuda:0')
736 tensor([[ 0.0469,  0.0470],
        [ 0.0267,  0.0666],
        [-0.0621, -0.0352],
        [-0.0573, -0.0632]], device='cuda:0')
737 tensor([[ 0.0470,  0.0470],
        [ 0.0266,  0.0666],
        [-0.0623, -0.0353],
        [-0.0573, -0.0632]], device='cuda:0')
738 tensor([[ 0.0472,  0.0471],
        [ 0.0266,  0.0666],
        [-0.0624, -0.0353],
        [-0.0572, -0.0632]], device='cuda:0')
739 tensor([[ 0.0474,  0.0472],
        [ 0.0265,  0.0666],
        [-0.0626, -0.0354],
        [-0.0572, -0.0632]], device='cuda:0')
740 tensor([[ 0.0475,  0.0472],
        [ 0.0264,  0.0666],
        [-0.0628, -0.0355],
        [-0.0571, -0.0632]], device='cuda:0')
741 tensor([[ 0.0477,  0.0473],
        [ 0.0264,  0.0666],
        [-0.0629, -0.0355],
        [-0.0571, -0.0632]], device='cuda:0')
742 tensor([[ 0.0479,  0.0474],
        [ 0.0263,  0.0666],
        [-0.0631, -0.0356],
        [-0.0570, -0.0632]], device='cuda:0')
743 tensor([[ 0.0480,  0.0474],
        [ 0.0263,  0.0666],
        [-0.0632, -0.0357],
        [-0.0569, -0.0632]], device='cuda:0')
744 tensor([[ 0.0481,  0.0475],
        [ 0.0262,  0.0667],
        [-0.0633, -0.0357],
        [-0.0569, -0.0633]], device='cuda:0')
745 tensor([[ 0.0483,  0.0476],
        [ 0.0262,  0.0667],
        [-0.0635, -0.0358],
        [-0.0568, -0.0633]], device='cuda:0')
746 tensor([[ 0.0484,  0.0476],
        [ 0.0261,  0.0667],
        [-0.0636, -0.0359],
        [-0.0567, -0.0633]], device='cuda:0')
747 tensor([[ 0.0485,  0.0477],
        [ 0.0261,  0.0667],
        [-0.0637, -0.0359],
        [-0.0567, -0.0633]], device='cuda:0')
748 tensor([[ 0.0486,  0.0477],
        [ 0.0260,  0.0667],
        [-0.0638, -0.0360],
        [-0.0566, -0.0633]], device='cuda:0')
749 tensor([[ 0.0488,  0.0478],
        [ 0.0259,  0.0667],
        [-0.0639, -0.0360],
        [-0.0565, -0.0633]], device='cuda:0')
750 tensor([[ 0.0489,  0.0479],
        [ 0.0258,  0.0667],
        [-0.0641, -0.0361],
        [-0.0564, -0.0633]], device='cuda:0')
751 tensor([[ 0.0490,  0.0479],
        [ 0.0258,  0.0667],
        [-0.0642, -0.0362],
        [-0.0564, -0.0634]], device='cuda:0')
752 tensor([[ 0.0491,  0.0480],
        [ 0.0257,  0.0667],
        [-0.0643, -0.0362],
        [-0.0563, -0.0634]], device='cuda:0')
753 tensor([[ 0.0492,  0.0480],
        [ 0.0256,  0.0667],
        [-0.0644, -0.0363],
        [-0.0562, -0.0634]], device='cuda:0')
754 tensor([[ 0.0494,  0.0481],
        [ 0.0256,  0.0667],
        [-0.0645, -0.0364],
        [-0.0562, -0.0634]], device='cuda:0')
755 tensor([[ 0.0495,  0.0481],
        [ 0.0255,  0.0667],
        [-0.0646, -0.0364],
        [-0.0561, -0.0634]], device='cuda:0')
756 tensor([[ 0.0496,  0.0482],
        [ 0.0254,  0.0667],
        [-0.0648, -0.0365],
        [-0.0560, -0.0634]], device='cuda:0')
757 tensor([[ 0.0497,  0.0483],
        [ 0.0254,  0.0668],
        [-0.0649, -0.0365],
        [-0.0560, -0.0634]], device='cuda:0')
758 tensor([[ 0.0498,  0.0483],
        [ 0.0253,  0.0668],
        [-0.0650, -0.0366],
        [-0.0559, -0.0635]], device='cuda:0')
759 tensor([[ 0.0499,  0.0484],
        [ 0.0253,  0.0668],
        [-0.0650, -0.0367],
        [-0.0558, -0.0635]], device='cuda:0')
760 tensor([[ 0.0500,  0.0484],
        [ 0.0252,  0.0668],
        [-0.0651, -0.0367],
        [-0.0557, -0.0635]], device='cuda:0')
761 tensor([[ 0.0501,  0.0485],
        [ 0.0251,  0.0668],
        [-0.0652, -0.0368],
        [-0.0557, -0.0635]], device='cuda:0')
762 tensor([[ 0.0501,  0.0485],
        [ 0.0251,  0.0668],
        [-0.0652, -0.0368],
        [-0.0556, -0.0635]], device='cuda:0')
763 tensor([[ 0.0502,  0.0486],
        [ 0.0250,  0.0668],
        [-0.0653, -0.0369],
        [-0.0555, -0.0635]], device='cuda:0')
764 tensor([[ 0.0503,  0.0486],
        [ 0.0249,  0.0668],
        [-0.0654, -0.0370],
        [-0.0554, -0.0635]], device='cuda:0')
765 tensor([[ 0.0504,  0.0487],
        [ 0.0248,  0.0668],
        [-0.0655, -0.0370],
        [-0.0553, -0.0636]], device='cuda:0')
766 tensor([[ 0.0504,  0.0488],
        [ 0.0248,  0.0668],
        [-0.0655, -0.0371],
        [-0.0553, -0.0636]], device='cuda:0')
767 tensor([[ 0.0505,  0.0488],
        [ 0.0247,  0.0668],
        [-0.0656, -0.0371],
        [-0.0552, -0.0636]], device='cuda:0')
768 tensor([[ 0.0506,  0.0489],
        [ 0.0246,  0.0668],
        [-0.0657, -0.0372],
        [-0.0551, -0.0636]], device='cuda:0')
769 tensor([[ 0.0507,  0.0489],
        [ 0.0245,  0.0668],
        [-0.0657, -0.0373],
        [-0.0551, -0.0636]], device='cuda:0')
770 tensor([[ 0.0507,  0.0490],
        [ 0.0245,  0.0668],
        [-0.0658, -0.0373],
        [-0.0550, -0.0636]], device='cuda:0')
771 tensor([[ 0.0508,  0.0490],
        [ 0.0244,  0.0669],
        [-0.0659, -0.0374],
        [-0.0550, -0.0636]], device='cuda:0')
772 tensor([[ 0.0509,  0.0491],
        [ 0.0243,  0.0669],
        [-0.0660, -0.0374],
        [-0.0549, -0.0637]], device='cuda:0')
773 tensor([[ 0.0510,  0.0491],
        [ 0.0242,  0.0669],
        [-0.0660, -0.0375],
        [-0.0548, -0.0637]], device='cuda:0')
774 tensor([[ 0.0510,  0.0492],
        [ 0.0242,  0.0669],
        [-0.0660, -0.0375],
        [-0.0547, -0.0637]], device='cuda:0')
775 tensor([[ 0.0511,  0.0492],
        [ 0.0241,  0.0669],
        [-0.0661, -0.0376],
        [-0.0546, -0.0637]], device='cuda:0')
776 tensor([[ 0.0511,  0.0493],
        [ 0.0241,  0.0669],
        [-0.0661, -0.0376],
        [-0.0546, -0.0637]], device='cuda:0')
777 tensor([[ 0.0512,  0.0493],
        [ 0.0240,  0.0669],
        [-0.0662, -0.0377],
        [-0.0545, -0.0637]], device='cuda:0')
778 tensor([[ 0.0512,  0.0494],
        [ 0.0239,  0.0669],
        [-0.0662, -0.0378],
        [-0.0544, -0.0637]], device='cuda:0')
779 tensor([[ 0.0512,  0.0494],
        [ 0.0239,  0.0669],
        [-0.0662, -0.0378],
        [-0.0543, -0.0638]], device='cuda:0')
780 tensor([[ 0.0513,  0.0495],
        [ 0.0238,  0.0669],
        [-0.0663, -0.0379],
        [-0.0543, -0.0638]], device='cuda:0')
781 tensor([[ 0.0513,  0.0495],
        [ 0.0237,  0.0669],
        [-0.0663, -0.0379],
        [-0.0542, -0.0638]], device='cuda:0')
782 tensor([[ 0.0514,  0.0496],
        [ 0.0236,  0.0669],
        [-0.0663, -0.0380],
        [-0.0541, -0.0638]], device='cuda:0')
783 tensor([[ 0.0514,  0.0496],
        [ 0.0236,  0.0669],
        [-0.0664, -0.0380],
        [-0.0541, -0.0638]], device='cuda:0')
784 tensor([[ 0.0514,  0.0497],
        [ 0.0235,  0.0669],
        [-0.0664, -0.0381],
        [-0.0540, -0.0638]], device='cuda:0')
785 tensor([[ 0.0515,  0.0497],
        [ 0.0234,  0.0669],
        [-0.0665, -0.0381],
        [-0.0539, -0.0638]], device='cuda:0')
786 tensor([[ 0.0515,  0.0498],
        [ 0.0233,  0.0669],
        [-0.0665, -0.0382],
        [-0.0539, -0.0638]], device='cuda:0')
787 tensor([[ 0.0515,  0.0498],
        [ 0.0233,  0.0669],
        [-0.0665, -0.0382],
        [-0.0538, -0.0639]], device='cuda:0')
788 tensor([[ 0.0516,  0.0499],
        [ 0.0232,  0.0670],
        [-0.0665, -0.0383],
        [-0.0538, -0.0639]], device='cuda:0')
789 tensor([[ 0.0516,  0.0499],
        [ 0.0231,  0.0670],
        [-0.0665, -0.0383],
        [-0.0537, -0.0639]], device='cuda:0')
790 tensor([[ 0.0516,  0.0499],
        [ 0.0231,  0.0670],
        [-0.0666, -0.0384],
        [-0.0536, -0.0639]], device='cuda:0')
791 tensor([[ 0.0516,  0.0500],
        [ 0.0230,  0.0670],
        [-0.0666, -0.0384],
        [-0.0535, -0.0639]], device='cuda:0')
792 tensor([[ 0.0517,  0.0500],
        [ 0.0230,  0.0670],
        [-0.0666, -0.0385],
        [-0.0534, -0.0639]], device='cuda:0')
793 tensor([[ 0.0517,  0.0501],
        [ 0.0229,  0.0670],
        [-0.0666, -0.0385],
        [-0.0534, -0.0639]], device='cuda:0')
794 tensor([[ 0.0517,  0.0501],
        [ 0.0228,  0.0670],
        [-0.0666, -0.0386],
        [-0.0533, -0.0639]], device='cuda:0')
795 tensor([[ 0.0517,  0.0502],
        [ 0.0228,  0.0670],
        [-0.0666, -0.0386],
        [-0.0532, -0.0640]], device='cuda:0')
796 tensor([[ 0.0517,  0.0502],
        [ 0.0227,  0.0670],
        [-0.0666, -0.0387],
        [-0.0532, -0.0640]], device='cuda:0')
797 tensor([[ 0.0517,  0.0503],
        [ 0.0226,  0.0670],
        [-0.0666, -0.0387],
        [-0.0531, -0.0640]], device='cuda:0')
798 tensor([[ 0.0517,  0.0503],
        [ 0.0225,  0.0670],
        [-0.0666, -0.0388],
        [-0.0530, -0.0640]], device='cuda:0')
799 tensor([[ 0.0517,  0.0504],
        [ 0.0225,  0.0670],
        [-0.0666, -0.0388],
        [-0.0530, -0.0640]], device='cuda:0')
800 tensor([[ 0.0517,  0.0504],
        [ 0.0224,  0.0670],
        [-0.0666, -0.0389],
        [-0.0529, -0.0640]], device='cuda:0')
801 tensor([[ 0.0517,  0.0504],
        [ 0.0223,  0.0670],
        [-0.0666, -0.0389],
        [-0.0529, -0.0640]], device='cuda:0')
802 tensor([[ 0.0517,  0.0505],
        [ 0.0222,  0.0670],
        [-0.0666, -0.0390],
        [-0.0528, -0.0640]], device='cuda:0')
803 tensor([[ 0.0517,  0.0505],
        [ 0.0222,  0.0670],
        [-0.0666, -0.0390],
        [-0.0527, -0.0640]], device='cuda:0')
804 tensor([[ 0.0517,  0.0506],
        [ 0.0221,  0.0670],
        [-0.0666, -0.0391],
        [-0.0527, -0.0641]], device='cuda:0')
805 tensor([[ 0.0518,  0.0506],
        [ 0.0221,  0.0670],
        [-0.0666, -0.0391],
        [-0.0526, -0.0641]], device='cuda:0')
806 tensor([[ 0.0517,  0.0507],
        [ 0.0220,  0.0671],
        [-0.0666, -0.0392],
        [-0.0525, -0.0641]], device='cuda:0')
807 tensor([[ 0.0517,  0.0507],
        [ 0.0220,  0.0671],
        [-0.0665, -0.0392],
        [-0.0524, -0.0641]], device='cuda:0')
808 tensor([[ 0.0517,  0.0507],
        [ 0.0219,  0.0671],
        [-0.0665, -0.0393],
        [-0.0524, -0.0641]], device='cuda:0')
809 tensor([[ 0.0517,  0.0508],
        [ 0.0218,  0.0671],
        [-0.0665, -0.0393],
        [-0.0523, -0.0641]], device='cuda:0')
810 tensor([[ 0.0517,  0.0508],
        [ 0.0218,  0.0671],
        [-0.0665, -0.0394],
        [-0.0522, -0.0641]], device='cuda:0')
811 tensor([[ 0.0517,  0.0509],
        [ 0.0217,  0.0671],
        [-0.0665, -0.0394],
        [-0.0522, -0.0641]], device='cuda:0')
812 tensor([[ 0.0516,  0.0509],
        [ 0.0216,  0.0671],
        [-0.0664, -0.0395],
        [-0.0521, -0.0641]], device='cuda:0')
813 tensor([[ 0.0516,  0.0510],
        [ 0.0215,  0.0671],
        [-0.0664, -0.0395],
        [-0.0521, -0.0642]], device='cuda:0')
814 tensor([[ 0.0516,  0.0510],
        [ 0.0215,  0.0671],
        [-0.0664, -0.0395],
        [-0.0520, -0.0642]], device='cuda:0')
815 tensor([[ 0.0516,  0.0510],
        [ 0.0214,  0.0671],
        [-0.0664, -0.0396],
        [-0.0520, -0.0642]], device='cuda:0')
816 tensor([[ 0.0516,  0.0511],
        [ 0.0213,  0.0671],
        [-0.0664, -0.0396],
        [-0.0519, -0.0642]], device='cuda:0')
817 tensor([[ 0.0515,  0.0511],
        [ 0.0213,  0.0671],
        [-0.0664, -0.0397],
        [-0.0518, -0.0642]], device='cuda:0')
818 tensor([[ 0.0515,  0.0512],
        [ 0.0212,  0.0671],
        [-0.0664, -0.0397],
        [-0.0518, -0.0642]], device='cuda:0')
819 tensor([[ 0.0515,  0.0512],
        [ 0.0212,  0.0671],
        [-0.0663, -0.0398],
        [-0.0517, -0.0642]], device='cuda:0')
820 tensor([[ 0.0515,  0.0512],
        [ 0.0211,  0.0671],
        [-0.0663, -0.0398],
        [-0.0516, -0.0642]], device='cuda:0')
821 tensor([[ 0.0515,  0.0513],
        [ 0.0210,  0.0671],
        [-0.0662, -0.0399],
        [-0.0516, -0.0642]], device='cuda:0')
822 tensor([[ 0.0515,  0.0513],
        [ 0.0210,  0.0671],
        [-0.0662, -0.0399],
        [-0.0515, -0.0642]], device='cuda:0')
823 tensor([[ 0.0514,  0.0513],
        [ 0.0209,  0.0671],
        [-0.0662, -0.0399],
        [-0.0514, -0.0643]], device='cuda:0')
824 tensor([[ 0.0514,  0.0514],
        [ 0.0209,  0.0671],
        [-0.0661, -0.0400],
        [-0.0514, -0.0643]], device='cuda:0')
