487 0
487 1
487 2
487 3
487 5
501 1
502 0
502 2
502 5
503 3
515 1
517 0
517 2
517 5
519 3
529 1
532 0
532 2
532 4
535 3
545 1
546 0
547 4
548 2
549 3
561 0
561 1
562 4
563 2
563 3
576 0
577 1
577 3
577 5
578 2
591 0
591 1
592 4
593 2
593 3
606 0
607 1
607 3
607 4
608 2
621 0
621 3
622 4
623 1
623 2
636 0
636 3
637 4
638 1
638 2
650 3
651 0
652 4
653 2
654 1
664 3
666 0
667 5
668 2
670 1
680 3
681 0
682 4
683 2
684 1
694 3
697 0
697 2
697 4
700 1
708 3
712 0
712 2
712 4
716 1
722 3
727 0
727 2
727 5
732 1
738 3
741 2
742 4
743 0
746 1
752 3
756 2
757 4
758 0
762 1
765 3
770 2
772 4
774 0
779 1
780 3
785 2
787 4
789 0
794 1
795 3
799 2
802 4
805 0
809 1
810 3
813 2
817 4
821 0
824 1
