112717 0
112717 1
112717 2
112717 3
112717 5
112731 1
112732 0
112732 2
112732 4
112733 3
112747 0
112747 1
112747 2
112747 3
112747 5
112761 1
112762 0
112762 2
112762 4
112763 3
112777 0
112777 1
112777 2
112777 3
112777 4
112791 3
112792 0
112792 2
112792 5
112793 1
112807 0
112807 1
112807 2
112807 3
112807 5
112821 1
112822 0
112822 2
112822 4
112823 3
112837 0
112837 1
112837 2
112837 3
112837 4
112851 3
112852 0
112852 2
112852 5
112853 1
112867 0
112867 1
112867 2
112867 3
112867 5
112881 1
112882 0
112882 2
112882 4
112882 5
112883 3
112895 1
112896 4
112897 0
112897 2
112897 4
112899 3
112911 1
112912 0
112912 2
112912 4
112913 3
112927 0
112927 1
112927 2
112927 3
112927 5
112941 1
112942 0
112942 2
112942 4
112943 3
112957 0
112957 1
112957 2
112957 3
112957 4
112971 3
112972 0
112972 2
112972 5
112973 1
112987 0
112987 1
112987 2
112987 3
112987 4
113001 3
113002 0
113002 2
113002 4
113002 5
113003 1
113015 3
113016 5
113017 0
113017 2
113017 5
113019 1
113031 3
113032 0
113032 2
113032 5
113033 1
113047 0
113047 1
113047 2
113047 3
113047 4
113061 3
113062 0
113062 2
113062 5
113063 1
113077 0
113077 1
113077 2
113077 3
113077 5
113091 1
113092 0
113092 2
113092 4
113093 3
113107 0
113107 1
113107 2
113107 3
113107 4
113121 3
113122 0
113122 2
113122 5
113123 1
113137 0
113137 1
113137 2
113137 3
113137 4
113151 3
113152 0
113152 2
113152 5
113153 1
113167 0
113167 1
113167 2
113167 3
113167 4
113181 3
113182 0
113182 2
113182 4
113182 5
113183 1
113195 3
113196 5
113197 0
113197 2
113197 5
113199 1
113211 3
113212 0
113212 2
113212 5
113213 1
113226 2
113227 1
113227 3
113227 5
113228 0
113241 1
113241 2
113242 4
113243 0
113243 3
113257 0
113257 1
113257 2
113257 3
113257 5
113271 1
113271 2
113272 4
113273 0
113273 3
113287 0
113287 1
113287 2
113287 3
113287 5
113301 1
113302 0
113302 2
113302 4
113303 3
113317 0
113317 1
113317 2
113317 3
113317 4
113331 3
113332 0
113332 2
113332 5
113333 1
113347 0
113347 1
113347 2
113347 3
113347 5
113361 1
113361 2
113362 5
113363 0
113363 3
113375 1
113376 4
113377 0
113377 2
113377 4
113379 3
113391 1
113392 0
113392 2
113392 4
113392 5
113393 3
113405 1
113406 4
113407 0
113407 2
113407 4
113409 3
113421 1
113422 0
113422 2
113422 4
113422 5
113423 3
113435 1
113436 4
113437 0
113437 2
113437 4
113439 3
113451 1
113452 0
113452 2
113452 4
113452 5
113453 3
113465 1
113466 4
113467 0
113467 2
113467 4
113469 3
113481 1
113482 0
113482 2
113482 4
113482 5
113483 3
113495 1
113496 4
113497 0
113497 2
113497 4
113499 3
113511 0
113511 1
113512 4
113513 2
113513 3
113526 0
113527 1
113527 3
113527 5
113528 2
113541 0
113541 1
113542 4
113543 2
113543 3
113556 0
113557 1
113557 3
113557 5
113558 2
113571 0
113571 1
113572 4
113573 2
113573 3
113586 0
113587 1
113587 3
113587 5
113588 2
113601 0
113601 1
113602 4
113603 2
113603 3
113616 0
113617 1
113617 3
113617 4
113618 2
113631 0
113631 3
113632 5
113633 1
113633 2
113646 0
113647 1
113647 3
113647 4
113648 2
113661 0
113661 3
113662 5
113663 1
113663 2
113676 0
113677 1
113677 3
113677 4
113678 2
113691 0
113691 3
113692 4
113693 1
113693 2
113705 3
113706 0
113707 5
113708 2
113709 1
113721 3
113722 0
113722 2
113722 4
113723 1
113735 3
113737 0
113737 2
113737 4
113739 1
113749 3
113750 5
113752 0
113752 2
113752 4
113755 1
113763 3
113764 5
113767 0
113767 2
113767 4
113771 1
113777 3
113778 5
113782 0
113782 2
113782 5
113787 1
113793 3
113794 5
113796 2
113797 5
113798 0
113801 1
113802 4
113809 3
113810 5
113811 2
113812 5
113813 0
113815 1
113816 4
113825 3
113826 2
113826 5
113827 5
113828 0
113829 1
113840 2
113841 3
113842 5
113843 1
113844 0
113845 4
113855 2
113857 1
113857 3
113857 5
113859 0
113870 2
113871 1
113872 4
113873 3
113874 0
113885 2
113887 1
113887 3
113887 5
113889 0
113900 2
113901 1
113902 5
113903 3
113904 0
113915 1
113915 2
113917 4
113919 0
113919 3
113931 2
113932 1
113932 3
113932 5
113933 0
113946 1
113946 2
113947 5
113948 0
113948 3
113960 1
113961 2
113961 4
113962 4
113963 0
113964 3
113976 1
113976 2
113977 5
113978 0
113978 3
113990 1
113991 2
113991 4
113992 5
113993 0
113994 3
114004 1
114005 4
114006 2
114007 4
114008 0
114010 3
114020 1
114021 4
114022 0
114022 2
114022 5
114024 3
114034 1
114035 4
114037 0
114037 2
114037 4
114040 3
114050 1
114051 4
114052 0
114052 2
114052 5
114054 3
114064 1
114065 4
114067 0
114067 2
114067 4
114070 3
114080 1
114081 0
114081 4
114082 5
114083 2
114084 3
114094 1
114095 4
114096 0
114097 4
114098 2
114100 3
114101 5
114110 1
114111 0
114111 4
114112 4
114113 2
114114 3
114126 0
114126 1
114127 4
114127 5
114128 2
114128 3
114140 1
114141 0
114141 4
114142 4
114143 2
114144 3
114155 0
114156 1
114157 4
114158 3
114159 2
114160 5
114170 0
114171 1
114172 4
114172 5
114173 3
114174 2
114185 0
114185 1
114186 4
114187 4
114189 2
114189 3
114190 5
114200 0
114201 1
114202 4
114202 5
114203 3
114204 2
114215 0
114215 1
114216 4
114217 4
114219 2
114219 3
114220 5
114230 0
114231 1
114232 4
114233 3
114234 2
114235 5
114245 0
114247 1
114247 3
114247 4
114249 2
114260 0
114261 3
114262 4
114263 1
114264 2
114275 0
114275 3
114277 4
114279 1
114279 2
114290 0
114290 3
114292 5
114294 1
114294 2
114305 0
114306 3
114307 4
114308 1
114309 2
114320 0
114320 3
114322 4
114324 1
114324 2
114334 3
114335 0
114337 5
114339 2
114340 1
114350 3
114351 0
114352 4
114353 2
114354 1
114364 3
114366 0
114367 4
114368 2
114370 1
114378 3
114381 0
114382 5
114383 2
114386 1
114394 3
114395 5
114396 0
114397 4
114398 2
114400 1
114408 3
114409 5
114412 0
114412 2
114412 5
114416 1
114424 3
114425 5
114427 0
114427 2
114427 4
114430 1
114438 3
114439 5
114442 0
114442 2
114442 5
114446 1
114454 3
114455 5
114456 2
114457 4
114458 0
114460 1
114461 4
114468 3
114469 5
114471 2
114472 5
114473 0
114476 1
114477 4
114484 3
114485 5
114486 2
114487 4
114488 0
114490 1
114491 4
114498 3
114499 5
114500 2
114502 5
114504 0
114506 1
114507 4
114514 3
114515 2
114515 5
114517 5
114519 0
114520 1
114521 4
114530 2
114530 3
114531 5
114532 5
114534 0
114534 1
114535 4
114545 2
114546 3
114547 4
114547 5
114548 1
114549 0
114559 2
114560 3
114561 5
114562 5
114564 1
114565 0
114566 4
114574 2
114575 3
114576 5
114577 5
114579 1
114580 0
114581 4
114589 2
114591 3
114592 5
114593 1
114595 0
114596 4
114604 2
114607 1
114607 3
114607 5
114610 0
114619 2
114621 1
114622 5
114623 3
114625 0
114634 2
114635 1
114637 5
114639 3
114640 0
114649 1
114649 2
114652 4
114655 0
114655 3
114664 2
114666 1
114667 5
114668 3
114670 0
114680 1
114680 2
114682 5
114684 0
114684 3
114694 1
114695 2
114695 4
114697 5
114699 0
114700 3
114708 1
114709 4
114710 2
114712 4
114714 0
114716 3
114724 1
114725 2
114725 4
114727 5
114729 0
114730 3
114738 1
114739 4
114741 2
114742 5
114743 0
114746 3
114752 1
114753 4
114756 2
114757 4
114758 0
114762 3
114768 1
114769 4
114772 0
114772 2
114772 5
114776 3
114782 1
114783 4
114787 0
114787 2
114787 4
114792 3
114799 1
114800 4
114802 0
114802 2
114802 5
114805 3
114812 1
114813 4
114816 0
114817 4
114818 2
114822 3
114823 5
114828 1
114829 4
114831 0
114832 5
114833 2
114836 3
114837 5
114842 1
114843 4
114846 0
114847 4
114848 2
114852 3
114853 5
114858 1
114859 4
114860 0
114862 4
114864 2
114866 3
114867 5
114874 1
114875 0
114875 4
114877 4
114879 2
114880 3
114881 5
114890 0
114890 1
114891 4
114892 5
114894 2
114894 3
114895 5
114904 0
114904 1
114905 4
114907 4
114910 2
114910 3
114911 5
114919 0
114920 1
114921 4
114922 4
114924 3
114925 2
114926 5
114934 0
114936 1
114937 4
114938 3
114940 2
114941 5
114949 0
114951 1
114952 4
114953 3
114955 2
114956 5
114964 0
114967 1
114967 3
114967 5
114970 2
114979 0
114981 1
114982 4
114983 3
114985 2
114986 5
114994 0
114997 1
114997 3
114997 4
115000 2
115009 0
115010 4
115012 1
115012 3
115012 4
115015 2
115024 0
115025 4
115026 3
115027 5
115028 1
115030 2
115039 0
115040 4
115042 1
115042 3
115042 4
115045 2
115054 0
115055 4
115056 3
115057 4
115058 1
115060 2
115069 0
115070 3
115070 4
115072 4
115074 1
115075 2
115084 0
115085 3
115085 4
115087 5
115089 1
115090 2
115099 0
115100 4
115101 3
115102 4
115103 1
115105 2
115114 0
115115 3
115115 4
115117 4
115119 1
115120 2
115129 0
115129 3
115132 4
115135 1
115135 2
115143 3
115144 5
115145 0
115147 4
115149 2
115151 1
115157 3
115158 5
115160 0
115162 4
115164 2
115167 1
115172 3
115173 5
115176 0
115177 4
115178 2
115182 1
115186 3
115187 5
115191 0
115192 4
115193 2
115198 1
115200 3
115201 5
115207 0
115207 2
115207 4
115214 1
115215 3
115216 5
115222 0
115222 2
115222 5
115229 1
115230 3
115231 5
115236 2
115237 5
115238 0
115244 1
115246 3
115247 5
115250 2
115252 4
115254 0
115258 1
115259 4
115260 3
115261 5
115265 2
115267 5
115269 0
115274 1
115275 3
115276 5
115279 2
115282 5
115285 0
115289 1
115291 3
115292 5
115293 2
115297 5
115301 0
115303 1
115304 4
