6420 tensor([[ 0.1317,  0.0876],
        [ 0.0436,  0.0112],
        [-0.1477, -0.0749],
        [-0.0748, -0.0071]], device='cuda:0')
6421 tensor([[ 0.1316,  0.0875],
        [ 0.0436,  0.0110],
        [-0.1477, -0.0747],
        [-0.0747, -0.0070]], device='cuda:0')
6422 tensor([[ 0.1316,  0.0873],
        [ 0.0435,  0.0109],
        [-0.1476, -0.0746],
        [-0.0746, -0.0068]], device='cuda:0')
6423 tensor([[ 0.1315,  0.0872],
        [ 0.0434,  0.0108],
        [-0.1475, -0.0744],
        [-0.0746, -0.0067]], device='cuda:0')
6424 tensor([[ 0.1314,  0.0870],
        [ 0.0433,  0.0106],
        [-0.1474, -0.0743],
        [-0.0745, -0.0066]], device='cuda:0')
6425 tensor([[ 0.1313,  0.0869],
        [ 0.0432,  0.0105],
        [-0.1473, -0.0741],
        [-0.0744, -0.0064]], device='cuda:0')
6426 tensor([[ 0.1312,  0.0867],
        [ 0.0431,  0.0104],
        [-0.1472, -0.0740],
        [-0.0743, -0.0063]], device='cuda:0')
6427 tensor([[ 0.1311,  0.0866],
        [ 0.0430,  0.0103],
        [-0.1472, -0.0738],
        [-0.0743, -0.0061]], device='cuda:0')
6428 tensor([[ 0.1310,  0.0864],
        [ 0.0429,  0.0101],
        [-0.1471, -0.0737],
        [-0.0742, -0.0060]], device='cuda:0')
6429 tensor([[ 0.1309,  0.0863],
        [ 0.0429,  0.0100],
        [-0.1470, -0.0736],
        [-0.0741, -0.0059]], device='cuda:0')
6430 tensor([[ 0.1309,  0.0862],
        [ 0.0428,  0.0099],
        [-0.1469, -0.0734],
        [-0.0740, -0.0058]], device='cuda:0')
6431 tensor([[ 0.1308,  0.0860],
        [ 0.0427,  0.0097],
        [-0.1468, -0.0733],
        [-0.0739, -0.0056]], device='cuda:0')
6432 tensor([[ 0.1307,  0.0859],
        [ 0.0426,  0.0096],
        [-0.1467, -0.0732],
        [-0.0739, -0.0055]], device='cuda:0')
6433 tensor([[ 0.1306,  0.0857],
        [ 0.0425,  0.0095],
        [-0.1466, -0.0730],
        [-0.0738, -0.0054]], device='cuda:0')
6434 tensor([[ 0.1305,  0.0856],
        [ 0.0425,  0.0093],
        [-0.1466, -0.0729],
        [-0.0737, -0.0053]], device='cuda:0')
6435 tensor([[ 0.1305,  0.0854],
        [ 0.0424,  0.0092],
        [-0.1465, -0.0727],
        [-0.0736, -0.0051]], device='cuda:0')
6436 tensor([[ 0.1304,  0.0853],
        [ 0.0423,  0.0091],
        [-0.1464, -0.0726],
        [-0.0735, -0.0050]], device='cuda:0')
6437 tensor([[ 0.1303,  0.0851],
        [ 0.0422,  0.0090],
        [-0.1463, -0.0725],
        [-0.0735, -0.0049]], device='cuda:0')
6438 tensor([[ 0.1302,  0.0850],
        [ 0.0422,  0.0088],
        [-0.1462, -0.0723],
        [-0.0734, -0.0048]], device='cuda:0')
6439 tensor([[ 0.1302,  0.0849],
        [ 0.0421,  0.0087],
        [-0.1462, -0.0722],
        [-0.0733, -0.0046]], device='cuda:0')
6440 tensor([[ 0.1301,  0.0847],
        [ 0.0420,  0.0086],
        [-0.1461, -0.0721],
        [-0.0732, -0.0045]], device='cuda:0')
6441 tensor([[ 0.1300,  0.0846],
        [ 0.0419,  0.0085],
        [-0.1460, -0.0720],
        [-0.0732, -0.0044]], device='cuda:0')
6442 tensor([[ 0.1299,  0.0845],
        [ 0.0419,  0.0083],
        [-0.1459, -0.0718],
        [-0.0731, -0.0043]], device='cuda:0')
6443 tensor([[ 0.1299,  0.0843],
        [ 0.0418,  0.0082],
        [-0.1458, -0.0717],
        [-0.0730, -0.0041]], device='cuda:0')
6444 tensor([[ 0.1298,  0.0842],
        [ 0.0417,  0.0081],
        [-0.1458, -0.0716],
        [-0.0730, -0.0039]], device='cuda:0')
6445 tensor([[ 0.1297,  0.0841],
        [ 0.0416,  0.0079],
        [-0.1457, -0.0714],
        [-0.0729, -0.0038]], device='cuda:0')
6446 tensor([[ 0.1296,  0.0839],
        [ 0.0415,  0.0078],
        [-0.1456, -0.0713],
        [-0.0728, -0.0036]], device='cuda:0')
6447 tensor([[ 0.1296,  0.0838],
        [ 0.0415,  0.0076],
        [-0.1456, -0.0712],
        [-0.0728, -0.0035]], device='cuda:0')
6448 tensor([[ 0.1295,  0.0837],
        [ 0.0414,  0.0075],
        [-0.1455, -0.0710],
        [-0.0727, -0.0033]], device='cuda:0')
6449 tensor([[ 0.1294,  0.0836],
        [ 0.0413,  0.0073],
        [-0.1454, -0.0709],
        [-0.0726, -0.0031]], device='cuda:0')
6450 tensor([[ 0.1293,  0.0834],
        [ 0.0412,  0.0072],
        [-0.1453, -0.0708],
        [-0.0726, -0.0030]], device='cuda:0')
6451 tensor([[ 0.1293,  0.0833],
        [ 0.0412,  0.0070],
        [-0.1453, -0.0706],
        [-0.0725, -0.0028]], device='cuda:0')
6452 tensor([[ 0.1292,  0.0832],
        [ 0.0411,  0.0069],
        [-0.1452, -0.0705],
        [-0.0724, -0.0027]], device='cuda:0')
6453 tensor([[ 0.1291,  0.0831],
        [ 0.0410,  0.0067],
        [-0.1451, -0.0704],
        [-0.0724, -0.0025]], device='cuda:0')
6454 tensor([[ 0.1290,  0.0829],
        [ 0.0409,  0.0066],
        [-0.1451, -0.0703],
        [-0.0723, -0.0024]], device='cuda:0')
6455 tensor([[ 0.1290,  0.0828],
        [ 0.0409,  0.0064],
        [-0.1450, -0.0701],
        [-0.0722, -0.0022]], device='cuda:0')
6456 tensor([[ 0.1289,  0.0827],
        [ 0.0408,  0.0063],
        [-0.1449, -0.0700],
        [-0.0722, -0.0021]], device='cuda:0')
6457 tensor([[ 0.1288,  0.0826],
        [ 0.0407,  0.0061],
        [-0.1449, -0.0699],
        [-0.0721, -0.0019]], device='cuda:0')
6458 tensor([[ 0.1287,  0.0824],
        [ 0.0407,  0.0060],
        [-0.1448, -0.0698],
        [-0.0720, -0.0018]], device='cuda:0')
6459 tensor([[ 0.1287,  0.0823],
        [ 0.0406,  0.0058],
        [-0.1447, -0.0696],
        [-0.0720, -0.0016]], device='cuda:0')
6460 tensor([[ 0.1286,  0.0822],
        [ 0.0405,  0.0057],
        [-0.1447, -0.0695],
        [-0.0719, -0.0015]], device='cuda:0')
6461 tensor([[ 0.1285,  0.0821],
        [ 0.0404,  0.0056],
        [-0.1446, -0.0694],
        [-0.0719, -0.0013]], device='cuda:0')
6462 tensor([[ 0.1285,  0.0820],
        [ 0.0404,  0.0054],
        [-0.1445, -0.0693],
        [-0.0718, -0.0012]], device='cuda:0')
6463 tensor([[ 0.1284,  0.0819],
        [ 0.0403,  0.0053],
        [-0.1445, -0.0692],
        [-0.0717, -0.0010]], device='cuda:0')
6464 tensor([[ 0.1283,  0.0817],
        [ 0.0402,  0.0052],
        [-0.1444, -0.0690],
        [-0.0717, -0.0009]], device='cuda:0')
6465 tensor([[ 0.1282,  0.0816],
        [ 0.0402,  0.0050],
        [-0.1443, -0.0689],
        [-0.0716, -0.0007]], device='cuda:0')
6466 tensor([[ 0.1282,  0.0815],
        [ 0.0401,  0.0049],
        [-0.1443, -0.0688],
        [-0.0716, -0.0006]], device='cuda:0')
6467 tensor([[ 0.1281,  0.0814],
        [ 0.0400,  0.0047],
        [-0.1442, -0.0687],
        [-0.0715, -0.0005]], device='cuda:0')
6468 tensor([[ 0.1280,  0.0813],
        [ 0.0399,  0.0046],
        [-0.1441, -0.0686],
        [-0.0714, -0.0003]], device='cuda:0')
6469 tensor([[ 0.1280,  0.0812],
        [ 0.0399,  0.0045],
        [-0.1441, -0.0685],
        [-0.0714, -0.0002]], device='cuda:0')
6470 tensor([[ 1.2790e-01,  8.1054e-02],
        [ 3.9811e-02,  4.3467e-03],
        [-1.4401e-01, -6.8339e-02],
        [-7.1321e-02, -3.3822e-05]], device='cuda:0')
6471 tensor([[ 1.2783e-01,  8.0943e-02],
        [ 3.9744e-02,  4.2149e-03],
        [-1.4395e-01, -6.8224e-02],
        [-7.1263e-02,  1.0560e-04]], device='cuda:0')
6472 tensor([[ 0.1278,  0.0808],
        [ 0.0397,  0.0041],
        [-0.1439, -0.0681],
        [-0.0712,  0.0002]], device='cuda:0')
6473 tensor([[ 0.1277,  0.0807],
        [ 0.0397,  0.0039],
        [-0.1438, -0.0680],
        [-0.0711,  0.0004]], device='cuda:0')
6474 tensor([[ 0.1276,  0.0806],
        [ 0.0396,  0.0038],
        [-0.1438, -0.0679],
        [-0.0711,  0.0005]], device='cuda:0')
6475 tensor([[ 0.1276,  0.0805],
        [ 0.0396,  0.0037],
        [-0.1437, -0.0678],
        [-0.0711,  0.0006]], device='cuda:0')
6476 tensor([[ 0.1275,  0.0804],
        [ 0.0396,  0.0035],
        [-0.1436, -0.0677],
        [-0.0711,  0.0008]], device='cuda:0')
6477 tensor([[ 0.1275,  0.0803],
        [ 0.0396,  0.0034],
        [-0.1436, -0.0676],
        [-0.0710,  0.0009]], device='cuda:0')
6478 tensor([[ 0.1274,  0.0801],
        [ 0.0395,  0.0033],
        [-0.1435, -0.0675],
        [-0.0710,  0.0010]], device='cuda:0')
6479 tensor([[ 0.1273,  0.0800],
        [ 0.0395,  0.0031],
        [-0.1434, -0.0674],
        [-0.0710,  0.0012]], device='cuda:0')
6480 tensor([[ 0.1273,  0.0799],
        [ 0.0395,  0.0030],
        [-0.1434, -0.0673],
        [-0.0710,  0.0013]], device='cuda:0')
6481 tensor([[ 0.1272,  0.0798],
        [ 0.0395,  0.0029],
        [-0.1433, -0.0672],
        [-0.0710,  0.0014]], device='cuda:0')
6482 tensor([[ 0.1272,  0.0797],
        [ 0.0395,  0.0027],
        [-0.1432, -0.0671],
        [-0.0709,  0.0015]], device='cuda:0')
6483 tensor([[ 0.1271,  0.0796],
        [ 0.0394,  0.0026],
        [-0.1432, -0.0670],
        [-0.0709,  0.0017]], device='cuda:0')
6484 tensor([[ 0.1271,  0.0795],
        [ 0.0394,  0.0025],
        [-0.1431, -0.0669],
        [-0.0709,  0.0018]], device='cuda:0')
6485 tensor([[ 0.1270,  0.0794],
        [ 0.0394,  0.0024],
        [-0.1430, -0.0668],
        [-0.0709,  0.0019]], device='cuda:0')
6486 tensor([[ 0.1269,  0.0793],
        [ 0.0394,  0.0022],
        [-0.1430, -0.0667],
        [-0.0708,  0.0020]], device='cuda:0')
6487 tensor([[ 0.1269,  0.0792],
        [ 0.0394,  0.0021],
        [-0.1429, -0.0666],
        [-0.0708,  0.0022]], device='cuda:0')
6488 tensor([[ 0.1268,  0.0790],
        [ 0.0393,  0.0020],
        [-0.1428, -0.0665],
        [-0.0708,  0.0023]], device='cuda:0')
6489 tensor([[ 0.1268,  0.0789],
        [ 0.0393,  0.0018],
        [-0.1428, -0.0664],
        [-0.0708,  0.0024]], device='cuda:0')
6490 tensor([[ 0.1267,  0.0788],
        [ 0.0393,  0.0017],
        [-0.1427, -0.0663],
        [-0.0707,  0.0025]], device='cuda:0')
6491 tensor([[ 0.1267,  0.0787],
        [ 0.0393,  0.0016],
        [-0.1427, -0.0662],
        [-0.0707,  0.0026]], device='cuda:0')
6492 tensor([[ 0.1266,  0.0786],
        [ 0.0392,  0.0015],
        [-0.1426, -0.0661],
        [-0.0707,  0.0028]], device='cuda:0')
6493 tensor([[ 0.1266,  0.0785],
        [ 0.0392,  0.0013],
        [-0.1425, -0.0660],
        [-0.0707,  0.0029]], device='cuda:0')
6494 tensor([[ 0.1265,  0.0784],
        [ 0.0392,  0.0012],
        [-0.1425, -0.0659],
        [-0.0706,  0.0030]], device='cuda:0')
6495 tensor([[ 0.1264,  0.0783],
        [ 0.0392,  0.0011],
        [-0.1424, -0.0658],
        [-0.0706,  0.0031]], device='cuda:0')
6496 tensor([[ 0.1264,  0.0782],
        [ 0.0392,  0.0010],
        [-0.1424, -0.0657],
        [-0.0706,  0.0032]], device='cuda:0')
6497 tensor([[ 0.1263,  0.0781],
        [ 0.0391,  0.0009],
        [-0.1423, -0.0656],
        [-0.0706,  0.0034]], device='cuda:0')
6498 tensor([[ 0.1263,  0.0780],
        [ 0.0391,  0.0007],
        [-0.1422, -0.0655],
        [-0.0706,  0.0035]], device='cuda:0')
6499 tensor([[ 0.1262,  0.0779],
        [ 0.0391,  0.0006],
        [-0.1422, -0.0654],
        [-0.0705,  0.0036]], device='cuda:0')
6500 tensor([[ 0.1262,  0.0778],
        [ 0.0391,  0.0005],
        [-0.1421, -0.0653],
        [-0.0705,  0.0037]], device='cuda:0')
6501 tensor([[ 0.1261,  0.0777],
        [ 0.0391,  0.0004],
        [-0.1421, -0.0652],
        [-0.0705,  0.0038]], device='cuda:0')
6502 tensor([[ 0.1261,  0.0776],
        [ 0.0391,  0.0003],
        [-0.1420, -0.0651],
        [-0.0705,  0.0039]], device='cuda:0')
6503 tensor([[ 0.1260,  0.0775],
        [ 0.0390,  0.0002],
        [-0.1420, -0.0650],
        [-0.0705,  0.0041]], device='cuda:0')
6504 tensor([[ 1.2597e-01,  7.7419e-02],
        [ 3.9009e-02,  1.1035e-05],
        [-1.4190e-01, -6.4937e-02],
        [-7.0443e-02,  4.2306e-03]], device='cuda:0')
6505 tensor([[ 1.2591e-01,  7.7327e-02],
        [ 3.8985e-02, -1.3691e-04],
        [-1.4185e-01, -6.4842e-02],
        [-7.0428e-02,  4.3851e-03]], device='cuda:0')
6506 tensor([[ 0.1259,  0.0772],
        [ 0.0390, -0.0003],
        [-0.1418, -0.0647],
        [-0.0704,  0.0045]], device='cuda:0')
6507 tensor([[ 0.1258,  0.0771],
        [ 0.0389, -0.0004],
        [-0.1417, -0.0647],
        [-0.0704,  0.0047]], device='cuda:0')
6508 tensor([[ 0.1257,  0.0771],
        [ 0.0389, -0.0006],
        [-0.1417, -0.0646],
        [-0.0704,  0.0048]], device='cuda:0')
6509 tensor([[ 0.1257,  0.0770],
        [ 0.0389, -0.0007],
        [-0.1416, -0.0645],
        [-0.0704,  0.0050]], device='cuda:0')
6510 tensor([[ 0.1256,  0.0769],
        [ 0.0389, -0.0009],
        [-0.1416, -0.0644],
        [-0.0704,  0.0051]], device='cuda:0')
6511 tensor([[ 0.1256,  0.0768],
        [ 0.0388, -0.0010],
        [-0.1415, -0.0643],
        [-0.0703,  0.0053]], device='cuda:0')
6512 tensor([[ 0.1255,  0.0767],
        [ 0.0388, -0.0011],
        [-0.1415, -0.0642],
        [-0.0703,  0.0054]], device='cuda:0')
6513 tensor([[ 0.1255,  0.0766],
        [ 0.0388, -0.0013],
        [-0.1414, -0.0641],
        [-0.0703,  0.0056]], device='cuda:0')
6514 tensor([[ 0.1254,  0.0765],
        [ 0.0388, -0.0014],
        [-0.1414, -0.0640],
        [-0.0703,  0.0057]], device='cuda:0')
6515 tensor([[ 0.1254,  0.0764],
        [ 0.0388, -0.0016],
        [-0.1414, -0.0639],
        [-0.0703,  0.0059]], device='cuda:0')
6516 tensor([[ 0.1253,  0.0763],
        [ 0.0387, -0.0017],
        [-0.1413, -0.0638],
        [-0.0703,  0.0060]], device='cuda:0')
6517 tensor([[ 0.1253,  0.0763],
        [ 0.0387, -0.0018],
        [-0.1413, -0.0637],
        [-0.0703,  0.0062]], device='cuda:0')
6518 tensor([[ 0.1252,  0.0762],
        [ 0.0387, -0.0020],
        [-0.1412, -0.0637],
        [-0.0702,  0.0063]], device='cuda:0')
6519 tensor([[ 0.1252,  0.0761],
        [ 0.0387, -0.0021],
        [-0.1412, -0.0636],
        [-0.0702,  0.0064]], device='cuda:0')
6520 tensor([[ 0.1251,  0.0760],
        [ 0.0387, -0.0023],
        [-0.1411, -0.0635],
        [-0.0702,  0.0066]], device='cuda:0')
6521 tensor([[ 0.1251,  0.0759],
        [ 0.0386, -0.0024],
        [-0.1410, -0.0634],
        [-0.0702,  0.0067]], device='cuda:0')
6522 tensor([[ 0.1250,  0.0758],
        [ 0.0386, -0.0026],
        [-0.1410, -0.0633],
        [-0.0702,  0.0069]], device='cuda:0')
6523 tensor([[ 0.1250,  0.0757],
        [ 0.0386, -0.0027],
        [-0.1409, -0.0632],
        [-0.0701,  0.0070]], device='cuda:0')
6524 tensor([[ 0.1249,  0.0756],
        [ 0.0386, -0.0028],
        [-0.1409, -0.0632],
        [-0.0701,  0.0071]], device='cuda:0')
6525 tensor([[ 0.1249,  0.0755],
        [ 0.0386, -0.0030],
        [-0.1408, -0.0631],
        [-0.0701,  0.0073]], device='cuda:0')
6526 tensor([[ 0.1248,  0.0755],
        [ 0.0386, -0.0031],
        [-0.1408, -0.0630],
        [-0.0701,  0.0074]], device='cuda:0')
6527 tensor([[ 0.1248,  0.0754],
        [ 0.0386, -0.0032],
        [-0.1407, -0.0629],
        [-0.0701,  0.0075]], device='cuda:0')
6528 tensor([[ 0.1248,  0.0753],
        [ 0.0385, -0.0034],
        [-0.1407, -0.0628],
        [-0.0701,  0.0077]], device='cuda:0')
6529 tensor([[ 0.1247,  0.0752],
        [ 0.0385, -0.0035],
        [-0.1406, -0.0628],
        [-0.0700,  0.0078]], device='cuda:0')
6530 tensor([[ 0.1247,  0.0751],
        [ 0.0385, -0.0036],
        [-0.1406, -0.0627],
        [-0.0700,  0.0079]], device='cuda:0')
6531 tensor([[ 0.1246,  0.0750],
        [ 0.0385, -0.0038],
        [-0.1405, -0.0626],
        [-0.0700,  0.0080]], device='cuda:0')
6532 tensor([[ 0.1246,  0.0750],
        [ 0.0385, -0.0039],
        [-0.1405, -0.0625],
        [-0.0700,  0.0082]], device='cuda:0')
6533 tensor([[ 0.1245,  0.0749],
        [ 0.0385, -0.0040],
        [-0.1404, -0.0624],
        [-0.0700,  0.0083]], device='cuda:0')
6534 tensor([[ 0.1245,  0.0748],
        [ 0.0384, -0.0042],
        [-0.1404, -0.0624],
        [-0.0700,  0.0085]], device='cuda:0')
6535 tensor([[ 0.1244,  0.0747],
        [ 0.0384, -0.0044],
        [-0.1404, -0.0623],
        [-0.0700,  0.0087]], device='cuda:0')
6536 tensor([[ 0.1244,  0.0746],
        [ 0.0384, -0.0045],
        [-0.1403, -0.0622],
        [-0.0699,  0.0089]], device='cuda:0')
6537 tensor([[ 0.1243,  0.0746],
        [ 0.0384, -0.0047],
        [-0.1403, -0.0621],
        [-0.0699,  0.0090]], device='cuda:0')
6538 tensor([[ 0.1243,  0.0745],
        [ 0.0384, -0.0048],
        [-0.1402, -0.0620],
        [-0.0699,  0.0092]], device='cuda:0')
6539 tensor([[ 0.1242,  0.0744],
        [ 0.0383, -0.0050],
        [-0.1402, -0.0620],
        [-0.0699,  0.0093]], device='cuda:0')
6540 tensor([[ 0.1242,  0.0743],
        [ 0.0383, -0.0052],
        [-0.1401, -0.0619],
        [-0.0699,  0.0095]], device='cuda:0')
6541 tensor([[ 0.1242,  0.0743],
        [ 0.0383, -0.0053],
        [-0.1401, -0.0618],
        [-0.0699,  0.0097]], device='cuda:0')
6542 tensor([[ 0.1241,  0.0742],
        [ 0.0383, -0.0055],
        [-0.1401, -0.0617],
        [-0.0699,  0.0098]], device='cuda:0')
6543 tensor([[ 0.1241,  0.0741],
        [ 0.0383, -0.0056],
        [-0.1400, -0.0617],
        [-0.0699,  0.0100]], device='cuda:0')
6544 tensor([[ 0.1240,  0.0740],
        [ 0.0383, -0.0058],
        [-0.1400, -0.0616],
        [-0.0699,  0.0102]], device='cuda:0')
6545 tensor([[ 0.1240,  0.0740],
        [ 0.0382, -0.0059],
        [-0.1399, -0.0615],
        [-0.0698,  0.0103]], device='cuda:0')
6546 tensor([[ 0.1239,  0.0739],
        [ 0.0382, -0.0061],
        [-0.1399, -0.0614],
        [-0.0698,  0.0105]], device='cuda:0')
6547 tensor([[ 0.1239,  0.0738],
        [ 0.0382, -0.0062],
        [-0.1399, -0.0613],
        [-0.0698,  0.0106]], device='cuda:0')
6548 tensor([[ 0.1238,  0.0737],
        [ 0.0382, -0.0064],
        [-0.1398, -0.0613],
        [-0.0698,  0.0108]], device='cuda:0')
6549 tensor([[ 0.1238,  0.0737],
        [ 0.0382, -0.0066],
        [-0.1398, -0.0612],
        [-0.0698,  0.0109]], device='cuda:0')
6550 tensor([[ 0.1238,  0.0736],
        [ 0.0382, -0.0067],
        [-0.1397, -0.0611],
        [-0.0698,  0.0111]], device='cuda:0')
6551 tensor([[ 0.1237,  0.0735],
        [ 0.0382, -0.0069],
        [-0.1397, -0.0611],
        [-0.0698,  0.0112]], device='cuda:0')
6552 tensor([[ 0.1237,  0.0734],
        [ 0.0381, -0.0070],
        [-0.1396, -0.0610],
        [-0.0698,  0.0114]], device='cuda:0')
6553 tensor([[ 0.1236,  0.0734],
        [ 0.0381, -0.0072],
        [-0.1396, -0.0609],
        [-0.0697,  0.0115]], device='cuda:0')
6554 tensor([[ 0.1236,  0.0733],
        [ 0.0381, -0.0073],
        [-0.1396, -0.0609],
        [-0.0697,  0.0117]], device='cuda:0')
6555 tensor([[ 0.1236,  0.0732],
        [ 0.0381, -0.0075],
        [-0.1395, -0.0608],
        [-0.0697,  0.0118]], device='cuda:0')
6556 tensor([[ 0.1235,  0.0731],
        [ 0.0381, -0.0076],
        [-0.1395, -0.0607],
        [-0.0697,  0.0120]], device='cuda:0')
6557 tensor([[ 0.1235,  0.0731],
        [ 0.0381, -0.0078],
        [-0.1394, -0.0607],
        [-0.0697,  0.0121]], device='cuda:0')
6558 tensor([[ 0.1235,  0.0730],
        [ 0.0381, -0.0079],
        [-0.1394, -0.0606],
        [-0.0697,  0.0123]], device='cuda:0')
6559 tensor([[ 0.1234,  0.0729],
        [ 0.0381, -0.0081],
        [-0.1393, -0.0605],
        [-0.0697,  0.0124]], device='cuda:0')
6560 tensor([[ 0.1234,  0.0728],
        [ 0.0380, -0.0082],
        [-0.1393, -0.0605],
        [-0.0696,  0.0126]], device='cuda:0')
6561 tensor([[ 0.1233,  0.0728],
        [ 0.0380, -0.0084],
        [-0.1393, -0.0604],
        [-0.0696,  0.0127]], device='cuda:0')
6562 tensor([[ 0.1233,  0.0727],
        [ 0.0380, -0.0085],
        [-0.1392, -0.0603],
        [-0.0696,  0.0128]], device='cuda:0')
6563 tensor([[ 0.1233,  0.0726],
        [ 0.0380, -0.0087],
        [-0.1392, -0.0603],
        [-0.0696,  0.0130]], device='cuda:0')
6564 tensor([[ 0.1232,  0.0726],
        [ 0.0380, -0.0088],
        [-0.1391, -0.0602],
        [-0.0696,  0.0132]], device='cuda:0')
6565 tensor([[ 0.1232,  0.0725],
        [ 0.0380, -0.0090],
        [-0.1391, -0.0601],
        [-0.0696,  0.0134]], device='cuda:0')
6566 tensor([[ 0.1231,  0.0724],
        [ 0.0380, -0.0092],
        [-0.1391, -0.0601],
        [-0.0696,  0.0136]], device='cuda:0')
6567 tensor([[ 0.1231,  0.0724],
        [ 0.0380, -0.0094],
        [-0.1390, -0.0600],
        [-0.0696,  0.0137]], device='cuda:0')
6568 tensor([[ 0.1231,  0.0723],
        [ 0.0379, -0.0095],
        [-0.1390, -0.0599],
        [-0.0696,  0.0139]], device='cuda:0')
6569 tensor([[ 0.1230,  0.0723],
        [ 0.0379, -0.0097],
        [-0.1390, -0.0598],
        [-0.0696,  0.0141]], device='cuda:0')
6570 tensor([[ 0.1230,  0.0722],
        [ 0.0379, -0.0099],
        [-0.1389, -0.0598],
        [-0.0696,  0.0143]], device='cuda:0')
6571 tensor([[ 0.1229,  0.0721],
        [ 0.0379, -0.0100],
        [-0.1389, -0.0597],
        [-0.0696,  0.0145]], device='cuda:0')
6572 tensor([[ 0.1229,  0.0721],
        [ 0.0379, -0.0102],
        [-0.1389, -0.0596],
        [-0.0695,  0.0146]], device='cuda:0')
6573 tensor([[ 0.1229,  0.0720],
        [ 0.0379, -0.0104],
        [-0.1388, -0.0596],
        [-0.0695,  0.0148]], device='cuda:0')
6574 tensor([[ 0.1228,  0.0719],
        [ 0.0378, -0.0105],
        [-0.1388, -0.0595],
        [-0.0695,  0.0150]], device='cuda:0')
6575 tensor([[ 0.1228,  0.0719],
        [ 0.0378, -0.0107],
        [-0.1388, -0.0594],
        [-0.0695,  0.0151]], device='cuda:0')
6576 tensor([[ 0.1227,  0.0718],
        [ 0.0378, -0.0109],
        [-0.1387, -0.0594],
        [-0.0695,  0.0153]], device='cuda:0')
6577 tensor([[ 0.1227,  0.0718],
        [ 0.0378, -0.0110],
        [-0.1387, -0.0593],
        [-0.0695,  0.0155]], device='cuda:0')
6578 tensor([[ 0.1227,  0.0717],
        [ 0.0378, -0.0112],
        [-0.1386, -0.0593],
        [-0.0695,  0.0156]], device='cuda:0')
6579 tensor([[ 0.1226,  0.0716],
        [ 0.0378, -0.0114],
        [-0.1386, -0.0592],
        [-0.0695,  0.0158]], device='cuda:0')
6580 tensor([[ 0.1226,  0.0716],
        [ 0.0378, -0.0115],
        [-0.1386, -0.0591],
        [-0.0695,  0.0160]], device='cuda:0')
6581 tensor([[ 0.1226,  0.0715],
        [ 0.0378, -0.0117],
        [-0.1385, -0.0591],
        [-0.0695,  0.0161]], device='cuda:0')
6582 tensor([[ 0.1225,  0.0714],
        [ 0.0378, -0.0119],
        [-0.1385, -0.0590],
        [-0.0695,  0.0163]], device='cuda:0')
6583 tensor([[ 0.1225,  0.0714],
        [ 0.0378, -0.0120],
        [-0.1385, -0.0590],
        [-0.0694,  0.0165]], device='cuda:0')
6584 tensor([[ 0.1225,  0.0713],
        [ 0.0378, -0.0122],
        [-0.1384, -0.0589],
        [-0.0694,  0.0166]], device='cuda:0')
6585 tensor([[ 0.1224,  0.0712],
        [ 0.0377, -0.0124],
        [-0.1384, -0.0589],
        [-0.0694,  0.0168]], device='cuda:0')
6586 tensor([[ 0.1224,  0.0712],
        [ 0.0377, -0.0125],
        [-0.1383, -0.0588],
        [-0.0694,  0.0169]], device='cuda:0')
6587 tensor([[ 0.1224,  0.0711],
        [ 0.0377, -0.0127],
        [-0.1383, -0.0587],
        [-0.0694,  0.0171]], device='cuda:0')
6588 tensor([[ 0.1224,  0.0710],
        [ 0.0377, -0.0128],
        [-0.1383, -0.0587],
        [-0.0694,  0.0172]], device='cuda:0')
6589 tensor([[ 0.1223,  0.0710],
        [ 0.0377, -0.0130],
        [-0.1382, -0.0586],
        [-0.0694,  0.0174]], device='cuda:0')
6590 tensor([[ 0.1223,  0.0709],
        [ 0.0377, -0.0132],
        [-0.1382, -0.0586],
        [-0.0694,  0.0175]], device='cuda:0')
6591 tensor([[ 0.1223,  0.0709],
        [ 0.0377, -0.0133],
        [-0.1382, -0.0585],
        [-0.0694,  0.0177]], device='cuda:0')
6592 tensor([[ 0.1222,  0.0708],
        [ 0.0377, -0.0135],
        [-0.1381, -0.0585],
        [-0.0693,  0.0178]], device='cuda:0')
6593 tensor([[ 0.1222,  0.0707],
        [ 0.0377, -0.0136],
        [-0.1381, -0.0584],
        [-0.0693,  0.0180]], device='cuda:0')
6594 tensor([[ 0.1222,  0.0707],
        [ 0.0377, -0.0138],
        [-0.1381, -0.0583],
        [-0.0693,  0.0182]], device='cuda:0')
6595 tensor([[ 0.1221,  0.0706],
        [ 0.0377, -0.0140],
        [-0.1380, -0.0583],
        [-0.0693,  0.0184]], device='cuda:0')
6596 tensor([[ 0.1221,  0.0706],
        [ 0.0376, -0.0142],
        [-0.1380, -0.0582],
        [-0.0693,  0.0186]], device='cuda:0')
6597 tensor([[ 0.1221,  0.0705],
        [ 0.0376, -0.0144],
        [-0.1380, -0.0582],
        [-0.0693,  0.0188]], device='cuda:0')
6598 tensor([[ 0.1220,  0.0705],
        [ 0.0376, -0.0145],
        [-0.1379, -0.0581],
        [-0.0693,  0.0190]], device='cuda:0')
6599 tensor([[ 0.1220,  0.0704],
        [ 0.0376, -0.0147],
        [-0.1379, -0.0581],
        [-0.0693,  0.0192]], device='cuda:0')
6600 tensor([[ 0.1220,  0.0704],
        [ 0.0376, -0.0149],
        [-0.1379, -0.0580],
        [-0.0693,  0.0194]], device='cuda:0')
6601 tensor([[ 0.1219,  0.0703],
        [ 0.0376, -0.0151],
        [-0.1379, -0.0579],
        [-0.0693,  0.0196]], device='cuda:0')
6602 tensor([[ 0.1219,  0.0703],
        [ 0.0376, -0.0153],
        [-0.1378, -0.0579],
        [-0.0693,  0.0197]], device='cuda:0')
6603 tensor([[ 0.1219,  0.0702],
        [ 0.0376, -0.0154],
        [-0.1378, -0.0578],
        [-0.0693,  0.0199]], device='cuda:0')
6604 tensor([[ 0.1218,  0.0702],
        [ 0.0376, -0.0156],
        [-0.1378, -0.0578],
        [-0.0693,  0.0201]], device='cuda:0')
6605 tensor([[ 0.1218,  0.0701],
        [ 0.0375, -0.0158],
        [-0.1377, -0.0577],
        [-0.0693,  0.0203]], device='cuda:0')
6606 tensor([[ 0.1218,  0.0701],
        [ 0.0375, -0.0160],
        [-0.1377, -0.0577],
        [-0.0693,  0.0205]], device='cuda:0')
6607 tensor([[ 0.1217,  0.0700],
        [ 0.0375, -0.0162],
        [-0.1377, -0.0576],
        [-0.0693,  0.0206]], device='cuda:0')
6608 tensor([[ 0.1217,  0.0700],
        [ 0.0375, -0.0163],
        [-0.1377, -0.0575],
        [-0.0693,  0.0208]], device='cuda:0')
6609 tensor([[ 0.1217,  0.0699],
        [ 0.0375, -0.0165],
        [-0.1376, -0.0575],
        [-0.0693,  0.0210]], device='cuda:0')
6610 tensor([[ 0.1216,  0.0699],
        [ 0.0375, -0.0167],
        [-0.1376, -0.0574],
        [-0.0693,  0.0212]], device='cuda:0')
6611 tensor([[ 0.1216,  0.0698],
        [ 0.0375, -0.0168],
        [-0.1376, -0.0574],
        [-0.0693,  0.0214]], device='cuda:0')
6612 tensor([[ 0.1216,  0.0698],
        [ 0.0375, -0.0170],
        [-0.1376, -0.0573],
        [-0.0693,  0.0215]], device='cuda:0')
6613 tensor([[ 0.1215,  0.0697],
        [ 0.0374, -0.0172],
        [-0.1375, -0.0573],
        [-0.0693,  0.0217]], device='cuda:0')
6614 tensor([[ 0.1215,  0.0697],
        [ 0.0374, -0.0173],
        [-0.1375, -0.0572],
        [-0.0693,  0.0219]], device='cuda:0')
6615 tensor([[ 0.1215,  0.0696],
        [ 0.0374, -0.0175],
        [-0.1375, -0.0572],
        [-0.0693,  0.0220]], device='cuda:0')
6616 tensor([[ 0.1214,  0.0696],
        [ 0.0374, -0.0177],
        [-0.1374, -0.0571],
        [-0.0693,  0.0222]], device='cuda:0')
6617 tensor([[ 0.1214,  0.0695],
        [ 0.0374, -0.0178],
        [-0.1374, -0.0571],
        [-0.0692,  0.0224]], device='cuda:0')
6618 tensor([[ 0.1214,  0.0695],
        [ 0.0374, -0.0180],
        [-0.1374, -0.0570],
        [-0.0692,  0.0226]], device='cuda:0')
6619 tensor([[ 0.1213,  0.0694],
        [ 0.0374, -0.0182],
        [-0.1374, -0.0570],
        [-0.0692,  0.0227]], device='cuda:0')
6620 tensor([[ 0.1213,  0.0694],
        [ 0.0374, -0.0183],
        [-0.1373, -0.0569],
        [-0.0692,  0.0229]], device='cuda:0')
6621 tensor([[ 0.1213,  0.0693],
        [ 0.0374, -0.0185],
        [-0.1373, -0.0569],
        [-0.0692,  0.0231]], device='cuda:0')
6622 tensor([[ 0.1212,  0.0693],
        [ 0.0373, -0.0186],
        [-0.1373, -0.0568],
        [-0.0692,  0.0232]], device='cuda:0')
6623 tensor([[ 0.1212,  0.0692],
        [ 0.0373, -0.0188],
        [-0.1373, -0.0568],
        [-0.0692,  0.0234]], device='cuda:0')
6624 tensor([[ 0.1212,  0.0692],
        [ 0.0373, -0.0189],
        [-0.1372, -0.0567],
        [-0.0692,  0.0235]], device='cuda:0')
6625 tensor([[ 0.1211,  0.0691],
        [ 0.0373, -0.0190],
        [-0.1372, -0.0567],
        [-0.0692,  0.0236]], device='cuda:0')
6626 tensor([[ 0.1211,  0.0691],
        [ 0.0373, -0.0191],
        [-0.1372, -0.0566],
        [-0.0692,  0.0238]], device='cuda:0')
6627 tensor([[ 0.1211,  0.0691],
        [ 0.0373, -0.0192],
        [-0.1372, -0.0566],
        [-0.0692,  0.0239]], device='cuda:0')
6628 tensor([[ 0.1211,  0.0690],
        [ 0.0373, -0.0194],
        [-0.1371, -0.0565],
        [-0.0692,  0.0240]], device='cuda:0')
6629 tensor([[ 0.1210,  0.0690],
        [ 0.0373, -0.0195],
        [-0.1371, -0.0565],
        [-0.0692,  0.0241]], device='cuda:0')
6630 tensor([[ 0.1210,  0.0689],
        [ 0.0373, -0.0196],
        [-0.1371, -0.0564],
        [-0.0692,  0.0243]], device='cuda:0')
6631 tensor([[ 0.1210,  0.0689],
        [ 0.0373, -0.0197],
        [-0.1371, -0.0564],
        [-0.0692,  0.0244]], device='cuda:0')
6632 tensor([[ 0.1209,  0.0688],
        [ 0.0372, -0.0198],
        [-0.1370, -0.0563],
        [-0.0692,  0.0245]], device='cuda:0')
6633 tensor([[ 0.1209,  0.0688],
        [ 0.0372, -0.0199],
        [-0.1370, -0.0563],
        [-0.0692,  0.0246]], device='cuda:0')
6634 tensor([[ 0.1209,  0.0687],
        [ 0.0372, -0.0200],
        [-0.1370, -0.0562],
        [-0.0692,  0.0247]], device='cuda:0')
6635 tensor([[ 0.1208,  0.0687],
        [ 0.0372, -0.0202],
        [-0.1370, -0.0562],
        [-0.0692,  0.0249]], device='cuda:0')
6636 tensor([[ 0.1208,  0.0687],
        [ 0.0372, -0.0203],
        [-0.1370, -0.0561],
        [-0.0692,  0.0250]], device='cuda:0')
6637 tensor([[ 0.1208,  0.0686],
        [ 0.0372, -0.0204],
        [-0.1369, -0.0561],
        [-0.0692,  0.0251]], device='cuda:0')
6638 tensor([[ 0.1208,  0.0686],
        [ 0.0372, -0.0205],
        [-0.1369, -0.0560],
        [-0.0692,  0.0252]], device='cuda:0')
6639 tensor([[ 0.1207,  0.0685],
        [ 0.0372, -0.0206],
        [-0.1369, -0.0560],
        [-0.0692,  0.0253]], device='cuda:0')
6640 tensor([[ 0.1207,  0.0685],
        [ 0.0372, -0.0206],
        [-0.1369, -0.0559],
        [-0.0692,  0.0254]], device='cuda:0')
6641 tensor([[ 0.1207,  0.0684],
        [ 0.0371, -0.0207],
        [-0.1368, -0.0559],
        [-0.0692,  0.0255]], device='cuda:0')
6642 tensor([[ 0.1207,  0.0684],
        [ 0.0371, -0.0208],
        [-0.1368, -0.0558],
        [-0.0692,  0.0256]], device='cuda:0')
6643 tensor([[ 0.1206,  0.0684],
        [ 0.0371, -0.0209],
        [-0.1368, -0.0558],
        [-0.0692,  0.0257]], device='cuda:0')
6644 tensor([[ 0.1206,  0.0683],
        [ 0.0371, -0.0209],
        [-0.1368, -0.0557],
        [-0.0692,  0.0258]], device='cuda:0')
6645 tensor([[ 0.1206,  0.0683],
        [ 0.0371, -0.0210],
        [-0.1367, -0.0557],
        [-0.0692,  0.0258]], device='cuda:0')
6646 tensor([[ 0.1205,  0.0682],
        [ 0.0371, -0.0211],
        [-0.1367, -0.0557],
        [-0.0692,  0.0259]], device='cuda:0')
6647 tensor([[ 0.1205,  0.0682],
        [ 0.0371, -0.0212],
        [-0.1367, -0.0556],
        [-0.0692,  0.0260]], device='cuda:0')
6648 tensor([[ 0.1205,  0.0682],
        [ 0.0371, -0.0212],
        [-0.1367, -0.0556],
        [-0.0692,  0.0261]], device='cuda:0')
6649 tensor([[ 0.1205,  0.0681],
        [ 0.0371, -0.0213],
        [-0.1367, -0.0555],
        [-0.0692,  0.0262]], device='cuda:0')
6650 tensor([[ 0.1204,  0.0681],
        [ 0.0371, -0.0214],
        [-0.1366, -0.0555],
        [-0.0691,  0.0262]], device='cuda:0')
6651 tensor([[ 0.1204,  0.0680],
        [ 0.0371, -0.0215],
        [-0.1366, -0.0554],
        [-0.0691,  0.0263]], device='cuda:0')
6652 tensor([[ 0.1204,  0.0680],
        [ 0.0370, -0.0216],
        [-0.1366, -0.0554],
        [-0.0691,  0.0264]], device='cuda:0')
6653 tensor([[ 0.1204,  0.0680],
        [ 0.0371, -0.0217],
        [-0.1366, -0.0553],
        [-0.0691,  0.0265]], device='cuda:0')
6654 tensor([[ 0.1203,  0.0679],
        [ 0.0371, -0.0217],
        [-0.1365, -0.0553],
        [-0.0691,  0.0265]], device='cuda:0')
6655 tensor([[ 0.1203,  0.0679],
        [ 0.0371, -0.0218],
        [-0.1365, -0.0553],
        [-0.0691,  0.0266]], device='cuda:0')
6656 tensor([[ 0.1203,  0.0678],
        [ 0.0371, -0.0219],
        [-0.1365, -0.0552],
        [-0.0691,  0.0267]], device='cuda:0')
6657 tensor([[ 0.1203,  0.0678],
        [ 0.0372, -0.0220],
        [-0.1365, -0.0552],
        [-0.0691,  0.0268]], device='cuda:0')
6658 tensor([[ 0.1203,  0.0677],
        [ 0.0372, -0.0221],
        [-0.1364, -0.0552],
        [-0.0692,  0.0268]], device='cuda:0')
6659 tensor([[ 0.1202,  0.0677],
        [ 0.0372, -0.0221],
        [-0.1364, -0.0551],
        [-0.0692,  0.0269]], device='cuda:0')
6660 tensor([[ 0.1202,  0.0676],
        [ 0.0372, -0.0222],
        [-0.1364, -0.0551],
        [-0.0692,  0.0270]], device='cuda:0')
6661 tensor([[ 0.1202,  0.0676],
        [ 0.0373, -0.0223],
        [-0.1364, -0.0551],
        [-0.0692,  0.0271]], device='cuda:0')
6662 tensor([[ 0.1202,  0.0676],
        [ 0.0373, -0.0224],
        [-0.1363, -0.0550],
        [-0.0692,  0.0271]], device='cuda:0')
6663 tensor([[ 0.1202,  0.0675],
        [ 0.0373, -0.0225],
        [-0.1363, -0.0550],
        [-0.0693,  0.0272]], device='cuda:0')
6664 tensor([[ 0.1201,  0.0675],
        [ 0.0373, -0.0225],
        [-0.1363, -0.0550],
        [-0.0693,  0.0273]], device='cuda:0')
6665 tensor([[ 0.1201,  0.0674],
        [ 0.0373, -0.0226],
        [-0.1363, -0.0549],
        [-0.0693,  0.0273]], device='cuda:0')
6666 tensor([[ 0.1201,  0.0674],
        [ 0.0374, -0.0227],
        [-0.1362, -0.0549],
        [-0.0693,  0.0274]], device='cuda:0')
6667 tensor([[ 0.1201,  0.0673],
        [ 0.0374, -0.0228],
        [-0.1362, -0.0548],
        [-0.0693,  0.0275]], device='cuda:0')
6668 tensor([[ 0.1201,  0.0673],
        [ 0.0374, -0.0228],
        [-0.1362, -0.0548],
        [-0.0693,  0.0275]], device='cuda:0')
6669 tensor([[ 0.1201,  0.0673],
        [ 0.0375, -0.0229],
        [-0.1362, -0.0548],
        [-0.0693,  0.0276]], device='cuda:0')
6670 tensor([[ 0.1200,  0.0672],
        [ 0.0375, -0.0230],
        [-0.1361, -0.0547],
        [-0.0694,  0.0277]], device='cuda:0')
6671 tensor([[ 0.1200,  0.0672],
        [ 0.0376, -0.0231],
        [-0.1361, -0.0547],
        [-0.0694,  0.0277]], device='cuda:0')
6672 tensor([[ 0.1200,  0.0671],
        [ 0.0376, -0.0231],
        [-0.1361, -0.0547],
        [-0.0695,  0.0278]], device='cuda:0')
6673 tensor([[ 0.1200,  0.0671],
        [ 0.0377, -0.0232],
        [-0.1361, -0.0546],
        [-0.0695,  0.0279]], device='cuda:0')
6674 tensor([[ 0.1200,  0.0671],
        [ 0.0377, -0.0233],
        [-0.1360, -0.0546],
        [-0.0696,  0.0279]], device='cuda:0')
6675 tensor([[ 0.1199,  0.0670],
        [ 0.0378, -0.0234],
        [-0.1360, -0.0546],
        [-0.0696,  0.0280]], device='cuda:0')
6676 tensor([[ 0.1199,  0.0670],
        [ 0.0378, -0.0234],
        [-0.1360, -0.0545],
        [-0.0697,  0.0281]], device='cuda:0')
6677 tensor([[ 0.1199,  0.0669],
        [ 0.0379, -0.0235],
        [-0.1360, -0.0545],
        [-0.0697,  0.0281]], device='cuda:0')
6678 tensor([[ 0.1199,  0.0669],
        [ 0.0379, -0.0236],
        [-0.1359, -0.0545],
        [-0.0697,  0.0282]], device='cuda:0')
6679 tensor([[ 0.1199,  0.0669],
        [ 0.0380, -0.0237],
        [-0.1359, -0.0545],
        [-0.0698,  0.0283]], device='cuda:0')
6680 tensor([[ 0.1199,  0.0668],
        [ 0.0380, -0.0237],
        [-0.1359, -0.0544],
        [-0.0698,  0.0283]], device='cuda:0')
6681 tensor([[ 0.1198,  0.0668],
        [ 0.0381, -0.0238],
        [-0.1359, -0.0544],
        [-0.0699,  0.0284]], device='cuda:0')
6682 tensor([[ 0.1198,  0.0667],
        [ 0.0381, -0.0239],
        [-0.1358, -0.0544],
        [-0.0699,  0.0284]], device='cuda:0')
6683 tensor([[ 0.1198,  0.0667],
        [ 0.0382, -0.0239],
        [-0.1358, -0.0543],
        [-0.0700,  0.0285]], device='cuda:0')
6684 tensor([[ 0.1198,  0.0667],
        [ 0.0382, -0.0239],
        [-0.1358, -0.0543],
        [-0.0700,  0.0285]], device='cuda:0')
6685 tensor([[ 0.1198,  0.0666],
        [ 0.0383, -0.0240],
        [-0.1358, -0.0542],
        [-0.0701,  0.0286]], device='cuda:0')
6686 tensor([[ 0.1197,  0.0666],
        [ 0.0383, -0.0240],
        [-0.1358, -0.0542],
        [-0.0701,  0.0286]], device='cuda:0')
6687 tensor([[ 0.1197,  0.0666],
        [ 0.0383, -0.0240],
        [-0.1357, -0.0542],
        [-0.0702,  0.0286]], device='cuda:0')
6688 tensor([[ 0.1197,  0.0665],
        [ 0.0384, -0.0240],
        [-0.1357, -0.0541],
        [-0.0702,  0.0287]], device='cuda:0')
6689 tensor([[ 0.1197,  0.0665],
        [ 0.0384, -0.0241],
        [-0.1357, -0.0541],
        [-0.0702,  0.0287]], device='cuda:0')
6690 tensor([[ 0.1197,  0.0665],
        [ 0.0385, -0.0241],
        [-0.1357, -0.0541],
        [-0.0703,  0.0287]], device='cuda:0')
6691 tensor([[ 0.1196,  0.0665],
        [ 0.0385, -0.0241],
        [-0.1357, -0.0540],
        [-0.0703,  0.0288]], device='cuda:0')
6692 tensor([[ 0.1196,  0.0664],
        [ 0.0385, -0.0241],
        [-0.1357, -0.0540],
        [-0.0704,  0.0288]], device='cuda:0')
6693 tensor([[ 0.1196,  0.0664],
        [ 0.0386, -0.0242],
        [-0.1356, -0.0540],
        [-0.0704,  0.0288]], device='cuda:0')
6694 tensor([[ 0.1196,  0.0664],
        [ 0.0386, -0.0242],
        [-0.1356, -0.0539],
        [-0.0705,  0.0288]], device='cuda:0')
6695 tensor([[ 0.1196,  0.0663],
        [ 0.0387, -0.0242],
        [-0.1356, -0.0539],
        [-0.0705,  0.0289]], device='cuda:0')
6696 tensor([[ 0.1195,  0.0663],
        [ 0.0387, -0.0243],
        [-0.1356, -0.0539],
        [-0.0706,  0.0289]], device='cuda:0')
6697 tensor([[ 0.1195,  0.0663],
        [ 0.0387, -0.0243],
        [-0.1356, -0.0538],
        [-0.0706,  0.0289]], device='cuda:0')
6698 tensor([[ 0.1195,  0.0662],
        [ 0.0388, -0.0243],
        [-0.1356, -0.0538],
        [-0.0706,  0.0290]], device='cuda:0')
6699 tensor([[ 0.1195,  0.0662],
        [ 0.0389, -0.0244],
        [-0.1355, -0.0538],
        [-0.0707,  0.0290]], device='cuda:0')
6700 tensor([[ 0.1195,  0.0662],
        [ 0.0390, -0.0244],
        [-0.1355, -0.0537],
        [-0.0707,  0.0290]], device='cuda:0')
6701 tensor([[ 0.1194,  0.0661],
        [ 0.0390, -0.0244],
        [-0.1355, -0.0537],
        [-0.0708,  0.0290]], device='cuda:0')
6702 tensor([[ 0.1194,  0.0661],
        [ 0.0391, -0.0244],
        [-0.1355, -0.0537],
        [-0.0709,  0.0291]], device='cuda:0')
6703 tensor([[ 0.1194,  0.0661],
        [ 0.0392, -0.0245],
        [-0.1355, -0.0537],
        [-0.0710,  0.0291]], device='cuda:0')
6704 tensor([[ 0.1194,  0.0660],
        [ 0.0393, -0.0245],
        [-0.1354, -0.0536],
        [-0.0710,  0.0291]], device='cuda:0')
6705 tensor([[ 0.1194,  0.0660],
        [ 0.0393, -0.0245],
        [-0.1354, -0.0536],
        [-0.0711,  0.0291]], device='cuda:0')
6706 tensor([[ 0.1194,  0.0660],
        [ 0.0394, -0.0246],
        [-0.1354, -0.0536],
        [-0.0712,  0.0292]], device='cuda:0')
6707 tensor([[ 0.1194,  0.0659],
        [ 0.0395, -0.0246],
        [-0.1354, -0.0535],
        [-0.0712,  0.0292]], device='cuda:0')
6708 tensor([[ 0.1193,  0.0659],
        [ 0.0396, -0.0246],
        [-0.1353, -0.0535],
        [-0.0713,  0.0292]], device='cuda:0')
6709 tensor([[ 0.1193,  0.0659],
        [ 0.0396, -0.0247],
        [-0.1353, -0.0535],
        [-0.0714,  0.0292]], device='cuda:0')
6710 tensor([[ 0.1193,  0.0658],
        [ 0.0397, -0.0247],
        [-0.1353, -0.0535],
        [-0.0714,  0.0293]], device='cuda:0')
6711 tensor([[ 0.1193,  0.0658],
        [ 0.0398, -0.0247],
        [-0.1353, -0.0534],
        [-0.0715,  0.0293]], device='cuda:0')
6712 tensor([[ 0.1193,  0.0658],
        [ 0.0398, -0.0248],
        [-0.1353, -0.0534],
        [-0.0716,  0.0293]], device='cuda:0')
6713 tensor([[ 0.1193,  0.0657],
        [ 0.0399, -0.0248],
        [-0.1352, -0.0534],
        [-0.0716,  0.0293]], device='cuda:0')
6714 tensor([[ 0.1193,  0.0657],
        [ 0.0400, -0.0248],
        [-0.1353, -0.0534],
        [-0.0717,  0.0293]], device='cuda:0')
6715 tensor([[ 0.1194,  0.0657],
        [ 0.0401, -0.0248],
        [-0.1353, -0.0533],
        [-0.0718,  0.0294]], device='cuda:0')
6716 tensor([[ 0.1194,  0.0656],
        [ 0.0403, -0.0249],
        [-0.1353, -0.0533],
        [-0.0719,  0.0294]], device='cuda:0')
6717 tensor([[ 0.1194,  0.0656],
        [ 0.0404, -0.0249],
        [-0.1353, -0.0533],
        [-0.0720,  0.0294]], device='cuda:0')
6718 tensor([[ 0.1194,  0.0656],
        [ 0.0405, -0.0249],
        [-0.1353, -0.0533],
        [-0.0721,  0.0294]], device='cuda:0')
6719 tensor([[ 0.1195,  0.0655],
        [ 0.0406, -0.0250],
        [-0.1353, -0.0532],
        [-0.0722,  0.0295]], device='cuda:0')
6720 tensor([[ 0.1195,  0.0655],
        [ 0.0407, -0.0250],
        [-0.1354, -0.0532],
        [-0.0723,  0.0295]], device='cuda:0')
6721 tensor([[ 0.1195,  0.0655],
        [ 0.0408, -0.0250],
        [-0.1354, -0.0532],
        [-0.0724,  0.0295]], device='cuda:0')
6722 tensor([[ 0.1195,  0.0654],
        [ 0.0409, -0.0251],
        [-0.1354, -0.0532],
        [-0.0725,  0.0295]], device='cuda:0')
6723 tensor([[ 0.1195,  0.0654],
        [ 0.0410, -0.0251],
        [-0.1354, -0.0531],
        [-0.0726,  0.0295]], device='cuda:0')
6724 tensor([[ 0.1196,  0.0654],
        [ 0.0411, -0.0251],
        [-0.1354, -0.0531],
        [-0.0727,  0.0296]], device='cuda:0')
6725 tensor([[ 0.1196,  0.0653],
        [ 0.0412, -0.0251],
        [-0.1354, -0.0531],
        [-0.0728,  0.0296]], device='cuda:0')
6726 tensor([[ 0.1196,  0.0653],
        [ 0.0413, -0.0252],
        [-0.1355, -0.0531],
        [-0.0729,  0.0296]], device='cuda:0')
6727 tensor([[ 0.1196,  0.0653],
        [ 0.0414, -0.0252],
        [-0.1355, -0.0530],
        [-0.0730,  0.0296]], device='cuda:0')
6728 tensor([[ 0.1197,  0.0652],
        [ 0.0415, -0.0252],
        [-0.1355, -0.0530],
        [-0.0731,  0.0296]], device='cuda:0')
6729 tensor([[ 0.1197,  0.0652],
        [ 0.0416, -0.0253],
        [-0.1355, -0.0530],
        [-0.0732,  0.0297]], device='cuda:0')
6730 tensor([[ 0.1198,  0.0652],
        [ 0.0417, -0.0253],
        [-0.1356, -0.0530],
        [-0.0733,  0.0297]], device='cuda:0')
6731 tensor([[ 0.1199,  0.0652],
        [ 0.0418, -0.0253],
        [-0.1356, -0.0529],
        [-0.0733,  0.0297]], device='cuda:0')
6732 tensor([[ 0.1199,  0.0651],
        [ 0.0419, -0.0253],
        [-0.1357, -0.0529],
        [-0.0734,  0.0297]], device='cuda:0')
6733 tensor([[ 0.1200,  0.0651],
        [ 0.0419, -0.0254],
        [-0.1358, -0.0529],
        [-0.0735,  0.0297]], device='cuda:0')
6734 tensor([[ 0.1200,  0.0651],
        [ 0.0420, -0.0254],
        [-0.1358, -0.0529],
        [-0.0736,  0.0298]], device='cuda:0')
6735 tensor([[ 0.1201,  0.0650],
        [ 0.0421, -0.0254],
        [-0.1359, -0.0529],
        [-0.0737,  0.0298]], device='cuda:0')
6736 tensor([[ 0.1202,  0.0650],
        [ 0.0422, -0.0254],
        [-0.1359, -0.0528],
        [-0.0738,  0.0298]], device='cuda:0')
6737 tensor([[ 0.1202,  0.0650],
        [ 0.0423, -0.0255],
        [-0.1360, -0.0528],
        [-0.0739,  0.0298]], device='cuda:0')
6738 tensor([[ 0.1203,  0.0649],
        [ 0.0424, -0.0255],
        [-0.1360, -0.0528],
        [-0.0740,  0.0298]], device='cuda:0')
6739 tensor([[ 0.1203,  0.0649],
        [ 0.0425, -0.0255],
        [-0.1361, -0.0528],
        [-0.0740,  0.0299]], device='cuda:0')
6740 tensor([[ 0.1204,  0.0649],
        [ 0.0426, -0.0255],
        [-0.1361, -0.0527],
        [-0.0741,  0.0299]], device='cuda:0')
6741 tensor([[ 0.1204,  0.0649],
        [ 0.0427, -0.0256],
        [-0.1362, -0.0527],
        [-0.0742,  0.0299]], device='cuda:0')
6742 tensor([[ 0.1205,  0.0648],
        [ 0.0428, -0.0256],
        [-0.1362, -0.0527],
        [-0.0743,  0.0299]], device='cuda:0')
6743 tensor([[ 0.1206,  0.0648],
        [ 0.0429, -0.0256],
        [-0.1362, -0.0527],
        [-0.0744,  0.0299]], device='cuda:0')
6744 tensor([[ 0.1207,  0.0648],
        [ 0.0429, -0.0257],
        [-0.1363, -0.0527],
        [-0.0744,  0.0300]], device='cuda:0')
6745 tensor([[ 0.1208,  0.0647],
        [ 0.0430, -0.0257],
        [-0.1364, -0.0526],
        [-0.0745,  0.0300]], device='cuda:0')
6746 tensor([[ 0.1208,  0.0647],
        [ 0.0430, -0.0257],
        [-0.1365, -0.0526],
        [-0.0745,  0.0300]], device='cuda:0')
6747 tensor([[ 0.1209,  0.0647],
        [ 0.0431, -0.0257],
        [-0.1366, -0.0526],
        [-0.0745,  0.0300]], device='cuda:0')
6748 tensor([[ 0.1210,  0.0647],
        [ 0.0431, -0.0258],
        [-0.1367, -0.0526],
        [-0.0746,  0.0300]], device='cuda:0')
6749 tensor([[ 0.1211,  0.0646],
        [ 0.0432, -0.0258],
        [-0.1368, -0.0525],
        [-0.0746,  0.0300]], device='cuda:0')
6750 tensor([[ 0.1212,  0.0646],
        [ 0.0432, -0.0258],
        [-0.1368, -0.0525],
        [-0.0747,  0.0301]], device='cuda:0')
6751 tensor([[ 0.1213,  0.0646],
        [ 0.0433, -0.0258],
        [-0.1369, -0.0525],
        [-0.0747,  0.0301]], device='cuda:0')
6752 tensor([[ 0.1214,  0.0646],
        [ 0.0433, -0.0259],
        [-0.1370, -0.0525],
        [-0.0748,  0.0301]], device='cuda:0')
6753 tensor([[ 0.1215,  0.0645],
        [ 0.0434, -0.0259],
        [-0.1371, -0.0525],
        [-0.0748,  0.0301]], device='cuda:0')
6754 tensor([[ 0.1215,  0.0645],
        [ 0.0434, -0.0259],
        [-0.1372, -0.0524],
        [-0.0749,  0.0301]], device='cuda:0')
6755 tensor([[ 0.1216,  0.0645],
        [ 0.0435, -0.0259],
        [-0.1372, -0.0524],
        [-0.0749,  0.0302]], device='cuda:0')
6756 tensor([[ 0.1217,  0.0644],
        [ 0.0435, -0.0260],
        [-0.1373, -0.0524],
        [-0.0750,  0.0302]], device='cuda:0')
6757 tensor([[ 0.1218,  0.0644],
        [ 0.0436, -0.0260],
        [-0.1374, -0.0524],
        [-0.0750,  0.0302]], device='cuda:0')
6758 tensor([[ 0.1219,  0.0644],
        [ 0.0436, -0.0260],
        [-0.1375, -0.0524],
        [-0.0750,  0.0302]], device='cuda:0')
6759 tensor([[ 0.1220,  0.0644],
        [ 0.0437, -0.0260],
        [-0.1376, -0.0523],
        [-0.0750,  0.0302]], device='cuda:0')
6760 tensor([[ 0.1222,  0.0643],
        [ 0.0437, -0.0260],
        [-0.1377, -0.0523],
        [-0.0750,  0.0302]], device='cuda:0')
6761 tensor([[ 0.1223,  0.0643],
        [ 0.0437, -0.0261],
        [-0.1378, -0.0523],
        [-0.0751,  0.0303]], device='cuda:0')
6762 tensor([[ 0.1224,  0.0643],
        [ 0.0437, -0.0261],
        [-0.1379, -0.0523],
        [-0.0751,  0.0303]], device='cuda:0')
6763 tensor([[ 0.1225,  0.0643],
        [ 0.0437, -0.0261],
        [-0.1380, -0.0523],
        [-0.0751,  0.0303]], device='cuda:0')
6764 tensor([[ 0.1226,  0.0642],
        [ 0.0438, -0.0261],
        [-0.1382, -0.0522],
        [-0.0751,  0.0303]], device='cuda:0')
6765 tensor([[ 0.1227,  0.0642],
        [ 0.0438, -0.0262],
        [-0.1383, -0.0522],
        [-0.0751,  0.0303]], device='cuda:0')
6766 tensor([[ 0.1229,  0.0642],
        [ 0.0438, -0.0262],
        [-0.1384, -0.0522],
        [-0.0751,  0.0303]], device='cuda:0')
6767 tensor([[ 0.1230,  0.0642],
        [ 0.0438, -0.0262],
        [-0.1385, -0.0522],
        [-0.0751,  0.0304]], device='cuda:0')
6768 tensor([[ 0.1231,  0.0641],
        [ 0.0438, -0.0262],
        [-0.1386, -0.0522],
        [-0.0751,  0.0304]], device='cuda:0')
6769 tensor([[ 0.1232,  0.0641],
        [ 0.0438, -0.0263],
        [-0.1387, -0.0521],
        [-0.0751,  0.0304]], device='cuda:0')
6770 tensor([[ 0.1233,  0.0641],
        [ 0.0438, -0.0263],
        [-0.1388, -0.0521],
        [-0.0752,  0.0304]], device='cuda:0')
6771 tensor([[ 0.1234,  0.0641],
        [ 0.0439, -0.0263],
        [-0.1389, -0.0521],
        [-0.0752,  0.0304]], device='cuda:0')
6772 tensor([[ 0.1235,  0.0640],
        [ 0.0439, -0.0263],
        [-0.1390, -0.0521],
        [-0.0752,  0.0304]], device='cuda:0')
6773 tensor([[ 0.1236,  0.0640],
        [ 0.0439, -0.0263],
        [-0.1392, -0.0521],
        [-0.0752,  0.0305]], device='cuda:0')
6774 tensor([[ 0.1238,  0.0640],
        [ 0.0439, -0.0263],
        [-0.1393, -0.0520],
        [-0.0752,  0.0305]], device='cuda:0')
6775 tensor([[ 0.1239,  0.0640],
        [ 0.0439, -0.0264],
        [-0.1394, -0.0520],
        [-0.0753,  0.0306]], device='cuda:0')
6776 tensor([[ 0.1240,  0.0640],
        [ 0.0439, -0.0264],
        [-0.1395, -0.0520],
        [-0.0753,  0.0306]], device='cuda:0')
6777 tensor([[ 0.1241,  0.0640],
        [ 0.0439, -0.0264],
        [-0.1396, -0.0520],
        [-0.0753,  0.0307]], device='cuda:0')
6778 tensor([[ 0.1242,  0.0639],
        [ 0.0440, -0.0265],
        [-0.1397, -0.0519],
        [-0.0753,  0.0307]], device='cuda:0')
6779 tensor([[ 0.1243,  0.0639],
        [ 0.0440, -0.0265],
        [-0.1398, -0.0519],
        [-0.0753,  0.0308]], device='cuda:0')
6780 tensor([[ 0.1244,  0.0639],
        [ 0.0440, -0.0266],
        [-0.1399, -0.0519],
        [-0.0754,  0.0308]], device='cuda:0')
6781 tensor([[ 0.1245,  0.0639],
        [ 0.0440, -0.0266],
        [-0.1400, -0.0519],
        [-0.0754,  0.0309]], device='cuda:0')
6782 tensor([[ 0.1246,  0.0639],
        [ 0.0440, -0.0267],
        [-0.1401, -0.0518],
        [-0.0754,  0.0309]], device='cuda:0')
6783 tensor([[ 0.1247,  0.0638],
        [ 0.0440, -0.0267],
        [-0.1402, -0.0518],
        [-0.0754,  0.0310]], device='cuda:0')
6784 tensor([[ 0.1248,  0.0638],
        [ 0.0440, -0.0267],
        [-0.1404, -0.0518],
        [-0.0754,  0.0310]], device='cuda:0')
6785 tensor([[ 0.1249,  0.0638],
        [ 0.0440, -0.0268],
        [-0.1405, -0.0518],
        [-0.0755,  0.0311]], device='cuda:0')
6786 tensor([[ 0.1250,  0.0638],
        [ 0.0440, -0.0268],
        [-0.1406, -0.0518],
        [-0.0755,  0.0311]], device='cuda:0')
6787 tensor([[ 0.1251,  0.0638],
        [ 0.0440, -0.0269],
        [-0.1407, -0.0517],
        [-0.0755,  0.0311]], device='cuda:0')
6788 tensor([[ 0.1252,  0.0637],
        [ 0.0441, -0.0269],
        [-0.1408, -0.0517],
        [-0.0755,  0.0312]], device='cuda:0')
6789 tensor([[ 0.1253,  0.0637],
        [ 0.0441, -0.0269],
        [-0.1409, -0.0517],
        [-0.0755,  0.0312]], device='cuda:0')
6790 tensor([[ 0.1254,  0.0637],
        [ 0.0441, -0.0270],
        [-0.1410, -0.0517],
        [-0.0754,  0.0313]], device='cuda:0')
6791 tensor([[ 0.1255,  0.0637],
        [ 0.0441, -0.0270],
        [-0.1411, -0.0517],
        [-0.0754,  0.0313]], device='cuda:0')
6792 tensor([[ 0.1256,  0.0637],
        [ 0.0440, -0.0271],
        [-0.1412, -0.0516],
        [-0.0754,  0.0313]], device='cuda:0')
6793 tensor([[ 0.1257,  0.0636],
        [ 0.0440, -0.0271],
        [-0.1413, -0.0516],
        [-0.0754,  0.0314]], device='cuda:0')
6794 tensor([[ 0.1258,  0.0636],
        [ 0.0440, -0.0272],
        [-0.1413, -0.0516],
        [-0.0754,  0.0314]], device='cuda:0')
6795 tensor([[ 0.1259,  0.0636],
        [ 0.0440, -0.0272],
        [-0.1414, -0.0516],
        [-0.0754,  0.0314]], device='cuda:0')
6796 tensor([[ 0.1260,  0.0636],
        [ 0.0440, -0.0272],
        [-0.1415, -0.0516],
        [-0.0753,  0.0315]], device='cuda:0')
6797 tensor([[ 0.1261,  0.0636],
        [ 0.0440, -0.0273],
        [-0.1416, -0.0516],
        [-0.0753,  0.0315]], device='cuda:0')
6798 tensor([[ 0.1262,  0.0635],
        [ 0.0439, -0.0273],
        [-0.1417, -0.0515],
        [-0.0753,  0.0316]], device='cuda:0')
6799 tensor([[ 0.1263,  0.0635],
        [ 0.0439, -0.0274],
        [-0.1418, -0.0515],
        [-0.0753,  0.0316]], device='cuda:0')
6800 tensor([[ 0.1263,  0.0635],
        [ 0.0439, -0.0274],
        [-0.1419, -0.0515],
        [-0.0753,  0.0316]], device='cuda:0')
6801 tensor([[ 0.1264,  0.0635],
        [ 0.0439, -0.0275],
        [-0.1420, -0.0515],
        [-0.0753,  0.0317]], device='cuda:0')
6802 tensor([[ 0.1265,  0.0634],
        [ 0.0439, -0.0275],
        [-0.1421, -0.0515],
        [-0.0753,  0.0317]], device='cuda:0')
6803 tensor([[ 0.1266,  0.0634],
        [ 0.0439, -0.0275],
        [-0.1422, -0.0514],
        [-0.0753,  0.0318]], device='cuda:0')
6804 tensor([[ 0.1267,  0.0634],
        [ 0.0439, -0.0276],
        [-0.1423, -0.0514],
        [-0.0752,  0.0318]], device='cuda:0')
6805 tensor([[ 0.1268,  0.0634],
        [ 0.0438, -0.0276],
        [-0.1424, -0.0514],
        [-0.0752,  0.0319]], device='cuda:0')
6806 tensor([[ 0.1269,  0.0634],
        [ 0.0438, -0.0277],
        [-0.1425, -0.0514],
        [-0.0752,  0.0320]], device='cuda:0')
6807 tensor([[ 0.1270,  0.0634],
        [ 0.0438, -0.0277],
        [-0.1426, -0.0514],
        [-0.0752,  0.0320]], device='cuda:0')
6808 tensor([[ 0.1271,  0.0634],
        [ 0.0438, -0.0278],
        [-0.1427, -0.0513],
        [-0.0752,  0.0321]], device='cuda:0')
6809 tensor([[ 0.1271,  0.0633],
        [ 0.0438, -0.0278],
        [-0.1428, -0.0513],
        [-0.0752,  0.0322]], device='cuda:0')
6810 tensor([[ 0.1272,  0.0633],
        [ 0.0438, -0.0279],
        [-0.1428, -0.0513],
        [-0.0752,  0.0322]], device='cuda:0')
6811 tensor([[ 0.1273,  0.0633],
        [ 0.0437, -0.0280],
        [-0.1429, -0.0513],
        [-0.0752,  0.0323]], device='cuda:0')
6812 tensor([[ 0.1274,  0.0633],
        [ 0.0437, -0.0280],
        [-0.1430, -0.0513],
        [-0.0752,  0.0324]], device='cuda:0')
6813 tensor([[ 0.1275,  0.0633],
        [ 0.0437, -0.0281],
        [-0.1431, -0.0512],
        [-0.0752,  0.0324]], device='cuda:0')
6814 tensor([[ 0.1276,  0.0633],
        [ 0.0437, -0.0281],
        [-0.1432, -0.0512],
        [-0.0752,  0.0325]], device='cuda:0')
6815 tensor([[ 0.1277,  0.0633],
        [ 0.0437, -0.0282],
        [-0.1433, -0.0512],
        [-0.0752,  0.0325]], device='cuda:0')
6816 tensor([[ 0.1277,  0.0632],
        [ 0.0437, -0.0282],
        [-0.1434, -0.0512],
        [-0.0752,  0.0326]], device='cuda:0')
6817 tensor([[ 0.1278,  0.0632],
        [ 0.0436, -0.0283],
        [-0.1435, -0.0512],
        [-0.0751,  0.0327]], device='cuda:0')
6818 tensor([[ 0.1279,  0.0632],
        [ 0.0436, -0.0284],
        [-0.1436, -0.0511],
        [-0.0751,  0.0327]], device='cuda:0')
6819 tensor([[ 0.1280,  0.0632],
        [ 0.0436, -0.0284],
        [-0.1436, -0.0511],
        [-0.0751,  0.0328]], device='cuda:0')
6820 tensor([[ 0.1281,  0.0632],
        [ 0.0436, -0.0285],
        [-0.1437, -0.0511],
        [-0.0750,  0.0328]], device='cuda:0')
6821 tensor([[ 0.1282,  0.0631],
        [ 0.0435, -0.0285],
        [-0.1438, -0.0511],
        [-0.0750,  0.0329]], device='cuda:0')
6822 tensor([[ 0.1282,  0.0631],
        [ 0.0435, -0.0286],
        [-0.1439, -0.0511],
        [-0.0749,  0.0329]], device='cuda:0')
6823 tensor([[ 0.1283,  0.0631],
        [ 0.0435, -0.0287],
        [-0.1440, -0.0511],
        [-0.0749,  0.0330]], device='cuda:0')
6824 tensor([[ 0.1284,  0.0631],
        [ 0.0434, -0.0287],
        [-0.1440, -0.0510],
        [-0.0748,  0.0330]], device='cuda:0')
6825 tensor([[ 0.1285,  0.0631],
        [ 0.0434, -0.0288],
        [-0.1441, -0.0510],
        [-0.0748,  0.0331]], device='cuda:0')
6826 tensor([[ 0.1286,  0.0631],
        [ 0.0433, -0.0288],
        [-0.1442, -0.0510],
        [-0.0748,  0.0331]], device='cuda:0')
6827 tensor([[ 0.1287,  0.0630],
        [ 0.0433, -0.0289],
        [-0.1443, -0.0510],
        [-0.0747,  0.0332]], device='cuda:0')
6828 tensor([[ 0.1287,  0.0630],
        [ 0.0433, -0.0290],
        [-0.1444, -0.0510],
        [-0.0747,  0.0333]], device='cuda:0')
6829 tensor([[ 0.1288,  0.0630],
        [ 0.0432, -0.0290],
        [-0.1444, -0.0510],
        [-0.0746,  0.0333]], device='cuda:0')
6830 tensor([[ 0.1289,  0.0630],
        [ 0.0432, -0.0291],
        [-0.1445, -0.0510],
        [-0.0746,  0.0334]], device='cuda:0')
6831 tensor([[ 0.1290,  0.0630],
        [ 0.0432, -0.0291],
        [-0.1446, -0.0510],
        [-0.0746,  0.0334]], device='cuda:0')
6832 tensor([[ 0.1291,  0.0629],
        [ 0.0431, -0.0292],
        [-0.1447, -0.0509],
        [-0.0745,  0.0335]], device='cuda:0')
6833 tensor([[ 0.1292,  0.0629],
        [ 0.0431, -0.0292],
        [-0.1448, -0.0509],
        [-0.0745,  0.0335]], device='cuda:0')
6834 tensor([[ 0.1292,  0.0629],
        [ 0.0431, -0.0293],
        [-0.1448, -0.0509],
        [-0.0744,  0.0336]], device='cuda:0')
6835 tensor([[ 0.1293,  0.0629],
        [ 0.0430, -0.0294],
        [-0.1449, -0.0509],
        [-0.0743,  0.0336]], device='cuda:0')
6836 tensor([[ 0.1294,  0.0629],
        [ 0.0430, -0.0294],
        [-0.1450, -0.0509],
        [-0.0743,  0.0337]], device='cuda:0')
6837 tensor([[ 0.1295,  0.0628],
        [ 0.0429, -0.0295],
        [-0.1450, -0.0509],
        [-0.0742,  0.0337]], device='cuda:0')
6838 tensor([[ 0.1296,  0.0628],
        [ 0.0428, -0.0295],
        [-0.1451, -0.0509],
        [-0.0741,  0.0338]], device='cuda:0')
6839 tensor([[ 0.1296,  0.0628],
        [ 0.0428, -0.0296],
        [-0.1452, -0.0508],
        [-0.0741,  0.0338]], device='cuda:0')
6840 tensor([[ 0.1297,  0.0628],
        [ 0.0427, -0.0296],
        [-0.1453, -0.0508],
        [-0.0740,  0.0339]], device='cuda:0')
6841 tensor([[ 0.1298,  0.0628],
        [ 0.0427, -0.0297],
        [-0.1453, -0.0508],
        [-0.0739,  0.0339]], device='cuda:0')
6842 tensor([[ 0.1299,  0.0628],
        [ 0.0426, -0.0297],
        [-0.1454, -0.0508],
        [-0.0739,  0.0339]], device='cuda:0')
6843 tensor([[ 0.1299,  0.0627],
        [ 0.0425, -0.0298],
        [-0.1455, -0.0508],
        [-0.0738,  0.0340]], device='cuda:0')
6844 tensor([[ 0.1300,  0.0627],
        [ 0.0425, -0.0298],
        [-0.1456, -0.0508],
        [-0.0738,  0.0340]], device='cuda:0')
6845 tensor([[ 0.1301,  0.0627],
        [ 0.0424, -0.0299],
        [-0.1456, -0.0508],
        [-0.0737,  0.0341]], device='cuda:0')
6846 tensor([[ 0.1302,  0.0627],
        [ 0.0424, -0.0300],
        [-0.1457, -0.0508],
        [-0.0737,  0.0341]], device='cuda:0')
6847 tensor([[ 0.1302,  0.0627],
        [ 0.0423, -0.0300],
        [-0.1458, -0.0507],
        [-0.0736,  0.0342]], device='cuda:0')
6848 tensor([[ 0.1303,  0.0627],
        [ 0.0422, -0.0301],
        [-0.1458, -0.0507],
        [-0.0735,  0.0342]], device='cuda:0')
6849 tensor([[ 0.1304,  0.0626],
        [ 0.0422, -0.0301],
        [-0.1458, -0.0507],
        [-0.0735,  0.0343]], device='cuda:0')
6850 tensor([[ 0.1304,  0.0626],
        [ 0.0422, -0.0302],
        [-0.1459, -0.0507],
        [-0.0734,  0.0343]], device='cuda:0')
6851 tensor([[ 0.1304,  0.0626],
        [ 0.0421, -0.0302],
        [-0.1459, -0.0507],
        [-0.0733,  0.0344]], device='cuda:0')
6852 tensor([[ 0.1305,  0.0626],
        [ 0.0420, -0.0303],
        [-0.1459, -0.0507],
        [-0.0732,  0.0344]], device='cuda:0')
6853 tensor([[ 0.1305,  0.0626],
        [ 0.0420, -0.0303],
        [-0.1460, -0.0507],
        [-0.0731,  0.0345]], device='cuda:0')
6854 tensor([[ 0.1305,  0.0626],
        [ 0.0419, -0.0304],
        [-0.1460, -0.0507],
        [-0.0731,  0.0345]], device='cuda:0')
6855 tensor([[ 0.1306,  0.0625],
        [ 0.0418, -0.0304],
        [-0.1460, -0.0507],
        [-0.0730,  0.0345]], device='cuda:0')
6856 tensor([[ 0.1306,  0.0625],
        [ 0.0417, -0.0305],
        [-0.1461, -0.0506],
        [-0.0729,  0.0346]], device='cuda:0')
6857 tensor([[ 0.1306,  0.0625],
        [ 0.0417, -0.0305],
        [-0.1461, -0.0506],
        [-0.0728,  0.0346]], device='cuda:0')
6858 tensor([[ 0.1307,  0.0625],
        [ 0.0416, -0.0306],
        [-0.1461, -0.0506],
        [-0.0728,  0.0347]], device='cuda:0')
6859 tensor([[ 0.1307,  0.0625],
        [ 0.0415, -0.0306],
        [-0.1461, -0.0506],
        [-0.0727,  0.0347]], device='cuda:0')
6860 tensor([[ 0.1307,  0.0625],
        [ 0.0414, -0.0307],
        [-0.1462, -0.0506],
        [-0.0727,  0.0348]], device='cuda:0')
6861 tensor([[ 0.1308,  0.0624],
        [ 0.0414, -0.0307],
        [-0.1462, -0.0506],
        [-0.0726,  0.0348]], device='cuda:0')
6862 tensor([[ 0.1308,  0.0624],
        [ 0.0413, -0.0308],
        [-0.1462, -0.0506],
        [-0.0725,  0.0348]], device='cuda:0')
6863 tensor([[ 0.1308,  0.0624],
        [ 0.0412, -0.0308],
        [-0.1462, -0.0506],
        [-0.0724,  0.0349]], device='cuda:0')
6864 tensor([[ 0.1308,  0.0624],
        [ 0.0412, -0.0309],
        [-0.1462, -0.0506],
        [-0.0724,  0.0349]], device='cuda:0')
6865 tensor([[ 0.1308,  0.0624],
        [ 0.0411, -0.0309],
        [-0.1462, -0.0505],
        [-0.0723,  0.0350]], device='cuda:0')
6866 tensor([[ 0.1308,  0.0624],
        [ 0.0410, -0.0310],
        [-0.1462, -0.0505],
        [-0.0722,  0.0350]], device='cuda:0')
6867 tensor([[ 0.1308,  0.0623],
        [ 0.0410, -0.0310],
        [-0.1462, -0.0505],
        [-0.0721,  0.0351]], device='cuda:0')
6868 tensor([[ 0.1308,  0.0623],
        [ 0.0409, -0.0310],
        [-0.1462, -0.0505],
        [-0.0720,  0.0351]], device='cuda:0')
6869 tensor([[ 0.1308,  0.0623],
        [ 0.0408, -0.0311],
        [-0.1462, -0.0505],
        [-0.0719,  0.0351]], device='cuda:0')
6870 tensor([[ 0.1308,  0.0623],
        [ 0.0407, -0.0311],
        [-0.1462, -0.0505],
        [-0.0718,  0.0352]], device='cuda:0')
6871 tensor([[ 0.1308,  0.0623],
        [ 0.0406, -0.0312],
        [-0.1462, -0.0505],
        [-0.0718,  0.0352]], device='cuda:0')
6872 tensor([[ 0.1308,  0.0623],
        [ 0.0406, -0.0312],
        [-0.1462, -0.0505],
        [-0.0717,  0.0353]], device='cuda:0')
6873 tensor([[ 0.1308,  0.0623],
        [ 0.0405, -0.0313],
        [-0.1462, -0.0505],
        [-0.0716,  0.0353]], device='cuda:0')
6874 tensor([[ 0.1308,  0.0622],
        [ 0.0404, -0.0313],
        [-0.1462, -0.0504],
        [-0.0716,  0.0353]], device='cuda:0')
6875 tensor([[ 0.1308,  0.0622],
        [ 0.0403, -0.0314],
        [-0.1461, -0.0504],
        [-0.0715,  0.0354]], device='cuda:0')
6876 tensor([[ 0.1308,  0.0622],
        [ 0.0402, -0.0314],
        [-0.1461, -0.0504],
        [-0.0714,  0.0354]], device='cuda:0')
6877 tensor([[ 0.1308,  0.0622],
        [ 0.0402, -0.0315],
        [-0.1462, -0.0504],
        [-0.0714,  0.0355]], device='cuda:0')
6878 tensor([[ 0.1308,  0.0622],
        [ 0.0401, -0.0315],
        [-0.1462, -0.0504],
        [-0.0713,  0.0355]], device='cuda:0')
6879 tensor([[ 0.1308,  0.0622],
        [ 0.0400, -0.0315],
        [-0.1462, -0.0503],
        [-0.0712,  0.0356]], device='cuda:0')
6880 tensor([[ 0.1308,  0.0621],
        [ 0.0399, -0.0316],
        [-0.1462, -0.0503],
        [-0.0712,  0.0356]], device='cuda:0')
6881 tensor([[ 0.1308,  0.0621],
        [ 0.0398, -0.0316],
        [-0.1462, -0.0502],
        [-0.0711,  0.0357]], device='cuda:0')
6882 tensor([[ 0.1308,  0.0621],
        [ 0.0398, -0.0316],
        [-0.1462, -0.0502],
        [-0.0710,  0.0358]], device='cuda:0')
6883 tensor([[ 0.1308,  0.0620],
        [ 0.0397, -0.0317],
        [-0.1462, -0.0501],
        [-0.0710,  0.0358]], device='cuda:0')
6884 tensor([[ 0.1307,  0.0620],
        [ 0.0396, -0.0317],
        [-0.1462, -0.0501],
        [-0.0709,  0.0359]], device='cuda:0')
6885 tensor([[ 0.1307,  0.0619],
        [ 0.0395, -0.0318],
        [-0.1462, -0.0500],
        [-0.0708,  0.0359]], device='cuda:0')
6886 tensor([[ 0.1307,  0.0619],
        [ 0.0394, -0.0318],
        [-0.1462, -0.0500],
        [-0.0708,  0.0360]], device='cuda:0')
6887 tensor([[ 0.1307,  0.0619],
        [ 0.0394, -0.0319],
        [-0.1462, -0.0499],
        [-0.0707,  0.0360]], device='cuda:0')
6888 tensor([[ 0.1307,  0.0618],
        [ 0.0393, -0.0319],
        [-0.1462, -0.0499],
        [-0.0706,  0.0361]], device='cuda:0')
6889 tensor([[ 0.1307,  0.0618],
        [ 0.0392, -0.0319],
        [-0.1462, -0.0499],
        [-0.0706,  0.0361]], device='cuda:0')
6890 tensor([[ 0.1307,  0.0617],
        [ 0.0391, -0.0320],
        [-0.1462, -0.0498],
        [-0.0705,  0.0362]], device='cuda:0')
6891 tensor([[ 0.1307,  0.0617],
        [ 0.0391, -0.0320],
        [-0.1462, -0.0498],
        [-0.0705,  0.0362]], device='cuda:0')
6892 tensor([[ 0.1307,  0.0617],
        [ 0.0390, -0.0321],
        [-0.1462, -0.0497],
        [-0.0704,  0.0363]], device='cuda:0')
6893 tensor([[ 0.1307,  0.0616],
        [ 0.0389, -0.0321],
        [-0.1461, -0.0497],
        [-0.0703,  0.0363]], device='cuda:0')
6894 tensor([[ 0.1307,  0.0616],
        [ 0.0389, -0.0322],
        [-0.1461, -0.0497],
        [-0.0702,  0.0364]], device='cuda:0')
6895 tensor([[ 0.1307,  0.0615],
        [ 0.0388, -0.0322],
        [-0.1461, -0.0496],
        [-0.0702,  0.0364]], device='cuda:0')
6896 tensor([[ 0.1306,  0.0615],
        [ 0.0387, -0.0323],
        [-0.1460, -0.0496],
        [-0.0701,  0.0365]], device='cuda:0')
6897 tensor([[ 0.1306,  0.0615],
        [ 0.0387, -0.0323],
        [-0.1460, -0.0495],
        [-0.0700,  0.0365]], device='cuda:0')
6898 tensor([[ 0.1306,  0.0614],
        [ 0.0386, -0.0324],
        [-0.1459, -0.0495],
        [-0.0699,  0.0365]], device='cuda:0')
6899 tensor([[ 0.1305,  0.0614],
        [ 0.0385, -0.0324],
        [-0.1459, -0.0495],
        [-0.0698,  0.0366]], device='cuda:0')
6900 tensor([[ 0.1305,  0.0613],
        [ 0.0384, -0.0325],
        [-0.1459, -0.0494],
        [-0.0697,  0.0366]], device='cuda:0')
6901 tensor([[ 0.1305,  0.0613],
        [ 0.0383, -0.0325],
        [-0.1458, -0.0494],
        [-0.0697,  0.0367]], device='cuda:0')
6902 tensor([[ 0.1304,  0.0613],
        [ 0.0383, -0.0326],
        [-0.1458, -0.0494],
        [-0.0696,  0.0367]], device='cuda:0')
6903 tensor([[ 0.1304,  0.0612],
        [ 0.0382, -0.0326],
        [-0.1458, -0.0493],
        [-0.0695,  0.0368]], device='cuda:0')
6904 tensor([[ 0.1304,  0.0612],
        [ 0.0381, -0.0327],
        [-0.1457, -0.0493],
        [-0.0695,  0.0368]], device='cuda:0')
6905 tensor([[ 0.1303,  0.0611],
        [ 0.0380, -0.0327],
        [-0.1457, -0.0493],
        [-0.0694,  0.0368]], device='cuda:0')
6906 tensor([[ 0.1303,  0.0611],
        [ 0.0379, -0.0328],
        [-0.1457, -0.0492],
        [-0.0693,  0.0369]], device='cuda:0')
6907 tensor([[ 0.1303,  0.0611],
        [ 0.0379, -0.0328],
        [-0.1457, -0.0492],
        [-0.0693,  0.0369]], device='cuda:0')
6908 tensor([[ 0.1302,  0.0610],
        [ 0.0378, -0.0328],
        [-0.1456, -0.0491],
        [-0.0692,  0.0370]], device='cuda:0')
6909 tensor([[ 0.1302,  0.0610],
        [ 0.0377, -0.0329],
        [-0.1456, -0.0491],
        [-0.0691,  0.0371]], device='cuda:0')
6910 tensor([[ 0.1302,  0.0610],
        [ 0.0376, -0.0329],
        [-0.1456, -0.0490],
        [-0.0691,  0.0371]], device='cuda:0')
6911 tensor([[ 0.1301,  0.0609],
        [ 0.0375, -0.0329],
        [-0.1456, -0.0489],
        [-0.0690,  0.0372]], device='cuda:0')
6912 tensor([[ 0.1301,  0.0609],
        [ 0.0375, -0.0330],
        [-0.1455, -0.0489],
        [-0.0689,  0.0372]], device='cuda:0')
6913 tensor([[ 0.1301,  0.0608],
        [ 0.0374, -0.0330],
        [-0.1455, -0.0488],
        [-0.0689,  0.0373]], device='cuda:0')
6914 tensor([[ 0.1300,  0.0607],
        [ 0.0373, -0.0331],
        [-0.1455, -0.0487],
        [-0.0688,  0.0374]], device='cuda:0')
6915 tensor([[ 0.1300,  0.0607],
        [ 0.0372, -0.0331],
        [-0.1455, -0.0487],
        [-0.0688,  0.0374]], device='cuda:0')
6916 tensor([[ 0.1300,  0.0606],
        [ 0.0372, -0.0332],
        [-0.1454, -0.0486],
        [-0.0687,  0.0375]], device='cuda:0')
6917 tensor([[ 0.1299,  0.0606],
        [ 0.0371, -0.0332],
        [-0.1454, -0.0485],
        [-0.0686,  0.0375]], device='cuda:0')
6918 tensor([[ 0.1299,  0.0605],
        [ 0.0370, -0.0333],
        [-0.1454, -0.0485],
        [-0.0686,  0.0376]], device='cuda:0')
6919 tensor([[ 0.1299,  0.0604],
        [ 0.0369, -0.0333],
        [-0.1454, -0.0484],
        [-0.0685,  0.0376]], device='cuda:0')
6920 tensor([[ 0.1298,  0.0604],
        [ 0.0369, -0.0334],
        [-0.1453, -0.0483],
        [-0.0685,  0.0377]], device='cuda:0')
6921 tensor([[ 0.1298,  0.0603],
        [ 0.0368, -0.0334],
        [-0.1453, -0.0483],
        [-0.0684,  0.0377]], device='cuda:0')
6922 tensor([[ 0.1298,  0.0603],
        [ 0.0367, -0.0335],
        [-0.1453, -0.0482],
        [-0.0683,  0.0378]], device='cuda:0')
6923 tensor([[ 0.1297,  0.0602],
        [ 0.0366, -0.0335],
        [-0.1453, -0.0482],
        [-0.0683,  0.0378]], device='cuda:0')
6924 tensor([[ 0.1297,  0.0602],
        [ 0.0366, -0.0335],
        [-0.1453, -0.0481],
        [-0.0682,  0.0379]], device='cuda:0')
6925 tensor([[ 0.1297,  0.0601],
        [ 0.0365, -0.0336],
        [-0.1452, -0.0480],
        [-0.0682,  0.0380]], device='cuda:0')
6926 tensor([[ 0.1296,  0.0601],
        [ 0.0364, -0.0336],
        [-0.1452, -0.0479],
        [-0.0681,  0.0381]], device='cuda:0')
6927 tensor([[ 0.1296,  0.0600],
        [ 0.0363, -0.0337],
        [-0.1452, -0.0478],
        [-0.0680,  0.0381]], device='cuda:0')
6928 tensor([[ 0.1296,  0.0599],
        [ 0.0363, -0.0337],
        [-0.1452, -0.0477],
        [-0.0680,  0.0382]], device='cuda:0')
6929 tensor([[ 0.1296,  0.0598],
        [ 0.0362, -0.0338],
        [-0.1451, -0.0476],
        [-0.0679,  0.0383]], device='cuda:0')
6930 tensor([[ 0.1295,  0.0597],
        [ 0.0361, -0.0338],
        [-0.1451, -0.0476],
        [-0.0679,  0.0383]], device='cuda:0')
6931 tensor([[ 0.1295,  0.0597],
        [ 0.0361, -0.0339],
        [-0.1451, -0.0475],
        [-0.0678,  0.0384]], device='cuda:0')
6932 tensor([[ 0.1295,  0.0596],
        [ 0.0360, -0.0339],
        [-0.1451, -0.0474],
        [-0.0678,  0.0385]], device='cuda:0')
6933 tensor([[ 0.1294,  0.0595],
        [ 0.0359, -0.0340],
        [-0.1451, -0.0473],
        [-0.0677,  0.0385]], device='cuda:0')
6934 tensor([[ 0.1294,  0.0594],
        [ 0.0358, -0.0341],
        [-0.1450, -0.0472],
        [-0.0676,  0.0386]], device='cuda:0')
6935 tensor([[ 0.1294,  0.0594],
        [ 0.0358, -0.0341],
        [-0.1450, -0.0472],
        [-0.0676,  0.0386]], device='cuda:0')
6936 tensor([[ 0.1293,  0.0593],
        [ 0.0357, -0.0342],
        [-0.1450, -0.0471],
        [-0.0675,  0.0387]], device='cuda:0')
6937 tensor([[ 0.1293,  0.0592],
        [ 0.0356, -0.0342],
        [-0.1450, -0.0470],
        [-0.0675,  0.0387]], device='cuda:0')
6938 tensor([[ 0.1293,  0.0592],
        [ 0.0356, -0.0343],
        [-0.1450, -0.0469],
        [-0.0674,  0.0388]], device='cuda:0')
6939 tensor([[ 0.1292,  0.0591],
        [ 0.0355, -0.0343],
        [-0.1449, -0.0468],
        [-0.0674,  0.0389]], device='cuda:0')
6940 tensor([[ 0.1292,  0.0590],
        [ 0.0354, -0.0344],
        [-0.1449, -0.0467],
        [-0.0673,  0.0390]], device='cuda:0')
6941 tensor([[ 0.1292,  0.0590],
        [ 0.0354, -0.0344],
        [-0.1449, -0.0466],
        [-0.0673,  0.0390]], device='cuda:0')
6942 tensor([[ 0.1292,  0.0589],
        [ 0.0353, -0.0344],
        [-0.1449, -0.0465],
        [-0.0672,  0.0391]], device='cuda:0')
6943 tensor([[ 0.1291,  0.0588],
        [ 0.0352, -0.0345],
        [-0.1449, -0.0464],
        [-0.0672,  0.0392]], device='cuda:0')
6944 tensor([[ 0.1291,  0.0587],
        [ 0.0352, -0.0346],
        [-0.1448, -0.0463],
        [-0.0671,  0.0393]], device='cuda:0')
