194167 0
194167 1
194167 2
194167 3
194167 4
194181 3
194182 0
194182 2
194182 5
194183 1
194197 0
194197 1
194197 2
194197 3
194197 4
194211 3
194212 0
194212 2
194212 5
194213 1
194227 0
194227 1
194227 2
194227 3
194227 4
194241 3
194242 0
194242 2
194242 5
194243 1
194257 0
194257 1
194257 2
194257 3
194257 4
194271 3
194272 0
194272 2
194272 5
194273 1
194287 0
194287 1
194287 2
194287 3
194287 4
194301 3
194302 0
194302 2
194302 5
194303 1
194317 0
194317 1
194317 2
194317 3
194317 4
194331 3
194332 0
194332 2
194332 5
194333 1
194347 0
194347 1
194347 2
194347 3
194347 4
194361 3
194362 0
194362 2
194362 5
194363 1
194377 0
194377 1
194377 2
194377 3
194377 4
194391 3
194392 0
194392 2
194392 5
194393 1
194407 0
194407 1
194407 2
194407 3
194407 4
194421 3
194422 0
194422 2
194422 5
194423 1
194437 0
194437 1
194437 2
194437 3
194437 4
194451 3
194452 0
194452 2
194452 5
194453 1
194466 2
194467 1
194467 3
194467 5
194468 0
194481 1
194481 2
194482 4
194483 0
194483 3
194496 2
194497 1
194497 3
194497 5
194498 0
194511 1
194511 2
194512 4
194513 0
194513 3
194527 0
194527 1
194527 2
194527 3
194527 5
194541 1
194542 0
194542 2
194542 4
194543 3
194557 0
194557 1
194557 2
194557 3
194557 5
194571 1
194572 0
194572 2
194572 4
194573 3
194587 0
194587 1
194587 2
194587 3
194587 5
194601 1
194602 0
194602 2
194602 4
194602 5
194603 3
194615 1
194616 4
194617 0
194617 2
194617 4
194619 3
194631 1
194632 0
194632 2
194632 4
194632 5
194633 3
194645 1
194646 4
194647 0
194647 2
194647 4
194649 3
194661 1
194662 0
194662 2
194662 4
194662 5
194663 3
194675 1
194676 4
194677 0
194677 2
194677 4
194679 3
194691 1
194692 0
194692 2
194692 4
194692 5
194693 3
194705 1
194706 4
194707 0
194707 2
194707 4
194709 3
194721 1
194722 0
194722 2
194722 4
194723 3
194737 0
194737 1
194737 2
194737 3
194737 5
194751 1
194752 0
194752 2
194752 4
194753 3
194767 0
194767 1
194767 2
194767 3
194767 5
194781 1
194782 0
194782 2
194782 4
194783 3
194797 0
194797 1
194797 2
194797 3
194797 5
194811 1
194812 0
194812 2
194812 4
194813 3
194826 0
194827 1
194827 3
194827 5
194828 2
194841 0
194841 1
194842 4
194843 2
194843 3
194856 0
194857 1
194857 3
194857 5
194858 2
194871 0
194871 1
194872 4
194873 2
194873 3
194886 0
194887 1
194887 3
194887 4
194888 2
194901 0
194901 3
194902 5
194903 1
194903 2
194916 0
194917 1
194917 3
194917 4
194918 2
194931 0
194931 3
194932 5
194933 1
194933 2
194947 0
194947 1
194947 2
194947 3
194947 4
194961 3
194962 0
194962 2
194962 5
194963 1
194977 0
194977 1
194977 2
194977 3
194977 4
194991 3
194992 0
194992 2
194992 5
194993 1
195007 0
195007 1
195007 2
195007 3
195007 4
195021 3
195022 0
195022 2
195022 4
195022 5
195023 1
195035 3
195036 5
195037 0
195037 2
195037 5
195039 1
195051 3
195052 0
195052 2
195052 4
195052 5
195053 1
195065 3
195066 5
195067 0
195067 2
195067 5
195069 1
195081 3
195082 0
195082 2
195082 4
195082 5
195083 1
195095 3
195096 5
195097 0
195097 2
195097 5
195099 1
195111 2
195111 3
195112 5
195113 0
195113 1
195126 2
195127 1
195127 3
195127 4
195128 0
195141 2
195141 3
195142 5
195143 0
195143 1
195156 2
195157 1
195157 3
195157 4
195158 0
195171 2
195171 3
195172 5
195173 0
195173 1
195186 2
195187 1
195187 3
195187 4
195188 0
195201 2
195201 3
195202 5
195203 0
195203 1
195216 2
195217 1
195217 3
195217 5
195218 0
195231 1
195231 2
195232 4
195233 0
195233 3
195246 2
195247 1
195247 3
195247 5
195248 0
195261 1
195261 2
195262 4
195263 0
195263 3
195276 2
195277 1
195277 3
195277 5
195278 0
195291 1
195291 2
195292 5
195293 0
195293 3
195305 1
195306 2
195306 4
195307 4
195308 0
195309 3
195321 2
195322 1
195322 3
195322 5
195323 0
195336 1
195336 2
195337 4
195338 0
195338 3
195352 0
195352 1
195352 2
195352 3
195352 5
195366 1
195367 0
195367 2
195367 4
195368 3
195382 0
195382 1
195382 2
195382 3
195382 5
195396 1
195397 0
195397 2
195397 4
195398 3
195412 0
195412 1
195412 2
195412 3
195412 5
195426 1
195427 0
195427 2
195427 4
195428 3
195442 0
195442 1
195442 2
195442 3
195442 5
195456 1
195457 0
195457 2
195457 4
195458 3
195472 0
195472 1
195472 2
195472 3
195472 5
195486 1
195487 0
195487 2
195487 4
195488 3
195502 0
195502 1
195502 2
195502 3
195502 5
195516 1
195517 0
195517 2
195517 4
195518 3
195531 0
195532 1
195532 3
195532 5
195533 2
195545 1
195546 0
195546 4
195547 4
195548 2
195549 3
195561 0
195561 1
195562 4
195562 5
195563 2
195563 3
195575 1
195576 0
195576 4
195577 4
195578 2
195579 3
195591 0
195591 1
195592 4
195593 2
195593 3
195606 0
195607 1
195607 3
195607 5
195608 2
195621 0
195621 1
195622 4
195623 2
195623 3
195636 0
195637 1
195637 3
195637 4
195638 2
195651 0
195651 3
195652 5
195653 1
195653 2
195666 0
195667 1
195667 3
195667 4
195668 2
195681 0
195681 3
195682 5
195683 1
195683 2
195696 0
195697 1
195697 3
195697 4
195698 2
195711 0
195711 3
195712 4
195713 1
195713 2
195725 3
195726 0
195726 5
195727 5
195728 2
195729 1
195741 0
195741 3
195742 4
195743 1
195743 2
195755 3
195756 0
195756 5
195757 5
195758 2
195759 1
195771 3
195772 0
195772 2
195772 4
195772 5
195773 1
195785 3
195786 5
195787 0
195787 2
195787 5
195789 1
195801 3
195802 0
195802 2
195802 4
195802 5
195803 1
195815 3
195816 5
195817 0
195817 2
195817 5
195819 1
195831 3
195832 0
195832 2
195832 4
195832 5
195833 1
195845 3
195846 5
195847 0
195847 2
195847 5
195849 1
195861 3
195862 0
195862 2
195862 4
195862 5
195863 1
195875 3
195876 5
195877 0
195877 2
195877 5
195879 1
195891 2
195891 3
195892 4
195892 5
195893 0
195893 1
195905 3
195906 2
195906 5
195907 5
195908 0
195909 1
195921 2
195921 3
195922 4
195922 5
195923 0
195923 1
195935 3
195936 2
195936 5
195937 5
195938 0
195939 1
195951 2
195951 3
195952 5
195953 0
195953 1
195966 2
195967 1
195967 3
195967 4
195968 0
195981 2
195981 3
195982 5
195983 0
195983 1
195996 2
195997 1
195997 3
195997 5
195998 0
196011 1
196011 2
196012 4
196013 0
196013 3
196026 2
196027 1
196027 3
196027 5
196028 0
196041 1
196041 2
196042 4
196043 0
196043 3
196056 2
196057 1
196057 3
196057 5
196058 0
196071 1
196071 2
196072 5
196073 0
196073 3
196085 1
196086 2
196087 4
196088 0
196089 3
196101 1
196101 2
196102 5
196103 0
196103 3
196116 1
196116 2
196117 4
196118 0
196118 3
196131 2
196132 1
196132 3
196132 5
196133 0
196146 1
196146 2
196147 5
196148 0
196148 3
196160 1
196162 0
196162 2
196162 4
196164 3
196176 1
196177 0
196177 2
196177 5
196178 3
196190 1
196192 0
196192 2
196192 4
196194 3
196206 1
196207 0
196207 2
196207 5
196208 3
196220 1
196222 0
196222 2
196222 4
196224 3
196236 1
196237 0
196237 2
196237 4
196238 3
196251 0
196252 1
196252 3
196252 5
196253 2
196266 0
196266 1
196267 4
196268 2
196268 3
196281 0
196282 1
196282 3
196282 5
196283 2
196296 0
196296 1
196297 4
196298 2
196298 3
196311 0
196311 1
196312 4
196312 5
196313 2
196313 3
196325 1
196326 0
196326 4
196327 4
196328 2
196329 3
196341 0
196341 1
196342 4
196343 2
196343 3
196356 0
196357 1
196357 3
196357 5
196358 2
196371 0
196371 1
196372 4
196373 2
196373 3
196386 0
196387 1
196387 3
196387 4
196388 2
196401 0
196401 3
196402 5
196403 1
196403 2
196416 0
196417 1
196417 3
196417 4
196418 2
196431 0
196431 3
196432 5
196433 1
196433 2
196446 0
196447 1
196447 3
196447 4
196448 2
196461 0
196461 3
196462 4
196463 1
196463 2
196475 3
196476 0
196476 5
196477 5
196478 2
196479 1
196491 0
196491 3
196492 4
196493 1
196493 2
196505 3
196506 0
196506 5
196507 5
196508 2
196509 1
196521 0
196521 3
196522 4
196523 1
196523 2
196535 3
196536 0
196536 5
196537 4
196538 2
196539 1
196549 3
196550 5
196552 0
196552 2
196552 5
196555 1
196565 3
196566 5
196567 0
196567 2
196567 4
196569 1
196579 3
196580 5
196582 0
196582 2
196582 5
196585 1
196596 3
196597 0
196597 2
196597 4
196597 5
196598 1
196609 3
196610 5
196612 0
196612 2
196612 5
196615 1
196625 3
196626 2
196626 5
196627 5
196628 0
196629 1
196641 2
196641 3
196642 4
196642 5
196643 0
196643 1
196655 3
196656 2
196656 5
196657 5
196658 0
196659 1
196671 2
196671 3
196672 4
196672 5
196673 0
196673 1
196685 3
196686 2
196686 5
196687 5
196688 0
196689 1
196701 2
196701 3
196702 5
196703 0
196703 1
196716 2
196717 1
196717 3
196717 4
196718 0
196731 2
196731 3
196732 5
196733 0
196733 1
196746 2
196747 1
196747 3
196747 5
196748 0
196761 1
196761 2
196762 4
196763 0
196763 3
196776 2
196777 1
196777 3
196777 5
196778 0
196791 1
196791 2
196792 5
196793 0
196793 3
196805 1
196806 2
196807 4
196808 0
196809 3
196821 1
196821 2
196822 5
196823 0
196823 3
196836 1
196836 2
196837 4
196838 0
196838 3
196851 2
196852 1
196852 3
196852 5
196853 0
196866 1
196866 2
196867 5
196868 0
196868 3
196880 1
196881 2
196882 4
196883 0
196884 3
196896 1
196896 2
196897 5
196898 0
196898 3
196910 1
196912 0
196912 2
196912 4
196914 3
196926 1
196927 0
196927 2
196927 5
196928 3
196940 1
196942 0
196942 2
196942 4
196944 3
196956 1
196957 0
196957 2
196957 4
196958 3
196972 0
196972 1
196972 2
196972 3
196972 5
196986 1
196987 0
196987 2
196987 5
196988 3
197000 1
197002 0
197002 2
197002 4
197004 3
197016 0
197016 1
197017 4
197017 5
197018 2
197018 3
197030 1
197031 0
197031 4
197032 4
197033 2
197034 3
197046 0
197046 1
197047 4
197048 2
197048 3
197061 0
197062 1
197062 3
197062 5
197063 2
197076 0
197076 1
197077 4
197078 2
197078 3
197091 0
197092 1
197092 3
197092 5
197093 2
197105 1
197106 0
197106 4
197107 4
197108 2
197109 3
197121 0
197121 1
197122 4
197123 2
197123 3
197136 0
197137 1
197137 3
197137 5
197138 2
197151 0
197151 1
197152 4
197153 2
197153 3
197166 0
197167 1
197167 3
197167 4
197168 2
