0 tensor([[-0.0050,  0.0024],
        [-0.0091,  0.0054],
        [-0.0117,  0.0105],
        [-0.0246,  0.0006]], device='cuda:0')
1 tensor([[-0.0050,  0.0024],
        [-0.0091,  0.0054],
        [-0.0117,  0.0105],
        [-0.0246,  0.0006]], device='cuda:0')
2 tensor([[-0.0050,  0.0024],
        [-0.0091,  0.0054],
        [-0.0117,  0.0105],
        [-0.0246,  0.0006]], device='cuda:0')
3 tensor([[-0.0050,  0.0024],
        [-0.0091,  0.0054],
        [-0.0117,  0.0105],
        [-0.0246,  0.0006]], device='cuda:0')
4 tensor([[-0.0050,  0.0024],
        [-0.0091,  0.0054],
        [-0.0117,  0.0105],
        [-0.0246,  0.0006]], device='cuda:0')
5 tensor([[-0.0050,  0.0024],
        [-0.0091,  0.0054],
        [-0.0117,  0.0105],
        [-0.0246,  0.0006]], device='cuda:0')
6 tensor([[-0.0050,  0.0024],
        [-0.0091,  0.0054],
        [-0.0117,  0.0105],
        [-0.0246,  0.0006]], device='cuda:0')
7 tensor([[-0.0050,  0.0024],
        [-0.0091,  0.0054],
        [-0.0117,  0.0105],
        [-0.0246,  0.0006]], device='cuda:0')
8 tensor([[-0.0050,  0.0024],
        [-0.0091,  0.0054],
        [-0.0117,  0.0105],
        [-0.0246,  0.0006]], device='cuda:0')
9 tensor([[-0.0050,  0.0024],
        [-0.0091,  0.0054],
        [-0.0117,  0.0105],
        [-0.0246,  0.0006]], device='cuda:0')
10 tensor([[-0.0050,  0.0024],
        [-0.0091,  0.0054],
        [-0.0117,  0.0105],
        [-0.0246,  0.0006]], device='cuda:0')
11 tensor([[-0.0050,  0.0024],
        [-0.0091,  0.0054],
        [-0.0117,  0.0105],
        [-0.0246,  0.0006]], device='cuda:0')
12 tensor([[-0.0050,  0.0024],
        [-0.0091,  0.0054],
        [-0.0117,  0.0105],
        [-0.0246,  0.0006]], device='cuda:0')
13 tensor([[-0.0050,  0.0024],
        [-0.0091,  0.0054],
        [-0.0117,  0.0105],
        [-0.0246,  0.0006]], device='cuda:0')
14 tensor([[-0.0050,  0.0024],
        [-0.0091,  0.0054],
        [-0.0117,  0.0105],
        [-0.0246,  0.0006]], device='cuda:0')
15 tensor([[-0.0050,  0.0024],
        [-0.0091,  0.0054],
        [-0.0117,  0.0105],
        [-0.0246,  0.0006]], device='cuda:0')
16 tensor([[-0.0050,  0.0024],
        [-0.0091,  0.0054],
        [-0.0117,  0.0105],
        [-0.0246,  0.0006]], device='cuda:0')
17 tensor([[-0.0050,  0.0024],
        [-0.0091,  0.0054],
        [-0.0117,  0.0105],
        [-0.0246,  0.0006]], device='cuda:0')
18 tensor([[-0.0050,  0.0024],
        [-0.0091,  0.0054],
        [-0.0117,  0.0105],
        [-0.0246,  0.0006]], device='cuda:0')
19 tensor([[-0.0050,  0.0024],
        [-0.0091,  0.0054],
        [-0.0117,  0.0105],
        [-0.0246,  0.0006]], device='cuda:0')
20 tensor([[-0.0050,  0.0024],
        [-0.0091,  0.0054],
        [-0.0117,  0.0105],
        [-0.0246,  0.0006]], device='cuda:0')
21 tensor([[-0.0050,  0.0024],
        [-0.0091,  0.0054],
        [-0.0117,  0.0105],
        [-0.0246,  0.0006]], device='cuda:0')
22 tensor([[-0.0050,  0.0024],
        [-0.0091,  0.0054],
        [-0.0117,  0.0105],
        [-0.0246,  0.0006]], device='cuda:0')
23 tensor([[-0.0050,  0.0024],
        [-0.0091,  0.0055],
        [-0.0117,  0.0105],
        [-0.0246,  0.0006]], device='cuda:0')
24 tensor([[-0.0050,  0.0024],
        [-0.0091,  0.0055],
        [-0.0117,  0.0105],
        [-0.0246,  0.0006]], device='cuda:0')
25 tensor([[-0.0050,  0.0024],
        [-0.0091,  0.0055],
        [-0.0117,  0.0105],
        [-0.0246,  0.0006]], device='cuda:0')
26 tensor([[-0.0050,  0.0024],
        [-0.0091,  0.0056],
        [-0.0117,  0.0105],
        [-0.0246,  0.0005]], device='cuda:0')
27 tensor([[-0.0050,  0.0024],
        [-0.0091,  0.0056],
        [-0.0117,  0.0105],
        [-0.0246,  0.0005]], device='cuda:0')
28 tensor([[-0.0050,  0.0024],
        [-0.0091,  0.0056],
        [-0.0117,  0.0105],
        [-0.0246,  0.0005]], device='cuda:0')
29 tensor([[-0.0050,  0.0024],
        [-0.0091,  0.0057],
        [-0.0117,  0.0105],
        [-0.0246,  0.0004]], device='cuda:0')
30 tensor([[-0.0050,  0.0024],
        [-0.0091,  0.0057],
        [-0.0117,  0.0105],
        [-0.0246,  0.0004]], device='cuda:0')
31 tensor([[-0.0050,  0.0024],
        [-0.0091,  0.0058],
        [-0.0117,  0.0105],
        [-0.0246,  0.0003]], device='cuda:0')
32 tensor([[-0.0050,  0.0024],
        [-0.0091,  0.0058],
        [-0.0117,  0.0105],
        [-0.0246,  0.0003]], device='cuda:0')
33 tensor([[-0.0050,  0.0024],
        [-0.0091,  0.0058],
        [-0.0117,  0.0105],
        [-0.0246,  0.0003]], device='cuda:0')
34 tensor([[-0.0050,  0.0024],
        [-0.0091,  0.0059],
        [-0.0117,  0.0105],
        [-0.0246,  0.0002]], device='cuda:0')
35 tensor([[-0.0050,  0.0024],
        [-0.0091,  0.0059],
        [-0.0117,  0.0105],
        [-0.0246,  0.0002]], device='cuda:0')
36 tensor([[-0.0050,  0.0024],
        [-0.0091,  0.0059],
        [-0.0117,  0.0105],
        [-0.0246,  0.0002]], device='cuda:0')
37 tensor([[-0.0050,  0.0024],
        [-0.0091,  0.0059],
        [-0.0117,  0.0105],
        [-0.0246,  0.0001]], device='cuda:0')
38 tensor([[-4.9476e-03,  2.4289e-03],
        [-9.0198e-03,  5.9770e-03],
        [-1.1712e-02,  1.0507e-02],
        [-2.4559e-02,  9.8994e-05]], device='cuda:0')
39 tensor([[-4.9418e-03,  2.4231e-03],
        [-8.9815e-03,  6.0039e-03],
        [-1.1706e-02,  1.0502e-02],
        [-2.4552e-02,  6.4159e-05]], device='cuda:0')
40 tensor([[-4.9360e-03,  2.4173e-03],
        [-8.9434e-03,  6.0307e-03],
        [-1.1700e-02,  1.0496e-02],
        [-2.4579e-02,  2.5138e-05]], device='cuda:0')
41 tensor([[-4.9303e-03,  2.4116e-03],
        [-8.9055e-03,  6.0574e-03],
        [-1.1694e-02,  1.0490e-02],
        [-2.4606e-02, -1.3666e-05]], device='cuda:0')
42 tensor([[-4.9246e-03,  2.4059e-03],
        [-8.8678e-03,  6.0838e-03],
        [-1.1689e-02,  1.0484e-02],
        [-2.4632e-02, -5.2255e-05]], device='cuda:0')
43 tensor([[-4.9189e-03,  2.4002e-03],
        [-8.8303e-03,  6.1102e-03],
        [-1.1683e-02,  1.0479e-02],
        [-2.4659e-02, -9.0631e-05]], device='cuda:0')
44 tensor([[-0.0049,  0.0024],
        [-0.0088,  0.0061],
        [-0.0117,  0.0105],
        [-0.0247, -0.0001]], device='cuda:0')
45 tensor([[-0.0049,  0.0024],
        [-0.0088,  0.0062],
        [-0.0117,  0.0105],
        [-0.0247, -0.0002]], device='cuda:0')
46 tensor([[-0.0049,  0.0024],
        [-0.0087,  0.0062],
        [-0.0117,  0.0105],
        [-0.0247, -0.0002]], device='cuda:0')
47 tensor([[-0.0049,  0.0024],
        [-0.0087,  0.0062],
        [-0.0117,  0.0105],
        [-0.0248, -0.0002]], device='cuda:0')
48 tensor([[-0.0049,  0.0024],
        [-0.0086,  0.0062],
        [-0.0117,  0.0105],
        [-0.0248, -0.0003]], device='cuda:0')
49 tensor([[-0.0049,  0.0024],
        [-0.0086,  0.0063],
        [-0.0116,  0.0104],
        [-0.0248, -0.0003]], device='cuda:0')
50 tensor([[-0.0049,  0.0024],
        [-0.0086,  0.0063],
        [-0.0116,  0.0104],
        [-0.0248, -0.0004]], device='cuda:0')
51 tensor([[-0.0049,  0.0024],
        [-0.0085,  0.0063],
        [-0.0116,  0.0104],
        [-0.0249, -0.0004]], device='cuda:0')
52 tensor([[-0.0049,  0.0024],
        [-0.0085,  0.0063],
        [-0.0116,  0.0104],
        [-0.0249, -0.0004]], device='cuda:0')
53 tensor([[-0.0049,  0.0023],
        [-0.0084,  0.0064],
        [-0.0116,  0.0104],
        [-0.0249, -0.0005]], device='cuda:0')
54 tensor([[-0.0049,  0.0023],
        [-0.0084,  0.0064],
        [-0.0116,  0.0104],
        [-0.0250, -0.0005]], device='cuda:0')
55 tensor([[-0.0049,  0.0023],
        [-0.0083,  0.0064],
        [-0.0116,  0.0104],
        [-0.0250, -0.0005]], device='cuda:0')
56 tensor([[-0.0048,  0.0023],
        [-0.0082,  0.0064],
        [-0.0116,  0.0104],
        [-0.0251, -0.0006]], device='cuda:0')
57 tensor([[-0.0048,  0.0023],
        [-0.0081,  0.0065],
        [-0.0116,  0.0104],
        [-0.0251, -0.0006]], device='cuda:0')
58 tensor([[-0.0048,  0.0023],
        [-0.0081,  0.0065],
        [-0.0116,  0.0104],
        [-0.0252, -0.0006]], device='cuda:0')
59 tensor([[-0.0048,  0.0023],
        [-0.0080,  0.0065],
        [-0.0116,  0.0104],
        [-0.0253, -0.0007]], device='cuda:0')
60 tensor([[-0.0048,  0.0023],
        [-0.0079,  0.0065],
        [-0.0116,  0.0104],
        [-0.0253, -0.0007]], device='cuda:0')
61 tensor([[-0.0048,  0.0023],
        [-0.0079,  0.0066],
        [-0.0116,  0.0104],
        [-0.0254, -0.0008]], device='cuda:0')
62 tensor([[-0.0048,  0.0023],
        [-0.0078,  0.0066],
        [-0.0116,  0.0104],
        [-0.0254, -0.0008]], device='cuda:0')
63 tensor([[-0.0048,  0.0023],
        [-0.0077,  0.0066],
        [-0.0116,  0.0104],
        [-0.0255, -0.0008]], device='cuda:0')
64 tensor([[-0.0048,  0.0023],
        [-0.0077,  0.0066],
        [-0.0116,  0.0104],
        [-0.0256, -0.0009]], device='cuda:0')
65 tensor([[-0.0048,  0.0023],
        [-0.0076,  0.0066],
        [-0.0116,  0.0104],
        [-0.0256, -0.0009]], device='cuda:0')
66 tensor([[-0.0048,  0.0023],
        [-0.0075,  0.0067],
        [-0.0116,  0.0103],
        [-0.0257, -0.0009]], device='cuda:0')
67 tensor([[-0.0048,  0.0023],
        [-0.0075,  0.0067],
        [-0.0115,  0.0103],
        [-0.0257, -0.0010]], device='cuda:0')
68 tensor([[-0.0048,  0.0023],
        [-0.0074,  0.0067],
        [-0.0115,  0.0103],
        [-0.0258, -0.0010]], device='cuda:0')
69 tensor([[-0.0048,  0.0023],
        [-0.0073,  0.0067],
        [-0.0115,  0.0103],
        [-0.0258, -0.0010]], device='cuda:0')
70 tensor([[-0.0048,  0.0022],
        [-0.0073,  0.0068],
        [-0.0115,  0.0103],
        [-0.0259, -0.0011]], device='cuda:0')
71 tensor([[-0.0048,  0.0022],
        [-0.0072,  0.0068],
        [-0.0115,  0.0103],
        [-0.0259, -0.0011]], device='cuda:0')
72 tensor([[-0.0048,  0.0022],
        [-0.0071,  0.0068],
        [-0.0115,  0.0103],
        [-0.0260, -0.0011]], device='cuda:0')
73 tensor([[-0.0047,  0.0022],
        [-0.0071,  0.0068],
        [-0.0115,  0.0103],
        [-0.0260, -0.0012]], device='cuda:0')
74 tensor([[-0.0047,  0.0022],
        [-0.0070,  0.0068],
        [-0.0115,  0.0103],
        [-0.0261, -0.0012]], device='cuda:0')
75 tensor([[-0.0047,  0.0022],
        [-0.0069,  0.0069],
        [-0.0115,  0.0103],
        [-0.0261, -0.0012]], device='cuda:0')
76 tensor([[-0.0047,  0.0022],
        [-0.0069,  0.0069],
        [-0.0115,  0.0103],
        [-0.0262, -0.0013]], device='cuda:0')
77 tensor([[-0.0047,  0.0022],
        [-0.0068,  0.0069],
        [-0.0115,  0.0103],
        [-0.0263, -0.0013]], device='cuda:0')
78 tensor([[-0.0047,  0.0022],
        [-0.0068,  0.0069],
        [-0.0115,  0.0103],
        [-0.0263, -0.0013]], device='cuda:0')
79 tensor([[-0.0047,  0.0022],
        [-0.0067,  0.0069],
        [-0.0115,  0.0103],
        [-0.0264, -0.0014]], device='cuda:0')
80 tensor([[-0.0047,  0.0022],
        [-0.0066,  0.0070],
        [-0.0115,  0.0103],
        [-0.0264, -0.0014]], device='cuda:0')
81 tensor([[-0.0047,  0.0022],
        [-0.0066,  0.0070],
        [-0.0115,  0.0103],
        [-0.0265, -0.0014]], device='cuda:0')
82 tensor([[-0.0047,  0.0022],
        [-0.0065,  0.0070],
        [-0.0115,  0.0103],
        [-0.0265, -0.0014]], device='cuda:0')
83 tensor([[-0.0047,  0.0022],
        [-0.0064,  0.0070],
        [-0.0115,  0.0103],
        [-0.0266, -0.0014]], device='cuda:0')
84 tensor([[-0.0047,  0.0022],
        [-0.0064,  0.0070],
        [-0.0115,  0.0103],
        [-0.0266, -0.0014]], device='cuda:0')
85 tensor([[-0.0047,  0.0022],
        [-0.0063,  0.0070],
        [-0.0115,  0.0103],
        [-0.0267, -0.0014]], device='cuda:0')
86 tensor([[-0.0047,  0.0022],
        [-0.0063,  0.0070],
        [-0.0115,  0.0103],
        [-0.0267, -0.0014]], device='cuda:0')
87 tensor([[-0.0047,  0.0022],
        [-0.0062,  0.0070],
        [-0.0115,  0.0103],
        [-0.0268, -0.0014]], device='cuda:0')
88 tensor([[-0.0047,  0.0022],
        [-0.0062,  0.0070],
        [-0.0115,  0.0103],
        [-0.0269, -0.0014]], device='cuda:0')
89 tensor([[-0.0047,  0.0022],
        [-0.0061,  0.0070],
        [-0.0115,  0.0103],
        [-0.0269, -0.0014]], device='cuda:0')
90 tensor([[-0.0047,  0.0022],
        [-0.0061,  0.0069],
        [-0.0115,  0.0103],
        [-0.0270, -0.0013]], device='cuda:0')
91 tensor([[-0.0047,  0.0022],
        [-0.0060,  0.0069],
        [-0.0115,  0.0103],
        [-0.0270, -0.0013]], device='cuda:0')
92 tensor([[-0.0047,  0.0022],
        [-0.0060,  0.0069],
        [-0.0115,  0.0103],
        [-0.0271, -0.0013]], device='cuda:0')
93 tensor([[-0.0047,  0.0022],
        [-0.0059,  0.0069],
        [-0.0115,  0.0103],
        [-0.0271, -0.0013]], device='cuda:0')
94 tensor([[-0.0047,  0.0022],
        [-0.0059,  0.0069],
        [-0.0115,  0.0103],
        [-0.0272, -0.0013]], device='cuda:0')
95 tensor([[-0.0047,  0.0022],
        [-0.0058,  0.0069],
        [-0.0115,  0.0103],
        [-0.0272, -0.0013]], device='cuda:0')
96 tensor([[-0.0047,  0.0022],
        [-0.0058,  0.0069],
        [-0.0115,  0.0103],
        [-0.0273, -0.0013]], device='cuda:0')
97 tensor([[-0.0047,  0.0022],
        [-0.0057,  0.0069],
        [-0.0115,  0.0103],
        [-0.0273, -0.0013]], device='cuda:0')
98 tensor([[-0.0047,  0.0022],
        [-0.0057,  0.0069],
        [-0.0115,  0.0103],
        [-0.0274, -0.0012]], device='cuda:0')
99 tensor([[-0.0047,  0.0022],
        [-0.0056,  0.0068],
        [-0.0115,  0.0103],
        [-0.0274, -0.0012]], device='cuda:0')
100 tensor([[-0.0047,  0.0022],
        [-0.0056,  0.0068],
        [-0.0115,  0.0103],
        [-0.0275, -0.0012]], device='cuda:0')
101 tensor([[-0.0047,  0.0022],
        [-0.0055,  0.0068],
        [-0.0115,  0.0103],
        [-0.0275, -0.0012]], device='cuda:0')
102 tensor([[-0.0047,  0.0022],
        [-0.0055,  0.0068],
        [-0.0115,  0.0103],
        [-0.0276, -0.0012]], device='cuda:0')
103 tensor([[-0.0047,  0.0022],
        [-0.0054,  0.0068],
        [-0.0115,  0.0103],
        [-0.0277, -0.0012]], device='cuda:0')
104 tensor([[-0.0047,  0.0022],
        [-0.0054,  0.0068],
        [-0.0115,  0.0103],
        [-0.0277, -0.0012]], device='cuda:0')
105 tensor([[-0.0047,  0.0022],
        [-0.0053,  0.0068],
        [-0.0115,  0.0103],
        [-0.0278, -0.0012]], device='cuda:0')
106 tensor([[-0.0047,  0.0022],
        [-0.0053,  0.0068],
        [-0.0115,  0.0103],
        [-0.0278, -0.0012]], device='cuda:0')
107 tensor([[-0.0047,  0.0022],
        [-0.0052,  0.0068],
        [-0.0115,  0.0103],
        [-0.0279, -0.0011]], device='cuda:0')
108 tensor([[-0.0047,  0.0022],
        [-0.0052,  0.0068],
        [-0.0115,  0.0103],
        [-0.0279, -0.0011]], device='cuda:0')
109 tensor([[-0.0047,  0.0022],
        [-0.0051,  0.0067],
        [-0.0115,  0.0103],
        [-0.0280, -0.0011]], device='cuda:0')
110 tensor([[-0.0047,  0.0022],
        [-0.0051,  0.0067],
        [-0.0115,  0.0103],
        [-0.0280, -0.0011]], device='cuda:0')
111 tensor([[-0.0047,  0.0022],
        [-0.0050,  0.0067],
        [-0.0115,  0.0103],
        [-0.0281, -0.0011]], device='cuda:0')
112 tensor([[-0.0047,  0.0022],
        [-0.0050,  0.0067],
        [-0.0115,  0.0103],
        [-0.0281, -0.0011]], device='cuda:0')
113 tensor([[-0.0047,  0.0022],
        [-0.0049,  0.0067],
        [-0.0115,  0.0103],
        [-0.0282, -0.0011]], device='cuda:0')
114 tensor([[-0.0047,  0.0022],
        [-0.0049,  0.0068],
        [-0.0115,  0.0103],
        [-0.0282, -0.0011]], device='cuda:0')
115 tensor([[-0.0047,  0.0022],
        [-0.0048,  0.0068],
        [-0.0115,  0.0103],
        [-0.0283, -0.0011]], device='cuda:0')
116 tensor([[-0.0047,  0.0022],
        [-0.0048,  0.0068],
        [-0.0115,  0.0103],
        [-0.0283, -0.0011]], device='cuda:0')
117 tensor([[-0.0047,  0.0022],
        [-0.0047,  0.0069],
        [-0.0115,  0.0103],
        [-0.0283, -0.0012]], device='cuda:0')
118 tensor([[-0.0047,  0.0022],
        [-0.0047,  0.0069],
        [-0.0115,  0.0103],
        [-0.0284, -0.0012]], device='cuda:0')
119 tensor([[-0.0047,  0.0022],
        [-0.0047,  0.0069],
        [-0.0115,  0.0103],
        [-0.0284, -0.0012]], device='cuda:0')
120 tensor([[-0.0047,  0.0022],
        [-0.0046,  0.0069],
        [-0.0115,  0.0103],
        [-0.0285, -0.0012]], device='cuda:0')
121 tensor([[-0.0047,  0.0022],
        [-0.0046,  0.0070],
        [-0.0115,  0.0103],
        [-0.0285, -0.0013]], device='cuda:0')
122 tensor([[-0.0047,  0.0022],
        [-0.0045,  0.0070],
        [-0.0115,  0.0103],
        [-0.0286, -0.0013]], device='cuda:0')
123 tensor([[-0.0047,  0.0022],
        [-0.0045,  0.0070],
        [-0.0115,  0.0103],
        [-0.0286, -0.0013]], device='cuda:0')
124 tensor([[-0.0047,  0.0022],
        [-0.0044,  0.0070],
        [-0.0115,  0.0103],
        [-0.0287, -0.0014]], device='cuda:0')
125 tensor([[-0.0047,  0.0022],
        [-0.0044,  0.0071],
        [-0.0115,  0.0103],
        [-0.0287, -0.0014]], device='cuda:0')
126 tensor([[-0.0047,  0.0022],
        [-0.0044,  0.0071],
        [-0.0115,  0.0103],
        [-0.0288, -0.0014]], device='cuda:0')
127 tensor([[-0.0047,  0.0022],
        [-0.0043,  0.0071],
        [-0.0115,  0.0103],
        [-0.0288, -0.0014]], device='cuda:0')
128 tensor([[-0.0048,  0.0022],
        [-0.0043,  0.0072],
        [-0.0115,  0.0103],
        [-0.0289, -0.0014]], device='cuda:0')
129 tensor([[-0.0048,  0.0022],
        [-0.0042,  0.0072],
        [-0.0115,  0.0103],
        [-0.0289, -0.0015]], device='cuda:0')
130 tensor([[-0.0048,  0.0022],
        [-0.0042,  0.0073],
        [-0.0115,  0.0103],
        [-0.0289, -0.0015]], device='cuda:0')
131 tensor([[-0.0048,  0.0022],
        [-0.0041,  0.0073],
        [-0.0115,  0.0103],
        [-0.0290, -0.0016]], device='cuda:0')
132 tensor([[-0.0048,  0.0022],
        [-0.0041,  0.0074],
        [-0.0115,  0.0103],
        [-0.0290, -0.0016]], device='cuda:0')
133 tensor([[-0.0048,  0.0022],
        [-0.0041,  0.0074],
        [-0.0115,  0.0103],
        [-0.0291, -0.0017]], device='cuda:0')
134 tensor([[-0.0048,  0.0022],
        [-0.0040,  0.0075],
        [-0.0115,  0.0103],
        [-0.0291, -0.0017]], device='cuda:0')
135 tensor([[-0.0048,  0.0022],
        [-0.0040,  0.0076],
        [-0.0115,  0.0103],
        [-0.0292, -0.0018]], device='cuda:0')
136 tensor([[-0.0048,  0.0022],
        [-0.0039,  0.0076],
        [-0.0115,  0.0103],
        [-0.0292, -0.0018]], device='cuda:0')
137 tensor([[-0.0048,  0.0022],
        [-0.0039,  0.0077],
        [-0.0115,  0.0103],
        [-0.0293, -0.0019]], device='cuda:0')
138 tensor([[-0.0048,  0.0022],
        [-0.0039,  0.0077],
        [-0.0115,  0.0103],
        [-0.0293, -0.0020]], device='cuda:0')
139 tensor([[-0.0048,  0.0022],
        [-0.0038,  0.0078],
        [-0.0115,  0.0103],
        [-0.0293, -0.0020]], device='cuda:0')
140 tensor([[-0.0048,  0.0022],
        [-0.0038,  0.0078],
        [-0.0115,  0.0103],
        [-0.0294, -0.0021]], device='cuda:0')
141 tensor([[-0.0048,  0.0022],
        [-0.0037,  0.0079],
        [-0.0115,  0.0103],
        [-0.0294, -0.0021]], device='cuda:0')
142 tensor([[-0.0048,  0.0022],
        [-0.0037,  0.0079],
        [-0.0115,  0.0103],
        [-0.0295, -0.0022]], device='cuda:0')
143 tensor([[-0.0047,  0.0022],
        [-0.0036,  0.0079],
        [-0.0115,  0.0103],
        [-0.0295, -0.0022]], device='cuda:0')
144 tensor([[-0.0047,  0.0022],
        [-0.0035,  0.0080],
        [-0.0116,  0.0103],
        [-0.0295, -0.0023]], device='cuda:0')
145 tensor([[-0.0046,  0.0022],
        [-0.0035,  0.0080],
        [-0.0116,  0.0103],
        [-0.0296, -0.0023]], device='cuda:0')
146 tensor([[-0.0046,  0.0022],
        [-0.0034,  0.0081],
        [-0.0116,  0.0103],
        [-0.0296, -0.0024]], device='cuda:0')
147 tensor([[-0.0046,  0.0022],
        [-0.0033,  0.0081],
        [-0.0117,  0.0103],
        [-0.0297, -0.0024]], device='cuda:0')
148 tensor([[-0.0045,  0.0022],
        [-0.0033,  0.0082],
        [-0.0117,  0.0103],
        [-0.0297, -0.0025]], device='cuda:0')
149 tensor([[-0.0045,  0.0022],
        [-0.0032,  0.0082],
        [-0.0117,  0.0103],
        [-0.0298, -0.0025]], device='cuda:0')
150 tensor([[-0.0044,  0.0022],
        [-0.0031,  0.0082],
        [-0.0118,  0.0103],
        [-0.0299, -0.0026]], device='cuda:0')
151 tensor([[-0.0044,  0.0022],
        [-0.0031,  0.0083],
        [-0.0118,  0.0103],
        [-0.0299, -0.0026]], device='cuda:0')
152 tensor([[-0.0043,  0.0022],
        [-0.0030,  0.0083],
        [-0.0118,  0.0103],
        [-0.0300, -0.0027]], device='cuda:0')
153 tensor([[-0.0043,  0.0022],
        [-0.0029,  0.0084],
        [-0.0119,  0.0103],
        [-0.0300, -0.0027]], device='cuda:0')
154 tensor([[-0.0043,  0.0022],
        [-0.0028,  0.0084],
        [-0.0119,  0.0103],
        [-0.0301, -0.0028]], device='cuda:0')
155 tensor([[-0.0042,  0.0022],
        [-0.0028,  0.0085],
        [-0.0119,  0.0103],
        [-0.0302, -0.0028]], device='cuda:0')
156 tensor([[-0.0042,  0.0022],
        [-0.0027,  0.0085],
        [-0.0120,  0.0103],
        [-0.0302, -0.0029]], device='cuda:0')
157 tensor([[-0.0041,  0.0022],
        [-0.0027,  0.0085],
        [-0.0120,  0.0103],
        [-0.0303, -0.0030]], device='cuda:0')
158 tensor([[-0.0041,  0.0022],
        [-0.0026,  0.0086],
        [-0.0120,  0.0103],
        [-0.0303, -0.0030]], device='cuda:0')
159 tensor([[-0.0041,  0.0022],
        [-0.0025,  0.0087],
        [-0.0120,  0.0102],
        [-0.0304, -0.0030]], device='cuda:0')
160 tensor([[-0.0040,  0.0023],
        [-0.0025,  0.0088],
        [-0.0121,  0.0102],
        [-0.0305, -0.0031]], device='cuda:0')
161 tensor([[-0.0040,  0.0023],
        [-0.0024,  0.0088],
        [-0.0121,  0.0102],
        [-0.0305, -0.0032]], device='cuda:0')
162 tensor([[-0.0040,  0.0023],
        [-0.0024,  0.0089],
        [-0.0122,  0.0101],
        [-0.0306, -0.0033]], device='cuda:0')
163 tensor([[-0.0039,  0.0024],
        [-0.0023,  0.0090],
        [-0.0122,  0.0101],
        [-0.0306, -0.0033]], device='cuda:0')
164 tensor([[-0.0039,  0.0024],
        [-0.0022,  0.0091],
        [-0.0122,  0.0101],
        [-0.0307, -0.0034]], device='cuda:0')
165 tensor([[-0.0039,  0.0025],
        [-0.0022,  0.0091],
        [-0.0123,  0.0100],
        [-0.0308, -0.0035]], device='cuda:0')
166 tensor([[-0.0038,  0.0025],
        [-0.0021,  0.0092],
        [-0.0123,  0.0100],
        [-0.0308, -0.0036]], device='cuda:0')
167 tensor([[-0.0038,  0.0025],
        [-0.0021,  0.0093],
        [-0.0123,  0.0100],
        [-0.0309, -0.0036]], device='cuda:0')
168 tensor([[-0.0038,  0.0026],
        [-0.0020,  0.0094],
        [-0.0124,  0.0099],
        [-0.0309, -0.0037]], device='cuda:0')
169 tensor([[-0.0038,  0.0026],
        [-0.0020,  0.0094],
        [-0.0124,  0.0099],
        [-0.0310, -0.0038]], device='cuda:0')
170 tensor([[-0.0037,  0.0026],
        [-0.0019,  0.0095],
        [-0.0124,  0.0099],
        [-0.0311, -0.0038]], device='cuda:0')
171 tensor([[-0.0037,  0.0027],
        [-0.0019,  0.0096],
        [-0.0125,  0.0098],
        [-0.0311, -0.0039]], device='cuda:0')
172 tensor([[-0.0037,  0.0027],
        [-0.0018,  0.0096],
        [-0.0125,  0.0098],
        [-0.0312, -0.0040]], device='cuda:0')
173 tensor([[-0.0036,  0.0027],
        [-0.0017,  0.0097],
        [-0.0125,  0.0098],
        [-0.0312, -0.0041]], device='cuda:0')
174 tensor([[-0.0035,  0.0028],
        [-0.0016,  0.0097],
        [-0.0126,  0.0097],
        [-0.0313, -0.0041]], device='cuda:0')
175 tensor([[-0.0034,  0.0028],
        [-0.0015,  0.0098],
        [-0.0127,  0.0097],
        [-0.0313, -0.0042]], device='cuda:0')
176 tensor([[-0.0034,  0.0028],
        [-0.0014,  0.0099],
        [-0.0127,  0.0096],
        [-0.0314, -0.0043]], device='cuda:0')
177 tensor([[-0.0033,  0.0028],
        [-0.0014,  0.0099],
        [-0.0128,  0.0096],
        [-0.0315, -0.0043]], device='cuda:0')
178 tensor([[-0.0032,  0.0029],
        [-0.0013,  0.0100],
        [-0.0128,  0.0096],
        [-0.0316, -0.0044]], device='cuda:0')
179 tensor([[-0.0031,  0.0029],
        [-0.0012,  0.0100],
        [-0.0129,  0.0095],
        [-0.0316, -0.0045]], device='cuda:0')
180 tensor([[-0.0031,  0.0029],
        [-0.0011,  0.0101],
        [-0.0130,  0.0095],
        [-0.0317, -0.0046]], device='cuda:0')
181 tensor([[-0.0030,  0.0029],
        [-0.0010,  0.0102],
        [-0.0130,  0.0095],
        [-0.0318, -0.0046]], device='cuda:0')
182 tensor([[-0.0029,  0.0030],
        [-0.0009,  0.0102],
        [-0.0131,  0.0094],
        [-0.0319, -0.0047]], device='cuda:0')
183 tensor([[-0.0029,  0.0030],
        [-0.0009,  0.0103],
        [-0.0132,  0.0094],
        [-0.0319, -0.0048]], device='cuda:0')
184 tensor([[-0.0028,  0.0030],
        [-0.0008,  0.0103],
        [-0.0132,  0.0094],
        [-0.0320, -0.0048]], device='cuda:0')
185 tensor([[-0.0027,  0.0031],
        [-0.0007,  0.0104],
        [-0.0133,  0.0093],
        [-0.0321, -0.0049]], device='cuda:0')
186 tensor([[-0.0027,  0.0031],
        [-0.0006,  0.0105],
        [-0.0133,  0.0093],
        [-0.0322, -0.0050]], device='cuda:0')
187 tensor([[-0.0026,  0.0031],
        [-0.0005,  0.0105],
        [-0.0134,  0.0092],
        [-0.0322, -0.0050]], device='cuda:0')
188 tensor([[-0.0025,  0.0031],
        [-0.0004,  0.0106],
        [-0.0135,  0.0092],
        [-0.0323, -0.0051]], device='cuda:0')
189 tensor([[-0.0024,  0.0032],
        [-0.0003,  0.0106],
        [-0.0135,  0.0092],
        [-0.0324, -0.0052]], device='cuda:0')
190 tensor([[-0.0023,  0.0032],
        [-0.0002,  0.0107],
        [-0.0136,  0.0091],
        [-0.0325, -0.0052]], device='cuda:0')
191 tensor([[-0.0022,  0.0032],
        [-0.0001,  0.0107],
        [-0.0137,  0.0091],
        [-0.0326, -0.0053]], device='cuda:0')
192 tensor([[-2.0733e-03,  3.2374e-03],
        [ 1.6432e-06,  1.0794e-02],
        [-1.3834e-02,  9.0688e-03],
        [-3.2651e-02, -5.3817e-03]], device='cuda:0')
193 tensor([[-0.0020,  0.0033],
        [ 0.0001,  0.0108],
        [-0.0139,  0.0090],
        [-0.0327, -0.0054]], device='cuda:0')
194 tensor([[-0.0019,  0.0033],
        [ 0.0002,  0.0109],
        [-0.0140,  0.0090],
        [-0.0328, -0.0055]], device='cuda:0')
195 tensor([[-0.0018,  0.0033],
        [ 0.0003,  0.0110],
        [-0.0141,  0.0090],
        [-0.0329, -0.0056]], device='cuda:0')
196 tensor([[-0.0017,  0.0033],
        [ 0.0004,  0.0110],
        [-0.0142,  0.0089],
        [-0.0330, -0.0056]], device='cuda:0')
197 tensor([[-0.0016,  0.0034],
        [ 0.0005,  0.0111],
        [-0.0143,  0.0089],
        [-0.0331, -0.0057]], device='cuda:0')
198 tensor([[-0.0015,  0.0034],
        [ 0.0006,  0.0111],
        [-0.0144,  0.0089],
        [-0.0332, -0.0058]], device='cuda:0')
199 tensor([[-0.0014,  0.0034],
        [ 0.0007,  0.0112],
        [-0.0145,  0.0088],
        [-0.0333, -0.0058]], device='cuda:0')
200 tensor([[-0.0013,  0.0034],
        [ 0.0008,  0.0112],
        [-0.0146,  0.0088],
        [-0.0334, -0.0059]], device='cuda:0')
201 tensor([[-0.0012,  0.0035],
        [ 0.0010,  0.0113],
        [-0.0147,  0.0088],
        [-0.0335, -0.0060]], device='cuda:0')
202 tensor([[-0.0011,  0.0035],
        [ 0.0010,  0.0113],
        [-0.0148,  0.0087],
        [-0.0336, -0.0060]], device='cuda:0')
203 tensor([[-0.0010,  0.0035],
        [ 0.0011,  0.0114],
        [-0.0148,  0.0087],
        [-0.0337, -0.0061]], device='cuda:0')
204 tensor([[-0.0009,  0.0036],
        [ 0.0012,  0.0115],
        [-0.0149,  0.0087],
        [-0.0338, -0.0062]], device='cuda:0')
205 tensor([[-0.0008,  0.0037],
        [ 0.0013,  0.0116],
        [-0.0150,  0.0086],
        [-0.0339, -0.0063]], device='cuda:0')
206 tensor([[-0.0007,  0.0037],
        [ 0.0014,  0.0117],
        [-0.0151,  0.0086],
        [-0.0340, -0.0064]], device='cuda:0')
207 tensor([[-0.0006,  0.0038],
        [ 0.0015,  0.0118],
        [-0.0152,  0.0085],
        [-0.0341, -0.0065]], device='cuda:0')
208 tensor([[-0.0006,  0.0038],
        [ 0.0016,  0.0119],
        [-0.0153,  0.0084],
        [-0.0342, -0.0065]], device='cuda:0')
209 tensor([[-0.0005,  0.0039],
        [ 0.0017,  0.0120],
        [-0.0154,  0.0084],
        [-0.0343, -0.0066]], device='cuda:0')
210 tensor([[-0.0004,  0.0040],
        [ 0.0018,  0.0121],
        [-0.0155,  0.0083],
        [-0.0344, -0.0067]], device='cuda:0')
211 tensor([[-0.0003,  0.0040],
        [ 0.0019,  0.0122],
        [-0.0156,  0.0083],
        [-0.0345, -0.0068]], device='cuda:0')
212 tensor([[-0.0002,  0.0041],
        [ 0.0020,  0.0123],
        [-0.0157,  0.0082],
        [-0.0346, -0.0069]], device='cuda:0')
213 tensor([[-0.0001,  0.0041],
        [ 0.0021,  0.0123],
        [-0.0157,  0.0082],
        [-0.0347, -0.0070]], device='cuda:0')
214 tensor([[-4.1728e-05,  4.2025e-03],
        [ 2.1576e-03,  1.2436e-02],
        [-1.5830e-02,  8.1038e-03],
        [-3.4756e-02, -7.0852e-03]], device='cuda:0')
215 tensor([[ 4.2131e-05,  4.2606e-03],
        [ 2.2458e-03,  1.2517e-02],
        [-1.5917e-02,  8.0479e-03],
        [-3.4848e-02, -7.1730e-03]], device='cuda:0')
216 tensor([[ 0.0001,  0.0043],
        [ 0.0023,  0.0126],
        [-0.0160,  0.0080],
        [-0.0349, -0.0073]], device='cuda:0')
217 tensor([[ 0.0002,  0.0044],
        [ 0.0024,  0.0127],
        [-0.0161,  0.0079],
        [-0.0350, -0.0073]], device='cuda:0')
218 tensor([[ 0.0003,  0.0044],
        [ 0.0025,  0.0128],
        [-0.0162,  0.0079],
        [-0.0351, -0.0074]], device='cuda:0')
219 tensor([[ 0.0004,  0.0045],
        [ 0.0026,  0.0129],
        [-0.0163,  0.0078],
        [-0.0352, -0.0075]], device='cuda:0')
220 tensor([[ 0.0005,  0.0046],
        [ 0.0027,  0.0130],
        [-0.0163,  0.0078],
        [-0.0353, -0.0076]], device='cuda:0')
221 tensor([[ 0.0005,  0.0047],
        [ 0.0028,  0.0131],
        [-0.0164,  0.0077],
        [-0.0354, -0.0077]], device='cuda:0')
222 tensor([[ 0.0006,  0.0048],
        [ 0.0028,  0.0132],
        [-0.0165,  0.0076],
        [-0.0355, -0.0078]], device='cuda:0')
223 tensor([[ 0.0007,  0.0049],
        [ 0.0029,  0.0133],
        [-0.0166,  0.0075],
        [-0.0356, -0.0079]], device='cuda:0')
224 tensor([[ 0.0008,  0.0050],
        [ 0.0030,  0.0135],
        [-0.0167,  0.0074],
        [-0.0357, -0.0080]], device='cuda:0')
225 tensor([[ 0.0008,  0.0051],
        [ 0.0031,  0.0136],
        [-0.0168,  0.0073],
        [-0.0357, -0.0081]], device='cuda:0')
226 tensor([[ 0.0009,  0.0051],
        [ 0.0032,  0.0137],
        [-0.0169,  0.0073],
        [-0.0358, -0.0082]], device='cuda:0')
227 tensor([[ 0.0010,  0.0052],
        [ 0.0033,  0.0138],
        [-0.0169,  0.0072],
        [-0.0359, -0.0083]], device='cuda:0')
228 tensor([[ 0.0011,  0.0053],
        [ 0.0033,  0.0139],
        [-0.0170,  0.0071],
        [-0.0360, -0.0085]], device='cuda:0')
229 tensor([[ 0.0012,  0.0054],
        [ 0.0034,  0.0140],
        [-0.0171,  0.0070],
        [-0.0361, -0.0086]], device='cuda:0')
230 tensor([[ 0.0012,  0.0055],
        [ 0.0035,  0.0141],
        [-0.0172,  0.0069],
        [-0.0362, -0.0087]], device='cuda:0')
231 tensor([[ 0.0013,  0.0055],
        [ 0.0036,  0.0142],
        [-0.0173,  0.0069],
        [-0.0363, -0.0088]], device='cuda:0')
232 tensor([[ 0.0014,  0.0056],
        [ 0.0037,  0.0143],
        [-0.0173,  0.0068],
        [-0.0363, -0.0089]], device='cuda:0')
233 tensor([[ 0.0015,  0.0057],
        [ 0.0038,  0.0144],
        [-0.0174,  0.0067],
        [-0.0364, -0.0090]], device='cuda:0')
234 tensor([[ 0.0015,  0.0058],
        [ 0.0038,  0.0145],
        [-0.0175,  0.0066],
        [-0.0365, -0.0091]], device='cuda:0')
235 tensor([[ 0.0016,  0.0059],
        [ 0.0039,  0.0146],
        [-0.0176,  0.0065],
        [-0.0366, -0.0092]], device='cuda:0')
236 tensor([[ 0.0017,  0.0061],
        [ 0.0040,  0.0148],
        [-0.0177,  0.0064],
        [-0.0367, -0.0092]], device='cuda:0')
237 tensor([[ 0.0018,  0.0062],
        [ 0.0041,  0.0149],
        [-0.0177,  0.0063],
        [-0.0368, -0.0094]], device='cuda:0')
238 tensor([[ 0.0018,  0.0063],
        [ 0.0041,  0.0150],
        [-0.0178,  0.0062],
        [-0.0368, -0.0095]], device='cuda:0')
239 tensor([[ 0.0019,  0.0064],
        [ 0.0042,  0.0151],
        [-0.0179,  0.0061],
        [-0.0369, -0.0096]], device='cuda:0')
240 tensor([[ 0.0020,  0.0065],
        [ 0.0043,  0.0152],
        [-0.0180,  0.0060],
        [-0.0370, -0.0097]], device='cuda:0')
241 tensor([[ 0.0020,  0.0066],
        [ 0.0044,  0.0154],
        [-0.0180,  0.0059],
        [-0.0371, -0.0098]], device='cuda:0')
242 tensor([[ 0.0021,  0.0067],
        [ 0.0044,  0.0155],
        [-0.0181,  0.0058],
        [-0.0372, -0.0100]], device='cuda:0')
243 tensor([[ 0.0022,  0.0068],
        [ 0.0045,  0.0156],
        [-0.0182,  0.0057],
        [-0.0372, -0.0101]], device='cuda:0')
244 tensor([[ 0.0023,  0.0069],
        [ 0.0046,  0.0157],
        [-0.0183,  0.0056],
        [-0.0373, -0.0102]], device='cuda:0')
245 tensor([[ 0.0023,  0.0070],
        [ 0.0047,  0.0158],
        [-0.0183,  0.0055],
        [-0.0374, -0.0103]], device='cuda:0')
246 tensor([[ 0.0024,  0.0071],
        [ 0.0047,  0.0159],
        [-0.0184,  0.0054],
        [-0.0375, -0.0104]], device='cuda:0')
247 tensor([[ 0.0025,  0.0072],
        [ 0.0048,  0.0160],
        [-0.0185,  0.0053],
        [-0.0376, -0.0105]], device='cuda:0')
248 tensor([[ 0.0025,  0.0073],
        [ 0.0049,  0.0161],
        [-0.0186,  0.0052],
        [-0.0376, -0.0106]], device='cuda:0')
249 tensor([[ 0.0026,  0.0075],
        [ 0.0050,  0.0162],
        [-0.0186,  0.0051],
        [-0.0377, -0.0107]], device='cuda:0')
250 tensor([[ 0.0027,  0.0076],
        [ 0.0050,  0.0164],
        [-0.0187,  0.0050],
        [-0.0378, -0.0108]], device='cuda:0')
251 tensor([[ 0.0027,  0.0077],
        [ 0.0051,  0.0165],
        [-0.0188,  0.0049],
        [-0.0379, -0.0109]], device='cuda:0')
252 tensor([[ 0.0028,  0.0079],
        [ 0.0052,  0.0166],
        [-0.0188,  0.0047],
        [-0.0379, -0.0110]], device='cuda:0')
253 tensor([[ 0.0029,  0.0080],
        [ 0.0053,  0.0167],
        [-0.0189,  0.0046],
        [-0.0380, -0.0112]], device='cuda:0')
254 tensor([[ 0.0029,  0.0081],
        [ 0.0053,  0.0169],
        [-0.0190,  0.0045],
        [-0.0381, -0.0113]], device='cuda:0')
255 tensor([[ 0.0030,  0.0082],
        [ 0.0054,  0.0170],
        [-0.0191,  0.0044],
        [-0.0382, -0.0114]], device='cuda:0')
256 tensor([[ 0.0031,  0.0084],
        [ 0.0055,  0.0171],
        [-0.0191,  0.0042],
        [-0.0382, -0.0115]], device='cuda:0')
257 tensor([[ 0.0031,  0.0085],
        [ 0.0055,  0.0172],
        [-0.0192,  0.0041],
        [-0.0383, -0.0117]], device='cuda:0')
258 tensor([[ 0.0032,  0.0086],
        [ 0.0056,  0.0173],
        [-0.0193,  0.0040],
        [-0.0384, -0.0118]], device='cuda:0')
259 tensor([[ 0.0033,  0.0087],
        [ 0.0057,  0.0174],
        [-0.0193,  0.0039],
        [-0.0385, -0.0119]], device='cuda:0')
260 tensor([[ 0.0033,  0.0089],
        [ 0.0057,  0.0175],
        [-0.0194,  0.0037],
        [-0.0385, -0.0120]], device='cuda:0')
261 tensor([[ 0.0034,  0.0090],
        [ 0.0058,  0.0176],
        [-0.0195,  0.0036],
        [-0.0386, -0.0122]], device='cuda:0')
262 tensor([[ 0.0035,  0.0091],
        [ 0.0059,  0.0177],
        [-0.0195,  0.0035],
        [-0.0387, -0.0123]], device='cuda:0')
263 tensor([[ 0.0035,  0.0092],
        [ 0.0059,  0.0179],
        [-0.0196,  0.0034],
        [-0.0387, -0.0124]], device='cuda:0')
264 tensor([[ 0.0036,  0.0094],
        [ 0.0060,  0.0180],
        [-0.0197,  0.0033],
        [-0.0388, -0.0125]], device='cuda:0')
265 tensor([[ 0.0036,  0.0095],
        [ 0.0061,  0.0181],
        [-0.0197,  0.0032],
        [-0.0389, -0.0126]], device='cuda:0')
266 tensor([[ 0.0037,  0.0097],
        [ 0.0061,  0.0182],
        [-0.0198,  0.0030],
        [-0.0389, -0.0127]], device='cuda:0')
267 tensor([[ 0.0038,  0.0098],
        [ 0.0062,  0.0184],
        [-0.0199,  0.0029],
        [-0.0390, -0.0128]], device='cuda:0')
268 tensor([[ 0.0038,  0.0100],
        [ 0.0063,  0.0185],
        [-0.0199,  0.0027],
        [-0.0391, -0.0129]], device='cuda:0')
269 tensor([[ 0.0039,  0.0101],
        [ 0.0063,  0.0186],
        [-0.0200,  0.0026],
        [-0.0392, -0.0130]], device='cuda:0')
270 tensor([[ 0.0040,  0.0102],
        [ 0.0064,  0.0187],
        [-0.0201,  0.0025],
        [-0.0392, -0.0131]], device='cuda:0')
271 tensor([[ 0.0040,  0.0104],
        [ 0.0065,  0.0188],
        [-0.0201,  0.0023],
        [-0.0393, -0.0133]], device='cuda:0')
272 tensor([[ 0.0041,  0.0105],
        [ 0.0065,  0.0189],
        [-0.0202,  0.0022],
        [-0.0394, -0.0134]], device='cuda:0')
273 tensor([[ 0.0041,  0.0107],
        [ 0.0066,  0.0190],
        [-0.0203,  0.0020],
        [-0.0394, -0.0135]], device='cuda:0')
274 tensor([[ 0.0042,  0.0108],
        [ 0.0067,  0.0191],
        [-0.0203,  0.0019],
        [-0.0395, -0.0136]], device='cuda:0')
275 tensor([[ 0.0043,  0.0109],
        [ 0.0067,  0.0192],
        [-0.0204,  0.0018],
        [-0.0396, -0.0138]], device='cuda:0')
276 tensor([[ 0.0043,  0.0111],
        [ 0.0068,  0.0193],
        [-0.0205,  0.0016],
        [-0.0396, -0.0139]], device='cuda:0')
277 tensor([[ 0.0044,  0.0112],
        [ 0.0069,  0.0194],
        [-0.0205,  0.0015],
        [-0.0397, -0.0140]], device='cuda:0')
278 tensor([[ 0.0044,  0.0113],
        [ 0.0069,  0.0196],
        [-0.0206,  0.0014],
        [-0.0398, -0.0141]], device='cuda:0')
279 tensor([[ 0.0045,  0.0115],
        [ 0.0070,  0.0197],
        [-0.0206,  0.0012],
        [-0.0398, -0.0142]], device='cuda:0')
280 tensor([[ 0.0045,  0.0116],
        [ 0.0070,  0.0198],
        [-0.0207,  0.0011],
        [-0.0399, -0.0143]], device='cuda:0')
281 tensor([[ 0.0046,  0.0118],
        [ 0.0071,  0.0199],
        [-0.0208,  0.0010],
        [-0.0399, -0.0144]], device='cuda:0')
282 tensor([[ 0.0047,  0.0120],
        [ 0.0072,  0.0200],
        [-0.0208,  0.0008],
        [-0.0400, -0.0145]], device='cuda:0')
283 tensor([[ 0.0047,  0.0121],
        [ 0.0072,  0.0201],
        [-0.0209,  0.0007],
        [-0.0401, -0.0146]], device='cuda:0')
284 tensor([[ 0.0048,  0.0123],
        [ 0.0073,  0.0203],
        [-0.0209,  0.0005],
        [-0.0401, -0.0147]], device='cuda:0')
285 tensor([[ 0.0048,  0.0124],
        [ 0.0073,  0.0204],
        [-0.0210,  0.0004],
        [-0.0402, -0.0148]], device='cuda:0')
286 tensor([[ 0.0049,  0.0126],
        [ 0.0074,  0.0205],
        [-0.0211,  0.0002],
        [-0.0403, -0.0150]], device='cuda:0')
287 tensor([[ 4.9448e-03,  1.2723e-02],
        [ 7.4555e-03,  2.0565e-02],
        [-2.1121e-02,  5.2935e-05],
        [-4.0327e-02, -1.5072e-02]], device='cuda:0')
288 tensor([[ 5.0000e-03,  1.2873e-02],
        [ 7.5142e-03,  2.0661e-02],
        [-2.1179e-02, -9.6636e-05],
        [-4.0389e-02, -1.5189e-02]], device='cuda:0')
289 tensor([[ 0.0051,  0.0130],
        [ 0.0076,  0.0208],
        [-0.0212, -0.0002],
        [-0.0405, -0.0153]], device='cuda:0')
290 tensor([[ 0.0051,  0.0131],
        [ 0.0076,  0.0209],
        [-0.0213, -0.0004],
        [-0.0405, -0.0154]], device='cuda:0')
291 tensor([[ 0.0052,  0.0133],
        [ 0.0077,  0.0209],
        [-0.0214, -0.0005],
        [-0.0406, -0.0155]], device='cuda:0')
292 tensor([[ 0.0052,  0.0134],
        [ 0.0077,  0.0210],
        [-0.0214, -0.0007],
        [-0.0406, -0.0157]], device='cuda:0')
293 tensor([[ 0.0053,  0.0136],
        [ 0.0078,  0.0212],
        [-0.0215, -0.0008],
        [-0.0407, -0.0157]], device='cuda:0')
294 tensor([[ 0.0053,  0.0138],
        [ 0.0079,  0.0213],
        [-0.0215, -0.0010],
        [-0.0408, -0.0158]], device='cuda:0')
295 tensor([[ 0.0054,  0.0139],
        [ 0.0079,  0.0214],
        [-0.0216, -0.0011],
        [-0.0408, -0.0159]], device='cuda:0')
296 tensor([[ 0.0054,  0.0141],
        [ 0.0080,  0.0215],
        [-0.0216, -0.0012],
        [-0.0409, -0.0160]], device='cuda:0')
297 tensor([[ 0.0055,  0.0142],
        [ 0.0080,  0.0216],
        [-0.0217, -0.0014],
        [-0.0409, -0.0161]], device='cuda:0')
298 tensor([[ 0.0055,  0.0144],
        [ 0.0081,  0.0217],
        [-0.0217, -0.0016],
        [-0.0410, -0.0162]], device='cuda:0')
299 tensor([[ 0.0056,  0.0146],
        [ 0.0081,  0.0218],
        [-0.0218, -0.0017],
        [-0.0410, -0.0163]], device='cuda:0')
