122151 2
122152 1
122152 3
122152 5
122153 0
122166 1
122166 2
122167 4
122168 0
122168 3
122182 0
122182 1
122182 2
122182 3
122182 5
122196 1
122197 0
122197 2
122197 4
122198 3
122212 0
122212 1
122212 2
122212 3
122212 5
122226 1
122227 0
122227 2
122227 4
122227 5
122228 3
122240 1
122241 4
122242 0
122242 2
122242 4
122244 3
122256 1
122257 0
122257 2
122257 4
122257 5
122258 3
122270 1
122271 4
122272 0
122272 2
122272 4
122274 3
122286 1
122287 0
122287 2
122287 4
122287 5
122288 3
122300 1
122301 4
122302 0
122302 2
122302 4
122304 3
122316 1
122317 0
122317 2
122317 4
122318 3
122331 0
122332 1
122332 3
122332 5
122333 2
122346 0
122346 1
122347 4
122348 2
122348 3
122361 0
122362 1
122362 3
122362 5
122363 2
122376 0
122376 1
122377 4
122378 2
122378 3
122391 0
122392 1
122392 3
122392 4
122392 5
122393 2
122406 0
122406 1
122407 4
122408 2
122408 3
122421 0
122422 1
122422 3
122422 4
122423 2
122436 0
122436 3
122437 5
122438 1
122438 2
122451 0
122452 1
122452 3
122452 4
122453 2
122466 0
122466 3
122467 5
122468 1
122468 2
122481 0
122482 1
122482 3
122482 4
122482 5
122483 2
122496 0
122496 1
122497 4
122498 2
122498 3
122511 0
122512 1
122512 3
122512 4
122513 2
122526 0
122527 1
122527 3
122527 4
122528 2
122541 0
122541 3
122542 4
122543 1
122543 2
122555 3
122556 0
122556 5
122557 5
122558 2
122559 1
122571 0
122571 3
122572 5
122573 1
122573 2
122587 0
122587 1
122587 2
122587 3
122587 4
122601 3
122602 0
122602 2
122602 4
122602 5
122603 1
122615 3
122616 5
122617 0
122617 2
122617 5
122619 1
122631 3
122632 0
122632 2
122632 4
122632 5
122633 1
122645 3
122646 5
122647 0
122647 2
122647 5
122649 1
122661 3
122662 0
122662 2
122662 4
122662 5
122663 1
122675 3
122676 5
122677 0
122677 2
122677 5
122679 1
122691 2
122691 3
122692 5
122693 0
122693 1
122706 2
122707 1
122707 3
122707 4
122708 0
122721 2
122721 3
122722 5
122723 0
122723 1
122736 2
122737 1
122737 3
122737 4
122738 0
122751 2
122751 3
122752 5
122753 0
122753 1
122766 2
122766 3
122767 5
122768 0
122768 1
122781 2
122782 1
122782 3
122782 4
122783 0
122796 2
122796 3
122797 5
122798 0
122798 1
122811 2
122812 1
122812 3
122812 5
122813 0
122826 1
122826 2
122827 4
122828 0
122828 3
122841 2
122842 1
122842 3
122842 5
122843 0
122856 1
122856 2
122857 4
122858 0
122858 3
122871 2
122872 1
122872 3
122872 5
122873 0
122886 1
122886 2
122887 5
122888 0
122888 3
122900 1
122901 2
122901 4
122902 4
122903 0
122904 3
122916 1
122916 2
122917 5
122918 0
122918 3
122930 1
122931 2
122931 4
122932 4
122933 0
122934 3
122946 1
122947 0
122947 2
122947 4
122947 5
122948 3
122960 1
122961 4
122962 0
122962 2
122962 4
122964 3
122976 1
122977 0
122977 2
122977 4
122977 5
122978 3
122990 1
122991 4
122992 0
122992 2
122992 4
122994 3
123006 1
123007 0
123007 2
123007 4
123007 5
123008 3
123020 1
123021 4
123022 0
123022 2
123022 4
123024 3
123036 1
123037 0
123037 2
123037 4
123037 5
123038 3
123050 1
123051 4
123052 0
123052 2
123052 4
123054 3
123066 0
123066 1
123067 4
123067 5
123068 2
123068 3
123080 1
123081 0
123081 4
123082 4
123083 2
123084 3
123096 0
123096 1
123097 4
123097 5
123098 2
123098 3
123110 1
123111 0
123111 4
123112 4
123113 2
123114 3
123126 0
123126 1
123127 4
123128 2
123128 3
123141 0
123142 1
123142 3
123142 5
123143 2
123156 0
123156 1
123157 4
123157 5
123158 2
123158 3
123170 1
123171 0
123171 4
123172 4
123173 2
123174 3
123186 0
123186 1
123187 4
123188 2
123188 3
123200 0
123202 1
123202 3
123202 4
123204 2
123215 0
123216 3
123217 4
123218 1
123219 2
123230 0
123230 3
123232 5
123234 1
123234 2
123246 0
123247 1
123247 3
123247 4
123248 2
123261 0
123261 3
123262 4
123263 1
123263 2
123275 3
123276 0
123277 5
123278 2
123279 1
123291 0
123291 3
123292 4
123293 1
123293 2
123305 3
123306 0
123307 5
123308 2
123309 1
123321 0
123321 3
123322 4
123323 1
123323 2
123335 3
123336 0
123337 4
123338 2
123339 1
123349 3
123352 0
123352 2
123352 5
123355 1
123365 3
123367 0
123367 2
123367 4
123369 1
123379 3
123382 0
123382 2
123382 5
123385 1
123395 3
123397 0
123397 2
123397 4
123399 1
123409 3
123411 2
123412 5
123413 0
123415 1
123416 4
123425 3
123426 2
123427 5
123428 0
123429 1
123430 4
123441 2
123441 3
123442 4
123442 5
123443 0
123443 1
123455 3
123456 2
123457 5
123458 0
123459 1
123460 4
123471 2
123471 3
123472 4
123472 5
123473 0
123473 1
123485 3
123486 2
123487 4
123487 5
123488 0
123489 1
123499 3
123500 2
123501 5
123502 5
123504 0
123505 1
123506 4
123515 2
123515 3
123516 5
123517 5
123519 0
123519 1
123520 4
123530 2
123530 3
123531 5
123532 4
123534 0
123534 1
123535 4
123544 3
123545 2
123545 5
123547 5
123549 0
123550 1
123551 4
123559 2
123560 3
123561 5
123562 5
123564 1
123565 0
123566 4
123574 2
123576 3
123577 5
123578 1
123580 0
123581 4
123589 2
123592 1
123592 3
123592 5
123595 0
123604 2
123605 5
123606 1
123607 4
123608 3
123610 0
123619 2
123620 5
123621 3
123622 5
123623 1
123625 0
123626 4
123634 2
123635 5
123637 1
123637 3
123637 5
123640 0
123649 2
123650 5
123651 1
123652 5
123653 3
123655 0
123664 2
123665 1
123665 5
123667 5
123669 3
123670 0
123679 1
123679 2
123682 5
123685 0
123685 3
123693 1
123694 4
123695 2
123697 5
123699 0
123701 3
123708 1
123709 4
123710 2
123712 4
123714 0
123716 3
123724 1
123725 2
123725 4
123727 5
123729 0
123730 3
123738 1
123739 4
123741 2
123742 5
123743 0
123746 3
123752 1
123753 4
123756 2
123757 5
123758 0
123762 3
123766 1
123767 4
123772 0
123772 2
123772 5
123778 3
123780 1
123781 4
123787 0
123787 2
123787 4
123794 3
123796 1
123797 4
123801 0
123802 4
123803 2
123808 3
123809 5
123812 1
123813 4
123816 0
123817 5
123818 2
123822 3
123823 5
123826 1
123827 4
123830 0
123832 4
123834 2
123838 3
123839 5
123842 1
123843 4
123845 0
123847 4
123849 2
123852 3
123853 5
123858 1
123859 0
123859 4
123862 4
123865 2
123866 3
123867 5
123873 1
123874 0
123874 4
123877 4
123880 2
123881 3
123882 5
123888 0
123889 1
123890 4
123892 4
123895 3
123896 2
123897 5
