252997 0
252997 1
252997 2
252997 3
252997 5
253011 1
253012 0
253012 2
253012 4
253013 3
253027 0
253027 1
253027 2
253027 3
253027 5
253041 1
253042 0
253042 2
253042 4
253043 3
253057 0
253057 1
253057 2
253057 3
253057 5
253071 1
253072 0
253072 2
253072 4
253073 3
253087 0
253087 1
253087 2
253087 3
253087 5
253101 1
253102 0
253102 2
253102 4
253103 3
253117 0
253117 1
253117 2
253117 3
253117 5
253131 1
253132 0
253132 2
253132 4
253133 3
253147 0
253147 1
253147 2
253147 3
253147 5
253161 1
253162 0
253162 2
253162 4
253163 3
253177 0
253177 1
253177 2
253177 3
253177 5
253191 1
253192 0
253192 2
253192 4
253193 3
253206 0
253207 1
253207 3
253207 5
253208 2
253221 0
253221 1
253222 4
253223 2
253223 3
253236 0
253237 1
253237 3
253237 4
253238 2
253251 0
253251 3
253252 5
253253 1
253253 2
253266 0
253267 1
253267 3
253267 4
253268 2
253281 0
253281 3
253282 5
253283 1
253283 2
253297 0
253297 1
253297 2
253297 3
253297 4
253311 0
253311 3
253312 5
253313 1
253313 2
253327 0
253327 1
253327 2
253327 3
253327 4
253341 3
253342 0
253342 2
253342 5
253343 1
253357 0
253357 1
253357 2
253357 3
253357 4
253371 3
253372 0
253372 2
253372 4
253372 5
253373 1
253385 3
253386 5
253387 0
253387 2
253387 5
253389 1
253401 3
253402 0
253402 2
253402 4
253402 5
253403 1
253415 3
253416 5
253417 0
253417 2
253417 5
253419 1
253431 3
253432 0
253432 2
253432 4
253432 5
253433 1
253445 3
253446 5
253447 0
253447 2
253447 5
253449 1
253461 3
253462 0
253462 2
253462 4
253462 5
253463 1
253475 3
253476 5
253477 0
253477 2
253477 5
253479 1
253491 3
253492 0
253492 2
253492 4
253492 5
253493 1
253505 3
253506 5
253507 0
253507 2
253507 5
253509 1
253521 2
253521 3
253522 5
253523 0
253523 1
253536 2
253537 1
253537 3
253537 4
253538 0
253551 2
253551 3
253552 5
253553 0
253553 1
253566 2
253567 1
253567 3
253567 4
253568 0
253581 2
253581 3
253582 5
253583 0
253583 1
253596 2
253597 1
253597 3
253597 4
253598 0
253611 2
253611 3
253612 5
253613 0
253613 1
253626 2
253627 1
253627 3
253627 5
253628 0
253641 1
253641 2
253642 4
253643 0
253643 3
253656 2
253657 1
253657 3
253657 5
253658 0
253671 1
253671 2
253672 4
253673 0
253673 3
253686 2
253687 1
253687 3
253687 5
253688 0
253701 1
253701 2
253702 4
253703 0
253703 3
253717 0
253717 1
253717 2
253717 3
253717 5
253731 1
253731 2
253732 5
253733 0
253733 3
253745 1
253747 0
253747 2
253747 4
253749 3
253761 1
253762 0
253762 2
253762 5
253763 3
253775 1
253777 0
253777 2
253777 4
253779 3
253791 1
253792 0
253792 2
253792 5
253793 3
253805 1
253807 0
253807 2
253807 4
253809 3
253821 1
253822 0
253822 2
253822 5
253823 3
253835 1
253837 0
253837 2
253837 4
253839 3
253851 1
253852 0
253852 2
253852 4
253852 5
253853 3
253865 1
253866 0
253866 4
253867 4
253868 2
253869 3
253881 0
253881 1
253882 4
253883 2
253883 3
253896 0
253897 1
253897 3
253897 5
253898 2
253911 0
253911 1
253912 4
253913 2
253913 3
253926 0
253927 1
253927 3
253927 5
253928 2
253941 0
253941 1
253942 4
253943 2
253943 3
253956 0
253957 1
253957 3
253957 4
253958 2
253971 0
253971 3
253972 5
253973 1
253973 2
253986 0
253987 1
253987 3
253987 4
253988 2
254001 0
254001 3
254002 5
254003 1
254003 2
254016 0
254017 1
254017 3
254017 4
254018 2
254031 0
254031 3
254032 4
254033 1
254033 2
254045 3
254046 0
254046 5
254047 5
254048 2
254049 1
254061 0
254062 1
254062 3
254062 4
254063 2
254076 0
254076 3
254077 5
254078 1
254078 2
254091 0
254092 1
254092 3
254092 4
254093 2
254106 3
254107 0
254107 2
254107 4
254107 5
254108 1
254120 3
254121 5
254122 0
254122 2
254122 5
254124 1
254136 3
254137 0
254137 2
254137 4
254137 5
254138 1
254150 3
254151 5
254152 0
254152 2
254152 5
254154 1
254166 3
254167 0
254167 2
254167 4
254167 5
254168 1
254180 3
254181 5
254182 0
254182 2
254182 5
254184 1
254196 2
254196 3
254197 5
254198 0
254198 1
254211 2
254212 1
254212 3
254212 4
254213 0
254226 2
254226 3
254227 5
254228 0
254228 1
254241 2
254242 1
254242 3
254242 4
254243 0
254255 3
254256 2
254256 5
254257 5
254258 0
254259 1
254271 2
254271 3
254272 5
254273 0
254273 1
254286 2
254287 1
254287 3
254287 4
254288 0
254301 2
254301 3
254302 5
254303 0
254303 1
254316 2
254317 1
254317 3
254317 4
254318 0
254331 2
254331 3
254332 5
254333 0
254333 1
254346 2
254347 1
254347 3
254347 5
254348 0
254361 1
254361 2
254362 4
254363 0
254363 3
254376 2
254377 1
254377 3
254377 5
254378 0
254391 1
254391 2
254392 5
254393 0
254393 3
254405 1
254406 2
254407 4
254408 0
254409 3
254421 1
254421 2
254422 5
254423 0
254423 3
254435 1
254436 2
254437 4
254438 0
254439 3
254451 1
254451 2
254452 5
254453 0
254453 3
254465 1
254466 2
254466 4
254467 4
254468 0
254469 3
254481 1
254482 0
254482 2
254482 4
254482 5
254483 3
254495 1
254496 4
254497 0
254497 2
254497 5
254499 3
254509 1
254510 4
254512 0
254512 2
254512 4
254515 3
254525 1
254526 4
254527 0
254527 2
254527 5
254529 3
254539 1
254540 4
254542 0
254542 2
254542 4
254545 3
254555 1
254556 4
254557 0
254557 2
254557 4
254559 3
254571 0
254571 1
254572 4
254572 5
254573 2
254573 3
254585 1
254586 0
254586 4
254587 4
254588 2
254589 3
254601 0
254601 1
254602 4
254602 5
254603 2
254603 3
254615 1
254616 0
254616 4
254617 4
254618 2
254619 3
254631 0
254631 1
254632 4
254633 2
254633 3
254646 0
254647 1
254647 3
254647 5
254648 2
254661 0
254661 1
254662 4
254663 2
254663 3
254676 0
254677 1
254677 3
254677 5
254678 2
254691 0
254691 1
254692 4
254693 2
254693 3
254706 0
254707 1
254707 3
254707 4
254708 2
254721 0
254721 3
254722 5
254723 1
254723 2
254736 0
254737 1
254737 3
254737 4
254738 2
254751 0
254751 3
254752 4
254753 1
254753 2
254765 3
254766 0
254767 5
254768 2
254769 1
254781 0
254781 3
254782 4
254783 1
254783 2
254796 0
254796 3
254797 5
254798 1
254798 2
254811 0
254812 1
254812 3
254812 4
254813 2
254826 0
254826 3
254827 4
254828 1
254828 2
254840 3
254841 0
254842 5
254843 2
254844 1
254856 3
254857 0
254857 2
254857 4
254858 1
254870 3
254872 0
254872 2
254872 5
254874 1
254886 3
254887 0
254887 2
254887 4
254888 1
254900 3
254902 0
254902 2
254902 5
254904 1
254916 3
254917 0
254917 2
254917 4
254918 1
254930 3
254931 5
254932 0
254932 2
254932 5
254934 1
254946 2
254946 3
254947 4
254947 5
254948 0
254948 1
254960 3
254961 2
254961 5
254962 5
254963 0
254964 1
254976 2
254976 3
254977 5
254978 0
254978 1
254991 2
254992 1
254992 3
254992 4
254993 0
255006 2
255006 3
255007 5
255008 0
255008 1
255021 2
255021 3
255022 4
255022 5
255023 0
255023 1
255035 3
255036 2
255036 5
255037 5
255038 0
255039 1
255051 2
255051 3
255052 5
255053 0
255053 1
255065 2
255067 1
255067 3
255067 4
255069 0
255081 2
255081 3
255082 5
255083 0
255083 1
255095 2
255097 1
255097 3
255097 5
255099 0
255110 2
255111 1
255112 4
255113 3
255114 0
255126 2
255127 1
255127 3
255127 5
255128 0
255141 1
255141 2
255142 5
255143 0
255143 3
255155 1
255156 2
255157 4
255158 0
255159 3
255171 1
255171 2
255172 5
255173 0
255173 3
255185 1
255186 2
255187 5
255188 0
255189 3
255200 1
255201 2
255202 4
255203 0
255204 3
255216 1
255216 2
255217 5
255218 0
255218 3
255230 1
255231 2
255232 5
255233 0
255234 3
255244 1
255247 0
255247 2
255247 4
255250 3
255260 1
255262 0
255262 2
255262 5
255264 3
255274 1
255277 0
255277 2
255277 4
255280 3
255290 1
255292 0
255292 2
255292 5
255294 3
255304 1
255306 0
255307 4
255308 2
255310 3
255311 5
255320 1
255321 0
255322 4
255323 2
255324 3
255325 5
255336 0
255336 1
255337 4
255337 5
255338 2
255338 3
255350 1
255351 0
255351 4
255352 4
255353 2
255354 3
255365 0
255365 1
255366 4
255367 4
255369 2
255369 3
255370 5
255380 0
255381 1
255382 4
255382 5
255383 3
255384 2
255395 0
255395 1
255396 4
255397 4
255399 2
255399 3
255400 5
255410 0
255411 1
255412 4
255413 3
255414 2
255425 0
255427 1
255427 3
255427 5
255429 2
255440 0
255441 1
255442 4
255443 3
255444 2
255455 0
255457 1
255457 3
255457 4
255459 2
255470 0
255471 3
255471 4
255472 4
255473 1
255474 2
255485 0
255485 3
255487 5
255489 1
255489 2
255500 0
255501 4
255502 1
255502 3
255502 4
255504 2
255515 0
255516 3
255516 4
255517 4
255518 1
255519 2
255530 0
255530 3
255532 5
255534 1
255534 2
255546 0
255546 3
255547 4
255548 1
255548 2
255560 3
255561 0
255561 5
255562 4
255563 2
255564 1
255574 3
255575 5
255576 0
255577 5
255578 2
255580 1
255590 3
255591 0
255591 5
255592 4
255593 2
255594 1
255604 3
255605 5
255606 0
255607 4
255608 2
255610 1
255618 3
255619 5
255622 0
255622 2
255622 5
255626 1
255634 3
255635 5
255637 0
255637 2
255637 4
255640 1
255648 3
255649 5
255652 0
255652 2
255652 5
255656 1
255664 3
255665 5
255666 2
255667 4
255668 0
255670 1
255671 4
255678 3
255679 5
255681 2
255682 5
255683 0
255686 1
255687 4
255694 3
255695 5
255696 2
255697 5
255698 0
255700 1
255701 4
255710 3
255711 2
255711 5
255712 4
255713 0
255714 1
255724 3
255725 2
255725 5
255727 5
255729 0
255730 1
255731 4
255740 2
255740 3
255741 5
255742 5
255744 0
255744 1
255745 4
255755 2
255756 3
255757 5
255758 1
255759 0
255760 4
255770 2
255772 1
255772 3
255772 4
255774 0
255785 2
255785 3
255786 5
255787 5
255789 0
255789 1
255790 4
255800 2
255801 3
255802 5
255803 1
255804 0
255805 4
255814 2
255817 1
255817 3
255817 5
255820 0
255829 2
255831 1
255832 5
255833 3
255835 0
255845 1
255845 2
255847 4
255849 0
255849 3
255860 2
255861 1
255862 5
255863 3
255864 0
255875 1
255875 2
255877 5
255879 0
255879 3
255890 1
255890 2
255892 5
255894 0
255894 3
255904 1
255905 2
255905 4
255907 4
255909 0
255910 3
255920 1
255921 2
255921 4
255922 5
255923 0
255924 3
255934 1
255935 4
255936 2
255937 5
255938 0
255940 3
255948 1
255949 4
255951 2
255952 4
255953 0
255956 3
255964 1
255965 4
255966 2
255967 5
255968 0
255970 3
255978 1
255979 4
255982 0
255982 2
255982 4
255986 3
255994 1
255995 4
255997 0
255997 2
255997 4
256000 3
