5190 tensor([[ 0.1067,  0.0989],
        [ 0.0808,  0.0500],
        [-0.1224, -0.0865],
        [-0.1095, -0.0484]], device='cuda:0')
5191 tensor([[ 0.1066,  0.0988],
        [ 0.0807,  0.0499],
        [-0.1224, -0.0864],
        [-0.1094, -0.0483]], device='cuda:0')
5192 tensor([[ 0.1066,  0.0987],
        [ 0.0806,  0.0498],
        [-0.1223, -0.0863],
        [-0.1093, -0.0482]], device='cuda:0')
5193 tensor([[ 0.1065,  0.0986],
        [ 0.0805,  0.0497],
        [-0.1222, -0.0862],
        [-0.1093, -0.0481]], device='cuda:0')
5194 tensor([[ 0.1064,  0.0985],
        [ 0.0804,  0.0496],
        [-0.1222, -0.0861],
        [-0.1092, -0.0480]], device='cuda:0')
5195 tensor([[ 0.1063,  0.0984],
        [ 0.0803,  0.0495],
        [-0.1221, -0.0860],
        [-0.1091, -0.0479]], device='cuda:0')
5196 tensor([[ 0.1062,  0.0983],
        [ 0.0802,  0.0494],
        [-0.1220, -0.0859],
        [-0.1090, -0.0478]], device='cuda:0')
5197 tensor([[ 0.1062,  0.0982],
        [ 0.0802,  0.0493],
        [-0.1219, -0.0858],
        [-0.1089, -0.0477]], device='cuda:0')
5198 tensor([[ 0.1061,  0.0981],
        [ 0.0801,  0.0492],
        [-0.1219, -0.0857],
        [-0.1088, -0.0476]], device='cuda:0')
5199 tensor([[ 0.1060,  0.0980],
        [ 0.0800,  0.0491],
        [-0.1218, -0.0856],
        [-0.1088, -0.0475]], device='cuda:0')
5200 tensor([[ 0.1060,  0.0979],
        [ 0.0799,  0.0490],
        [-0.1217, -0.0855],
        [-0.1087, -0.0474]], device='cuda:0')
5201 tensor([[ 0.1059,  0.0978],
        [ 0.0798,  0.0489],
        [-0.1217, -0.0854],
        [-0.1086, -0.0473]], device='cuda:0')
5202 tensor([[ 0.1058,  0.0977],
        [ 0.0797,  0.0488],
        [-0.1216, -0.0853],
        [-0.1085, -0.0472]], device='cuda:0')
5203 tensor([[ 0.1058,  0.0976],
        [ 0.0797,  0.0487],
        [-0.1215, -0.0852],
        [-0.1084, -0.0471]], device='cuda:0')
5204 tensor([[ 0.1057,  0.0975],
        [ 0.0796,  0.0486],
        [-0.1214, -0.0851],
        [-0.1083, -0.0470]], device='cuda:0')
5205 tensor([[ 0.1056,  0.0974],
        [ 0.0795,  0.0485],
        [-0.1214, -0.0851],
        [-0.1083, -0.0469]], device='cuda:0')
5206 tensor([[ 0.1056,  0.0973],
        [ 0.0794,  0.0484],
        [-0.1213, -0.0850],
        [-0.1082, -0.0468]], device='cuda:0')
5207 tensor([[ 0.1055,  0.0972],
        [ 0.0793,  0.0483],
        [-0.1212, -0.0849],
        [-0.1081, -0.0467]], device='cuda:0')
5208 tensor([[ 0.1055,  0.0971],
        [ 0.0793,  0.0482],
        [-0.1212, -0.0848],
        [-0.1080, -0.0466]], device='cuda:0')
5209 tensor([[ 0.1054,  0.0970],
        [ 0.0792,  0.0481],
        [-0.1211, -0.0847],
        [-0.1079, -0.0465]], device='cuda:0')
5210 tensor([[ 0.1053,  0.0970],
        [ 0.0791,  0.0480],
        [-0.1210, -0.0846],
        [-0.1079, -0.0464]], device='cuda:0')
5211 tensor([[ 0.1053,  0.0969],
        [ 0.0790,  0.0479],
        [-0.1210, -0.0845],
        [-0.1078, -0.0463]], device='cuda:0')
5212 tensor([[ 0.1052,  0.0968],
        [ 0.0790,  0.0478],
        [-0.1209, -0.0845],
        [-0.1077, -0.0462]], device='cuda:0')
5213 tensor([[ 0.1051,  0.0967],
        [ 0.0789,  0.0477],
        [-0.1208, -0.0844],
        [-0.1076, -0.0462]], device='cuda:0')
5214 tensor([[ 0.1051,  0.0966],
        [ 0.0788,  0.0476],
        [-0.1208, -0.0843],
        [-0.1075, -0.0461]], device='cuda:0')
5215 tensor([[ 0.1050,  0.0965],
        [ 0.0787,  0.0475],
        [-0.1207, -0.0842],
        [-0.1074, -0.0460]], device='cuda:0')
5216 tensor([[ 0.1050,  0.0964],
        [ 0.0785,  0.0475],
        [-0.1206, -0.0841],
        [-0.1072, -0.0459]], device='cuda:0')
5217 tensor([[ 0.1049,  0.0963],
        [ 0.0784,  0.0474],
        [-0.1206, -0.0840],
        [-0.1071, -0.0458]], device='cuda:0')
5218 tensor([[ 0.1048,  0.0962],
        [ 0.0783,  0.0473],
        [-0.1205, -0.0840],
        [-0.1070, -0.0457]], device='cuda:0')
5219 tensor([[ 0.1048,  0.0961],
        [ 0.0782,  0.0472],
        [-0.1204, -0.0839],
        [-0.1069, -0.0456]], device='cuda:0')
5220 tensor([[ 0.1047,  0.0961],
        [ 0.0781,  0.0471],
        [-0.1204, -0.0838],
        [-0.1068, -0.0455]], device='cuda:0')
5221 tensor([[ 0.1047,  0.0960],
        [ 0.0780,  0.0470],
        [-0.1203, -0.0837],
        [-0.1067, -0.0455]], device='cuda:0')
5222 tensor([[ 0.1046,  0.0959],
        [ 0.0779,  0.0469],
        [-0.1203, -0.0836],
        [-0.1066, -0.0454]], device='cuda:0')
5223 tensor([[ 0.1046,  0.0958],
        [ 0.0778,  0.0468],
        [-0.1202, -0.0836],
        [-0.1065, -0.0453]], device='cuda:0')
5224 tensor([[ 0.1045,  0.0957],
        [ 0.0777,  0.0467],
        [-0.1201, -0.0835],
        [-0.1063, -0.0452]], device='cuda:0')
5225 tensor([[ 0.1044,  0.0956],
        [ 0.0776,  0.0466],
        [-0.1201, -0.0834],
        [-0.1062, -0.0451]], device='cuda:0')
5226 tensor([[ 0.1044,  0.0955],
        [ 0.0775,  0.0465],
        [-0.1200, -0.0833],
        [-0.1061, -0.0450]], device='cuda:0')
5227 tensor([[ 0.1043,  0.0955],
        [ 0.0774,  0.0464],
        [-0.1199, -0.0833],
        [-0.1060, -0.0449]], device='cuda:0')
5228 tensor([[ 0.1043,  0.0954],
        [ 0.0773,  0.0464],
        [-0.1199, -0.0832],
        [-0.1059, -0.0448]], device='cuda:0')
5229 tensor([[ 0.1042,  0.0953],
        [ 0.0772,  0.0463],
        [-0.1198, -0.0831],
        [-0.1058, -0.0447]], device='cuda:0')
5230 tensor([[ 0.1041,  0.0952],
        [ 0.0770,  0.0462],
        [-0.1198, -0.0830],
        [-0.1057, -0.0446]], device='cuda:0')
5231 tensor([[ 0.1041,  0.0951],
        [ 0.0769,  0.0461],
        [-0.1197, -0.0829],
        [-0.1056, -0.0445]], device='cuda:0')
5232 tensor([[ 0.1040,  0.0951],
        [ 0.0768,  0.0459],
        [-0.1197, -0.0828],
        [-0.1055, -0.0443]], device='cuda:0')
5233 tensor([[ 0.1040,  0.0950],
        [ 0.0767,  0.0458],
        [-0.1196, -0.0828],
        [-0.1054, -0.0442]], device='cuda:0')
5234 tensor([[ 0.1039,  0.0949],
        [ 0.0766,  0.0457],
        [-0.1196, -0.0827],
        [-0.1053, -0.0441]], device='cuda:0')
5235 tensor([[ 0.1038,  0.0948],
        [ 0.0765,  0.0456],
        [-0.1195, -0.0826],
        [-0.1053, -0.0440]], device='cuda:0')
5236 tensor([[ 0.1038,  0.0948],
        [ 0.0764,  0.0455],
        [-0.1195, -0.0825],
        [-0.1052, -0.0439]], device='cuda:0')
5237 tensor([[ 0.1037,  0.0947],
        [ 0.0763,  0.0454],
        [-0.1194, -0.0824],
        [-0.1051, -0.0438]], device='cuda:0')
5238 tensor([[ 0.1037,  0.0946],
        [ 0.0762,  0.0453],
        [-0.1194, -0.0824],
        [-0.1050, -0.0436]], device='cuda:0')
5239 tensor([[ 0.1036,  0.0945],
        [ 0.0761,  0.0452],
        [-0.1193, -0.0823],
        [-0.1049, -0.0435]], device='cuda:0')
5240 tensor([[ 0.1036,  0.0945],
        [ 0.0760,  0.0451],
        [-0.1193, -0.0822],
        [-0.1048, -0.0434]], device='cuda:0')
5241 tensor([[ 0.1035,  0.0944],
        [ 0.0759,  0.0450],
        [-0.1192, -0.0821],
        [-0.1047, -0.0433]], device='cuda:0')
5242 tensor([[ 0.1034,  0.0943],
        [ 0.0758,  0.0448],
        [-0.1192, -0.0821],
        [-0.1046, -0.0432]], device='cuda:0')
5243 tensor([[ 0.1034,  0.0942],
        [ 0.0757,  0.0447],
        [-0.1191, -0.0820],
        [-0.1045, -0.0430]], device='cuda:0')
5244 tensor([[ 0.1033,  0.0942],
        [ 0.0756,  0.0446],
        [-0.1191, -0.0819],
        [-0.1044, -0.0429]], device='cuda:0')
5245 tensor([[ 0.1033,  0.0941],
        [ 0.0755,  0.0445],
        [-0.1190, -0.0818],
        [-0.1043, -0.0427]], device='cuda:0')
5246 tensor([[ 0.1032,  0.0940],
        [ 0.0754,  0.0443],
        [-0.1190, -0.0818],
        [-0.1042, -0.0426]], device='cuda:0')
5247 tensor([[ 0.1032,  0.0940],
        [ 0.0753,  0.0442],
        [-0.1189, -0.0817],
        [-0.1041, -0.0425]], device='cuda:0')
5248 tensor([[ 0.1031,  0.0939],
        [ 0.0752,  0.0440],
        [-0.1189, -0.0816],
        [-0.1041, -0.0423]], device='cuda:0')
5249 tensor([[ 0.1031,  0.0938],
        [ 0.0751,  0.0439],
        [-0.1188, -0.0815],
        [-0.1040, -0.0422]], device='cuda:0')
5250 tensor([[ 0.1030,  0.0938],
        [ 0.0750,  0.0438],
        [-0.1188, -0.0815],
        [-0.1039, -0.0420]], device='cuda:0')
5251 tensor([[ 0.1029,  0.0937],
        [ 0.0749,  0.0436],
        [-0.1187, -0.0814],
        [-0.1038, -0.0419]], device='cuda:0')
5252 tensor([[ 0.1029,  0.0936],
        [ 0.0748,  0.0435],
        [-0.1187, -0.0813],
        [-0.1037, -0.0417]], device='cuda:0')
5253 tensor([[ 0.1028,  0.0936],
        [ 0.0747,  0.0434],
        [-0.1186, -0.0812],
        [-0.1036, -0.0416]], device='cuda:0')
5254 tensor([[ 0.1028,  0.0935],
        [ 0.0746,  0.0432],
        [-0.1186, -0.0812],
        [-0.1035, -0.0415]], device='cuda:0')
5255 tensor([[ 0.1027,  0.0934],
        [ 0.0745,  0.0431],
        [-0.1185, -0.0811],
        [-0.1035, -0.0413]], device='cuda:0')
5256 tensor([[ 0.1027,  0.0934],
        [ 0.0744,  0.0430],
        [-0.1185, -0.0810],
        [-0.1034, -0.0412]], device='cuda:0')
5257 tensor([[ 0.1026,  0.0933],
        [ 0.0743,  0.0428],
        [-0.1184, -0.0809],
        [-0.1033, -0.0410]], device='cuda:0')
5258 tensor([[ 0.1026,  0.0932],
        [ 0.0743,  0.0427],
        [-0.1184, -0.0809],
        [-0.1032, -0.0409]], device='cuda:0')
5259 tensor([[ 0.1025,  0.0932],
        [ 0.0742,  0.0426],
        [-0.1183, -0.0808],
        [-0.1031, -0.0408]], device='cuda:0')
5260 tensor([[ 0.1025,  0.0931],
        [ 0.0741,  0.0425],
        [-0.1183, -0.0807],
        [-0.1030, -0.0406]], device='cuda:0')
5261 tensor([[ 0.1024,  0.0930],
        [ 0.0740,  0.0423],
        [-0.1182, -0.0807],
        [-0.1030, -0.0405]], device='cuda:0')
5262 tensor([[ 0.1024,  0.0930],
        [ 0.0739,  0.0422],
        [-0.1182, -0.0806],
        [-0.1029, -0.0404]], device='cuda:0')
5263 tensor([[ 0.1023,  0.0929],
        [ 0.0738,  0.0421],
        [-0.1182, -0.0805],
        [-0.1028, -0.0402]], device='cuda:0')
5264 tensor([[ 0.1023,  0.0928],
        [ 0.0737,  0.0419],
        [-0.1181, -0.0805],
        [-0.1027, -0.0401]], device='cuda:0')
5265 tensor([[ 0.1022,  0.0928],
        [ 0.0736,  0.0418],
        [-0.1181, -0.0804],
        [-0.1026, -0.0400]], device='cuda:0')
5266 tensor([[ 0.1022,  0.0927],
        [ 0.0735,  0.0417],
        [-0.1180, -0.0803],
        [-0.1026, -0.0398]], device='cuda:0')
5267 tensor([[ 0.1021,  0.0927],
        [ 0.0734,  0.0416],
        [-0.1180, -0.0803],
        [-0.1025, -0.0397]], device='cuda:0')
5268 tensor([[ 0.1021,  0.0926],
        [ 0.0734,  0.0415],
        [-0.1179, -0.0802],
        [-0.1024, -0.0396]], device='cuda:0')
5269 tensor([[ 0.1020,  0.0925],
        [ 0.0733,  0.0413],
        [-0.1179, -0.0801],
        [-0.1023, -0.0395]], device='cuda:0')
5270 tensor([[ 0.1020,  0.0925],
        [ 0.0732,  0.0412],
        [-0.1178, -0.0801],
        [-0.1022, -0.0393]], device='cuda:0')
5271 tensor([[ 0.1019,  0.0924],
        [ 0.0731,  0.0411],
        [-0.1178, -0.0800],
        [-0.1022, -0.0392]], device='cuda:0')
5272 tensor([[ 0.1019,  0.0923],
        [ 0.0730,  0.0410],
        [-0.1178, -0.0799],
        [-0.1021, -0.0391]], device='cuda:0')
5273 tensor([[ 0.1018,  0.0923],
        [ 0.0729,  0.0409],
        [-0.1177, -0.0799],
        [-0.1020, -0.0389]], device='cuda:0')
5274 tensor([[ 0.1018,  0.0922],
        [ 0.0728,  0.0408],
        [-0.1177, -0.0798],
        [-0.1019, -0.0389]], device='cuda:0')
5275 tensor([[ 0.1017,  0.0922],
        [ 0.0728,  0.0407],
        [-0.1176, -0.0797],
        [-0.1019, -0.0388]], device='cuda:0')
5276 tensor([[ 0.1017,  0.0921],
        [ 0.0727,  0.0406],
        [-0.1176, -0.0797],
        [-0.1018, -0.0387]], device='cuda:0')
5277 tensor([[ 0.1016,  0.0920],
        [ 0.0726,  0.0406],
        [-0.1176, -0.0796],
        [-0.1017, -0.0386]], device='cuda:0')
5278 tensor([[ 0.1016,  0.0920],
        [ 0.0725,  0.0405],
        [-0.1175, -0.0795],
        [-0.1016, -0.0385]], device='cuda:0')
5279 tensor([[ 0.1015,  0.0919],
        [ 0.0724,  0.0404],
        [-0.1175, -0.0795],
        [-0.1016, -0.0384]], device='cuda:0')
5280 tensor([[ 0.1015,  0.0919],
        [ 0.0723,  0.0403],
        [-0.1174, -0.0794],
        [-0.1015, -0.0383]], device='cuda:0')
5281 tensor([[ 0.1014,  0.0918],
        [ 0.0723,  0.0402],
        [-0.1174, -0.0794],
        [-0.1014, -0.0383]], device='cuda:0')
5282 tensor([[ 0.1014,  0.0918],
        [ 0.0722,  0.0402],
        [-0.1173, -0.0793],
        [-0.1013, -0.0382]], device='cuda:0')
5283 tensor([[ 0.1013,  0.0917],
        [ 0.0721,  0.0401],
        [-0.1173, -0.0792],
        [-0.1013, -0.0381]], device='cuda:0')
5284 tensor([[ 0.1013,  0.0916],
        [ 0.0720,  0.0400],
        [-0.1173, -0.0792],
        [-0.1012, -0.0380]], device='cuda:0')
5285 tensor([[ 0.1013,  0.0916],
        [ 0.0719,  0.0399],
        [-0.1172, -0.0791],
        [-0.1011, -0.0379]], device='cuda:0')
5286 tensor([[ 0.1012,  0.0915],
        [ 0.0719,  0.0399],
        [-0.1172, -0.0791],
        [-0.1010, -0.0378]], device='cuda:0')
5287 tensor([[ 0.1012,  0.0915],
        [ 0.0718,  0.0398],
        [-0.1171, -0.0790],
        [-0.1010, -0.0378]], device='cuda:0')
5288 tensor([[ 0.1011,  0.0914],
        [ 0.0717,  0.0397],
        [-0.1171, -0.0789],
        [-0.1009, -0.0377]], device='cuda:0')
5289 tensor([[ 0.1011,  0.0914],
        [ 0.0716,  0.0397],
        [-0.1171, -0.0789],
        [-0.1008, -0.0376]], device='cuda:0')
5290 tensor([[ 0.1010,  0.0913],
        [ 0.0715,  0.0396],
        [-0.1170, -0.0788],
        [-0.1008, -0.0375]], device='cuda:0')
5291 tensor([[ 0.1010,  0.0913],
        [ 0.0715,  0.0396],
        [-0.1170, -0.0788],
        [-0.1007, -0.0375]], device='cuda:0')
5292 tensor([[ 0.1009,  0.0912],
        [ 0.0714,  0.0396],
        [-0.1170, -0.0787],
        [-0.1006, -0.0374]], device='cuda:0')
5293 tensor([[ 0.1009,  0.0911],
        [ 0.0713,  0.0395],
        [-0.1169, -0.0786],
        [-0.1006, -0.0374]], device='cuda:0')
5294 tensor([[ 0.1009,  0.0911],
        [ 0.0712,  0.0395],
        [-0.1169, -0.0786],
        [-0.1005, -0.0374]], device='cuda:0')
5295 tensor([[ 0.1008,  0.0910],
        [ 0.0712,  0.0394],
        [-0.1168, -0.0785],
        [-0.1004, -0.0373]], device='cuda:0')
5296 tensor([[ 0.1008,  0.0910],
        [ 0.0711,  0.0394],
        [-0.1168, -0.0785],
        [-0.1004, -0.0373]], device='cuda:0')
5297 tensor([[ 0.1007,  0.0909],
        [ 0.0710,  0.0393],
        [-0.1168, -0.0784],
        [-0.1003, -0.0372]], device='cuda:0')
5298 tensor([[ 0.1007,  0.0909],
        [ 0.0709,  0.0393],
        [-0.1167, -0.0783],
        [-0.1002, -0.0372]], device='cuda:0')
5299 tensor([[ 0.1006,  0.0908],
        [ 0.0709,  0.0393],
        [-0.1167, -0.0783],
        [-0.1002, -0.0371]], device='cuda:0')
5300 tensor([[ 0.1006,  0.0908],
        [ 0.0708,  0.0392],
        [-0.1167, -0.0782],
        [-0.1001, -0.0371]], device='cuda:0')
5301 tensor([[ 0.1006,  0.0907],
        [ 0.0707,  0.0392],
        [-0.1166, -0.0782],
        [-0.1000, -0.0370]], device='cuda:0')
5302 tensor([[ 0.1005,  0.0907],
        [ 0.0706,  0.0391],
        [-0.1166, -0.0781],
        [-0.1000, -0.0370]], device='cuda:0')
5303 tensor([[ 0.1005,  0.0906],
        [ 0.0706,  0.0391],
        [-0.1166, -0.0781],
        [-0.0999, -0.0369]], device='cuda:0')
5304 tensor([[ 0.1004,  0.0906],
        [ 0.0705,  0.0391],
        [-0.1165, -0.0780],
        [-0.0998, -0.0369]], device='cuda:0')
5305 tensor([[ 0.1004,  0.0905],
        [ 0.0704,  0.0391],
        [-0.1165, -0.0780],
        [-0.0998, -0.0368]], device='cuda:0')
5306 tensor([[ 0.1004,  0.0905],
        [ 0.0704,  0.0390],
        [-0.1164, -0.0779],
        [-0.0997, -0.0368]], device='cuda:0')
5307 tensor([[ 0.1003,  0.0904],
        [ 0.0703,  0.0390],
        [-0.1164, -0.0779],
        [-0.0996, -0.0368]], device='cuda:0')
5308 tensor([[ 0.1003,  0.0904],
        [ 0.0702,  0.0390],
        [-0.1164, -0.0778],
        [-0.0996, -0.0368]], device='cuda:0')
5309 tensor([[ 0.1002,  0.0903],
        [ 0.0701,  0.0390],
        [-0.1163, -0.0777],
        [-0.0995, -0.0368]], device='cuda:0')
5310 tensor([[ 0.1002,  0.0903],
        [ 0.0701,  0.0390],
        [-0.1163, -0.0777],
        [-0.0994, -0.0367]], device='cuda:0')
5311 tensor([[ 0.1002,  0.0902],
        [ 0.0700,  0.0390],
        [-0.1163, -0.0776],
        [-0.0994, -0.0367]], device='cuda:0')
5312 tensor([[ 0.1001,  0.0902],
        [ 0.0699,  0.0390],
        [-0.1162, -0.0776],
        [-0.0993, -0.0367]], device='cuda:0')
5313 tensor([[ 0.1001,  0.0901],
        [ 0.0699,  0.0389],
        [-0.1162, -0.0775],
        [-0.0993, -0.0367]], device='cuda:0')
5314 tensor([[ 0.1000,  0.0901],
        [ 0.0698,  0.0389],
        [-0.1162, -0.0775],
        [-0.0992, -0.0367]], device='cuda:0')
5315 tensor([[ 0.1000,  0.0900],
        [ 0.0697,  0.0389],
        [-0.1161, -0.0774],
        [-0.0991, -0.0366]], device='cuda:0')
5316 tensor([[ 0.1000,  0.0900],
        [ 0.0697,  0.0389],
        [-0.1161, -0.0774],
        [-0.0991, -0.0366]], device='cuda:0')
5317 tensor([[ 0.0999,  0.0899],
        [ 0.0696,  0.0388],
        [-0.1161, -0.0773],
        [-0.0990, -0.0366]], device='cuda:0')
5318 tensor([[ 0.0999,  0.0899],
        [ 0.0696,  0.0388],
        [-0.1160, -0.0773],
        [-0.0989, -0.0366]], device='cuda:0')
5319 tensor([[ 0.0999,  0.0898],
        [ 0.0695,  0.0388],
        [-0.1160, -0.0772],
        [-0.0989, -0.0366]], device='cuda:0')
5320 tensor([[ 0.0998,  0.0898],
        [ 0.0695,  0.0388],
        [-0.1160, -0.0772],
        [-0.0988, -0.0366]], device='cuda:0')
5321 tensor([[ 0.0998,  0.0897],
        [ 0.0695,  0.0387],
        [-0.1159, -0.0772],
        [-0.0987, -0.0365]], device='cuda:0')
5322 tensor([[ 0.0998,  0.0897],
        [ 0.0694,  0.0387],
        [-0.1159, -0.0771],
        [-0.0987, -0.0365]], device='cuda:0')
5323 tensor([[ 0.0997,  0.0896],
        [ 0.0694,  0.0387],
        [-0.1158, -0.0771],
        [-0.0987, -0.0365]], device='cuda:0')
5324 tensor([[ 0.0997,  0.0896],
        [ 0.0693,  0.0387],
        [-0.1158, -0.0770],
        [-0.0986, -0.0365]], device='cuda:0')
5325 tensor([[ 0.0997,  0.0895],
        [ 0.0693,  0.0386],
        [-0.1158, -0.0770],
        [-0.0986, -0.0365]], device='cuda:0')
5326 tensor([[ 0.0996,  0.0895],
        [ 0.0693,  0.0386],
        [-0.1157, -0.0769],
        [-0.0985, -0.0365]], device='cuda:0')
5327 tensor([[ 0.0996,  0.0894],
        [ 0.0692,  0.0386],
        [-0.1157, -0.0769],
        [-0.0985, -0.0365]], device='cuda:0')
5328 tensor([[ 0.0996,  0.0894],
        [ 0.0692,  0.0386],
        [-0.1157, -0.0769],
        [-0.0985, -0.0364]], device='cuda:0')
5329 tensor([[ 0.0996,  0.0893],
        [ 0.0692,  0.0386],
        [-0.1156, -0.0768],
        [-0.0984, -0.0364]], device='cuda:0')
5330 tensor([[ 0.0995,  0.0893],
        [ 0.0691,  0.0385],
        [-0.1156, -0.0768],
        [-0.0984, -0.0364]], device='cuda:0')
5331 tensor([[ 0.0995,  0.0892],
        [ 0.0691,  0.0385],
        [-0.1155, -0.0767],
        [-0.0983, -0.0364]], device='cuda:0')
5332 tensor([[ 0.0995,  0.0892],
        [ 0.0690,  0.0385],
        [-0.1155, -0.0767],
        [-0.0983, -0.0364]], device='cuda:0')
5333 tensor([[ 0.0994,  0.0892],
        [ 0.0690,  0.0385],
        [-0.1155, -0.0766],
        [-0.0983, -0.0364]], device='cuda:0')
5334 tensor([[ 0.0994,  0.0892],
        [ 0.0690,  0.0385],
        [-0.1154, -0.0766],
        [-0.0982, -0.0363]], device='cuda:0')
5335 tensor([[ 0.0994,  0.0892],
        [ 0.0689,  0.0385],
        [-0.1154, -0.0766],
        [-0.0982, -0.0363]], device='cuda:0')
5336 tensor([[ 0.0993,  0.0892],
        [ 0.0689,  0.0385],
        [-0.1154, -0.0766],
        [-0.0981, -0.0363]], device='cuda:0')
5337 tensor([[ 0.0993,  0.0891],
        [ 0.0688,  0.0385],
        [-0.1153, -0.0766],
        [-0.0981, -0.0363]], device='cuda:0')
5338 tensor([[ 0.0993,  0.0891],
        [ 0.0688,  0.0385],
        [-0.1153, -0.0766],
        [-0.0981, -0.0363]], device='cuda:0')
5339 tensor([[ 0.0992,  0.0891],
        [ 0.0687,  0.0385],
        [-0.1153, -0.0766],
        [-0.0980, -0.0363]], device='cuda:0')
5340 tensor([[ 0.0992,  0.0891],
        [ 0.0687,  0.0385],
        [-0.1153, -0.0766],
        [-0.0980, -0.0363]], device='cuda:0')
5341 tensor([[ 0.0992,  0.0891],
        [ 0.0687,  0.0386],
        [-0.1152, -0.0766],
        [-0.0980, -0.0364]], device='cuda:0')
5342 tensor([[ 0.0991,  0.0891],
        [ 0.0686,  0.0386],
        [-0.1152, -0.0766],
        [-0.0979, -0.0364]], device='cuda:0')
5343 tensor([[ 0.0991,  0.0891],
        [ 0.0686,  0.0386],
        [-0.1152, -0.0766],
        [-0.0979, -0.0364]], device='cuda:0')
5344 tensor([[ 0.0991,  0.0891],
        [ 0.0685,  0.0386],
        [-0.1151, -0.0766],
        [-0.0979, -0.0364]], device='cuda:0')
5345 tensor([[ 0.0990,  0.0891],
        [ 0.0685,  0.0386],
        [-0.1151, -0.0765],
        [-0.0978, -0.0364]], device='cuda:0')
5346 tensor([[ 0.0990,  0.0891],
        [ 0.0685,  0.0386],
        [-0.1151, -0.0765],
        [-0.0978, -0.0364]], device='cuda:0')
5347 tensor([[ 0.0990,  0.0891],
        [ 0.0684,  0.0386],
        [-0.1151, -0.0765],
        [-0.0978, -0.0364]], device='cuda:0')
5348 tensor([[ 0.0990,  0.0891],
        [ 0.0684,  0.0386],
        [-0.1150, -0.0765],
        [-0.0977, -0.0364]], device='cuda:0')
5349 tensor([[ 0.0990,  0.0891],
        [ 0.0684,  0.0386],
        [-0.1150, -0.0765],
        [-0.0977, -0.0364]], device='cuda:0')
5350 tensor([[ 0.0990,  0.0891],
        [ 0.0684,  0.0386],
        [-0.1150, -0.0765],
        [-0.0976, -0.0364]], device='cuda:0')
5351 tensor([[ 0.0990,  0.0890],
        [ 0.0684,  0.0386],
        [-0.1150, -0.0765],
        [-0.0976, -0.0364]], device='cuda:0')
5352 tensor([[ 0.0990,  0.0890],
        [ 0.0684,  0.0386],
        [-0.1150, -0.0765],
        [-0.0976, -0.0364]], device='cuda:0')
5353 tensor([[ 0.0990,  0.0890],
        [ 0.0684,  0.0386],
        [-0.1150, -0.0765],
        [-0.0976, -0.0364]], device='cuda:0')
5354 tensor([[ 0.0990,  0.0890],
        [ 0.0683,  0.0386],
        [-0.1150, -0.0765],
        [-0.0975, -0.0364]], device='cuda:0')
5355 tensor([[ 0.0990,  0.0890],
        [ 0.0683,  0.0386],
        [-0.1150, -0.0765],
        [-0.0975, -0.0364]], device='cuda:0')
5356 tensor([[ 0.0990,  0.0890],
        [ 0.0683,  0.0386],
        [-0.1150, -0.0765],
        [-0.0975, -0.0365]], device='cuda:0')
5357 tensor([[ 0.0991,  0.0890],
        [ 0.0683,  0.0385],
        [-0.1150, -0.0765],
        [-0.0975, -0.0365]], device='cuda:0')
5358 tensor([[ 0.0991,  0.0890],
        [ 0.0683,  0.0385],
        [-0.1151, -0.0765],
        [-0.0975, -0.0365]], device='cuda:0')
5359 tensor([[ 0.0991,  0.0890],
        [ 0.0683,  0.0385],
        [-0.1151, -0.0765],
        [-0.0975, -0.0365]], device='cuda:0')
5360 tensor([[ 0.0991,  0.0890],
        [ 0.0683,  0.0385],
        [-0.1151, -0.0765],
        [-0.0974, -0.0365]], device='cuda:0')
5361 tensor([[ 0.0991,  0.0889],
        [ 0.0683,  0.0385],
        [-0.1151, -0.0765],
        [-0.0974, -0.0365]], device='cuda:0')
5362 tensor([[ 0.0991,  0.0889],
        [ 0.0682,  0.0385],
        [-0.1151, -0.0765],
        [-0.0974, -0.0365]], device='cuda:0')
5363 tensor([[ 0.0991,  0.0890],
        [ 0.0682,  0.0386],
        [-0.1151, -0.0765],
        [-0.0974, -0.0365]], device='cuda:0')
5364 tensor([[ 0.0991,  0.0890],
        [ 0.0682,  0.0386],
        [-0.1151, -0.0765],
        [-0.0974, -0.0365]], device='cuda:0')
5365 tensor([[ 0.0991,  0.0890],
        [ 0.0682,  0.0386],
        [-0.1151, -0.0765],
        [-0.0974, -0.0365]], device='cuda:0')
5366 tensor([[ 0.0991,  0.0891],
        [ 0.0682,  0.0387],
        [-0.1151, -0.0766],
        [-0.0974, -0.0365]], device='cuda:0')
5367 tensor([[ 0.0991,  0.0891],
        [ 0.0682,  0.0387],
        [-0.1151, -0.0766],
        [-0.0974, -0.0366]], device='cuda:0')
5368 tensor([[ 0.0991,  0.0891],
        [ 0.0681,  0.0387],
        [-0.1151, -0.0766],
        [-0.0973, -0.0366]], device='cuda:0')
5369 tensor([[ 0.0991,  0.0892],
        [ 0.0681,  0.0387],
        [-0.1151, -0.0767],
        [-0.0973, -0.0366]], device='cuda:0')
5370 tensor([[ 0.0991,  0.0892],
        [ 0.0681,  0.0388],
        [-0.1151, -0.0767],
        [-0.0973, -0.0366]], device='cuda:0')
5371 tensor([[ 0.0991,  0.0892],
        [ 0.0681,  0.0388],
        [-0.1151, -0.0767],
        [-0.0973, -0.0367]], device='cuda:0')
5372 tensor([[ 0.0991,  0.0893],
        [ 0.0681,  0.0388],
        [-0.1151, -0.0767],
        [-0.0973, -0.0367]], device='cuda:0')
5373 tensor([[ 0.0991,  0.0893],
        [ 0.0680,  0.0389],
        [-0.1151, -0.0768],
        [-0.0973, -0.0367]], device='cuda:0')
5374 tensor([[ 0.0991,  0.0893],
        [ 0.0680,  0.0389],
        [-0.1152, -0.0768],
        [-0.0973, -0.0367]], device='cuda:0')
5375 tensor([[ 0.0991,  0.0894],
        [ 0.0680,  0.0389],
        [-0.1152, -0.0768],
        [-0.0973, -0.0368]], device='cuda:0')
5376 tensor([[ 0.0991,  0.0894],
        [ 0.0680,  0.0389],
        [-0.1152, -0.0769],
        [-0.0973, -0.0368]], device='cuda:0')
5377 tensor([[ 0.0992,  0.0894],
        [ 0.0680,  0.0389],
        [-0.1152, -0.0769],
        [-0.0972, -0.0368]], device='cuda:0')
5378 tensor([[ 0.0992,  0.0895],
        [ 0.0680,  0.0390],
        [-0.1152, -0.0769],
        [-0.0972, -0.0368]], device='cuda:0')
5379 tensor([[ 0.0992,  0.0895],
        [ 0.0679,  0.0390],
        [-0.1152, -0.0769],
        [-0.0972, -0.0368]], device='cuda:0')
5380 tensor([[ 0.0992,  0.0896],
        [ 0.0679,  0.0391],
        [-0.1152, -0.0770],
        [-0.0972, -0.0369]], device='cuda:0')
5381 tensor([[ 0.0992,  0.0896],
        [ 0.0679,  0.0391],
        [-0.1152, -0.0770],
        [-0.0972, -0.0369]], device='cuda:0')
5382 tensor([[ 0.0992,  0.0897],
        [ 0.0679,  0.0392],
        [-0.1152, -0.0771],
        [-0.0972, -0.0369]], device='cuda:0')
5383 tensor([[ 0.0992,  0.0898],
        [ 0.0679,  0.0392],
        [-0.1152, -0.0772],
        [-0.0972, -0.0370]], device='cuda:0')
5384 tensor([[ 0.0992,  0.0898],
        [ 0.0679,  0.0393],
        [-0.1152, -0.0772],
        [-0.0972, -0.0370]], device='cuda:0')
5385 tensor([[ 0.0992,  0.0899],
        [ 0.0678,  0.0393],
        [-0.1152, -0.0773],
        [-0.0972, -0.0371]], device='cuda:0')
5386 tensor([[ 0.0992,  0.0899],
        [ 0.0678,  0.0394],
        [-0.1152, -0.0773],
        [-0.0971, -0.0371]], device='cuda:0')
5387 tensor([[ 0.0992,  0.0900],
        [ 0.0678,  0.0394],
        [-0.1153, -0.0774],
        [-0.0971, -0.0371]], device='cuda:0')
5388 tensor([[ 0.0992,  0.0901],
        [ 0.0678,  0.0394],
        [-0.1153, -0.0774],
        [-0.0971, -0.0372]], device='cuda:0')
5389 tensor([[ 0.0992,  0.0901],
        [ 0.0678,  0.0395],
        [-0.1153, -0.0775],
        [-0.0971, -0.0372]], device='cuda:0')
5390 tensor([[ 0.0992,  0.0902],
        [ 0.0678,  0.0395],
        [-0.1153, -0.0776],
        [-0.0971, -0.0373]], device='cuda:0')
5391 tensor([[ 0.0992,  0.0902],
        [ 0.0677,  0.0395],
        [-0.1153, -0.0776],
        [-0.0971, -0.0373]], device='cuda:0')
5392 tensor([[ 0.0992,  0.0903],
        [ 0.0677,  0.0396],
        [-0.1153, -0.0777],
        [-0.0971, -0.0374]], device='cuda:0')
5393 tensor([[ 0.0992,  0.0903],
        [ 0.0677,  0.0396],
        [-0.1153, -0.0777],
        [-0.0971, -0.0374]], device='cuda:0')
5394 tensor([[ 0.0993,  0.0904],
        [ 0.0677,  0.0396],
        [-0.1153, -0.0778],
        [-0.0971, -0.0374]], device='cuda:0')
5395 tensor([[ 0.0993,  0.0904],
        [ 0.0677,  0.0397],
        [-0.1153, -0.0778],
        [-0.0970, -0.0375]], device='cuda:0')
5396 tensor([[ 0.0993,  0.0905],
        [ 0.0678,  0.0397],
        [-0.1154, -0.0779],
        [-0.0970, -0.0375]], device='cuda:0')
5397 tensor([[ 0.0994,  0.0905],
        [ 0.0678,  0.0397],
        [-0.1154, -0.0779],
        [-0.0970, -0.0376]], device='cuda:0')
5398 tensor([[ 0.0994,  0.0906],
        [ 0.0678,  0.0398],
        [-0.1154, -0.0780],
        [-0.0970, -0.0376]], device='cuda:0')
5399 tensor([[ 0.0995,  0.0906],
        [ 0.0678,  0.0398],
        [-0.1155, -0.0781],
        [-0.0970, -0.0376]], device='cuda:0')
5400 tensor([[ 0.0995,  0.0907],
        [ 0.0678,  0.0398],
        [-0.1155, -0.0781],
        [-0.0970, -0.0377]], device='cuda:0')
5401 tensor([[ 0.0995,  0.0907],
        [ 0.0678,  0.0398],
        [-0.1155, -0.0782],
        [-0.0970, -0.0377]], device='cuda:0')
5402 tensor([[ 0.0996,  0.0908],
        [ 0.0678,  0.0399],
        [-0.1156, -0.0782],
        [-0.0970, -0.0378]], device='cuda:0')
5403 tensor([[ 0.0996,  0.0908],
        [ 0.0678,  0.0399],
        [-0.1156, -0.0783],
        [-0.0970, -0.0378]], device='cuda:0')
5404 tensor([[ 0.0997,  0.0909],
        [ 0.0678,  0.0399],
        [-0.1156, -0.0783],
        [-0.0970, -0.0379]], device='cuda:0')
5405 tensor([[ 0.0997,  0.0909],
        [ 0.0678,  0.0400],
        [-0.1156, -0.0784],
        [-0.0970, -0.0379]], device='cuda:0')
5406 tensor([[ 0.0997,  0.0909],
        [ 0.0678,  0.0400],
        [-0.1157, -0.0784],
        [-0.0970, -0.0379]], device='cuda:0')
5407 tensor([[ 0.0998,  0.0910],
        [ 0.0678,  0.0400],
        [-0.1157, -0.0785],
        [-0.0970, -0.0380]], device='cuda:0')
5408 tensor([[ 0.0998,  0.0911],
        [ 0.0678,  0.0401],
        [-0.1157, -0.0785],
        [-0.0970, -0.0380]], device='cuda:0')
5409 tensor([[ 0.0998,  0.0912],
        [ 0.0678,  0.0401],
        [-0.1158, -0.0786],
        [-0.0970, -0.0380]], device='cuda:0')
5410 tensor([[ 0.0998,  0.0912],
        [ 0.0678,  0.0402],
        [-0.1158, -0.0787],
        [-0.0970, -0.0381]], device='cuda:0')
5411 tensor([[ 0.0999,  0.0913],
        [ 0.0678,  0.0402],
        [-0.1158, -0.0787],
        [-0.0970, -0.0381]], device='cuda:0')
5412 tensor([[ 0.0999,  0.0914],
        [ 0.0678,  0.0403],
        [-0.1159, -0.0788],
        [-0.0970, -0.0381]], device='cuda:0')
5413 tensor([[ 0.0999,  0.0915],
        [ 0.0678,  0.0404],
        [-0.1159, -0.0789],
        [-0.0970, -0.0382]], device='cuda:0')
5414 tensor([[ 0.1000,  0.0916],
        [ 0.0678,  0.0404],
        [-0.1159, -0.0790],
        [-0.0970, -0.0383]], device='cuda:0')
5415 tensor([[ 0.1000,  0.0916],
        [ 0.0678,  0.0405],
        [-0.1160, -0.0791],
        [-0.0970, -0.0383]], device='cuda:0')
5416 tensor([[ 0.1000,  0.0917],
        [ 0.0678,  0.0405],
        [-0.1160, -0.0791],
        [-0.0971, -0.0384]], device='cuda:0')
5417 tensor([[ 0.1000,  0.0918],
        [ 0.0678,  0.0406],
        [-0.1160, -0.0792],
        [-0.0971, -0.0384]], device='cuda:0')
5418 tensor([[ 0.1001,  0.0919],
        [ 0.0678,  0.0406],
        [-0.1161, -0.0793],
        [-0.0971, -0.0385]], device='cuda:0')
5419 tensor([[ 0.1001,  0.0920],
        [ 0.0678,  0.0407],
        [-0.1161, -0.0794],
        [-0.0971, -0.0385]], device='cuda:0')
5420 tensor([[ 0.1001,  0.0920],
        [ 0.0678,  0.0407],
        [-0.1161, -0.0794],
        [-0.0971, -0.0386]], device='cuda:0')
5421 tensor([[ 0.1002,  0.0921],
        [ 0.0678,  0.0407],
        [-0.1162, -0.0795],
        [-0.0971, -0.0386]], device='cuda:0')
5422 tensor([[ 0.1002,  0.0922],
        [ 0.0678,  0.0408],
        [-0.1162, -0.0796],
        [-0.0971, -0.0387]], device='cuda:0')
5423 tensor([[ 0.1002,  0.0922],
        [ 0.0678,  0.0408],
        [-0.1162, -0.0797],
        [-0.0971, -0.0387]], device='cuda:0')
5424 tensor([[ 0.1003,  0.0923],
        [ 0.0678,  0.0409],
        [-0.1162, -0.0797],
        [-0.0971, -0.0388]], device='cuda:0')
5425 tensor([[ 0.1004,  0.0924],
        [ 0.0679,  0.0409],
        [-0.1163, -0.0798],
        [-0.0971, -0.0388]], device='cuda:0')
5426 tensor([[ 0.1004,  0.0924],
        [ 0.0679,  0.0409],
        [-0.1163, -0.0799],
        [-0.0971, -0.0389]], device='cuda:0')
5427 tensor([[ 0.1005,  0.0925],
        [ 0.0679,  0.0410],
        [-0.1164, -0.0800],
        [-0.0971, -0.0389]], device='cuda:0')
5428 tensor([[ 0.1005,  0.0926],
        [ 0.0679,  0.0410],
        [-0.1164, -0.0800],
        [-0.0971, -0.0390]], device='cuda:0')
5429 tensor([[ 0.1006,  0.0926],
        [ 0.0679,  0.0411],
        [-0.1165, -0.0801],
        [-0.0971, -0.0390]], device='cuda:0')
5430 tensor([[ 0.1007,  0.0927],
        [ 0.0680,  0.0411],
        [-0.1165, -0.0802],
        [-0.0971, -0.0391]], device='cuda:0')
5431 tensor([[ 0.1007,  0.0928],
        [ 0.0680,  0.0411],
        [-0.1166, -0.0803],
        [-0.0971, -0.0391]], device='cuda:0')
5432 tensor([[ 0.1008,  0.0928],
        [ 0.0680,  0.0412],
        [-0.1166, -0.0803],
        [-0.0971, -0.0392]], device='cuda:0')
5433 tensor([[ 0.1008,  0.0929],
        [ 0.0680,  0.0412],
        [-0.1167, -0.0804],
        [-0.0972, -0.0392]], device='cuda:0')
5434 tensor([[ 0.1009,  0.0929],
        [ 0.0680,  0.0413],
        [-0.1167, -0.0805],
        [-0.0972, -0.0393]], device='cuda:0')
5435 tensor([[ 0.1009,  0.0930],
        [ 0.0680,  0.0413],
        [-0.1168, -0.0805],
        [-0.0972, -0.0393]], device='cuda:0')
5436 tensor([[ 0.1010,  0.0931],
        [ 0.0680,  0.0413],
        [-0.1168, -0.0806],
        [-0.0972, -0.0394]], device='cuda:0')
5437 tensor([[ 0.1010,  0.0931],
        [ 0.0681,  0.0414],
        [-0.1169, -0.0807],
        [-0.0972, -0.0394]], device='cuda:0')
5438 tensor([[ 0.1011,  0.0932],
        [ 0.0681,  0.0414],
        [-0.1169, -0.0808],
        [-0.0972, -0.0395]], device='cuda:0')
5439 tensor([[ 0.1011,  0.0933],
        [ 0.0681,  0.0415],
        [-0.1170, -0.0808],
        [-0.0972, -0.0395]], device='cuda:0')
5440 tensor([[ 0.1012,  0.0934],
        [ 0.0681,  0.0416],
        [-0.1170, -0.0809],
        [-0.0973, -0.0395]], device='cuda:0')
5441 tensor([[ 0.1012,  0.0935],
        [ 0.0681,  0.0416],
        [-0.1171, -0.0810],
        [-0.0973, -0.0396]], device='cuda:0')
5442 tensor([[ 0.1013,  0.0936],
        [ 0.0681,  0.0417],
        [-0.1171, -0.0811],
        [-0.0973, -0.0396]], device='cuda:0')
5443 tensor([[ 0.1013,  0.0937],
        [ 0.0681,  0.0417],
        [-0.1172, -0.0811],
        [-0.0973, -0.0397]], device='cuda:0')
5444 tensor([[ 0.1014,  0.0938],
        [ 0.0681,  0.0418],
        [-0.1172, -0.0812],
        [-0.0973, -0.0397]], device='cuda:0')
5445 tensor([[ 0.1014,  0.0939],
        [ 0.0681,  0.0419],
        [-0.1173, -0.0813],
        [-0.0973, -0.0398]], device='cuda:0')
5446 tensor([[ 0.1014,  0.0940],
        [ 0.0682,  0.0419],
        [-0.1173, -0.0814],
        [-0.0974, -0.0398]], device='cuda:0')
5447 tensor([[ 0.1015,  0.0941],
        [ 0.0682,  0.0420],
        [-0.1174, -0.0815],
        [-0.0974, -0.0399]], device='cuda:0')
5448 tensor([[ 0.1015,  0.0941],
        [ 0.0682,  0.0420],
        [-0.1174, -0.0816],
        [-0.0974, -0.0400]], device='cuda:0')
5449 tensor([[ 0.1016,  0.0942],
        [ 0.0682,  0.0421],
        [-0.1175, -0.0817],
        [-0.0974, -0.0400]], device='cuda:0')
5450 tensor([[ 0.1016,  0.0943],
        [ 0.0682,  0.0421],
        [-0.1175, -0.0818],
        [-0.0974, -0.0401]], device='cuda:0')
5451 tensor([[ 0.1017,  0.0944],
        [ 0.0682,  0.0421],
        [-0.1176, -0.0818],
        [-0.0974, -0.0401]], device='cuda:0')
5452 tensor([[ 0.1017,  0.0945],
        [ 0.0682,  0.0422],
        [-0.1176, -0.0819],
        [-0.0975, -0.0402]], device='cuda:0')
5453 tensor([[ 0.1018,  0.0946],
        [ 0.0682,  0.0423],
        [-0.1177, -0.0820],
        [-0.0975, -0.0402]], device='cuda:0')
5454 tensor([[ 0.1018,  0.0947],
        [ 0.0682,  0.0423],
        [-0.1177, -0.0821],
        [-0.0975, -0.0403]], device='cuda:0')
5455 tensor([[ 0.1018,  0.0948],
        [ 0.0682,  0.0424],
        [-0.1178, -0.0822],
        [-0.0975, -0.0403]], device='cuda:0')
5456 tensor([[ 0.1019,  0.0949],
        [ 0.0682,  0.0424],
        [-0.1178, -0.0822],
        [-0.0975, -0.0403]], device='cuda:0')
5457 tensor([[ 0.1019,  0.0950],
        [ 0.0682,  0.0425],
        [-0.1179, -0.0823],
        [-0.0975, -0.0404]], device='cuda:0')
5458 tensor([[ 0.1020,  0.0951],
        [ 0.0683,  0.0426],
        [-0.1179, -0.0824],
        [-0.0976, -0.0404]], device='cuda:0')
5459 tensor([[ 0.1020,  0.0952],
        [ 0.0683,  0.0426],
        [-0.1180, -0.0825],
        [-0.0976, -0.0405]], device='cuda:0')
