117337 0
117337 1
117337 2
117337 3
117337 5
117351 1
117352 0
117352 2
117352 4
117353 3
117367 0
117367 1
117367 2
117367 3
117367 5
117381 1
117382 0
117382 2
117382 4
117383 3
117397 0
117397 1
117397 2
117397 3
117397 5
117411 1
117412 0
117412 2
117412 4
117413 3
117427 0
117427 1
117427 2
117427 3
117427 4
117441 3
117442 0
117442 2
117442 5
117443 1
117457 0
117457 1
117457 2
117457 3
117457 5
117471 1
117472 0
117472 2
117472 4
117473 3
117487 0
117487 1
117487 2
117487 3
117487 5
117501 1
117502 0
117502 2
117502 4
117503 3
117517 0
117517 1
117517 2
117517 3
117517 5
117531 1
117532 0
117532 2
117532 4
117533 3
117547 0
117547 1
117547 2
117547 3
117547 5
117561 1
117562 0
117562 2
117562 4
117563 3
117577 0
117577 1
117577 2
117577 3
117577 5
117591 1
117592 0
117592 2
117592 4
117593 3
117607 0
117607 1
117607 2
117607 3
117607 5
117621 1
117622 0
117622 2
117622 4
117623 3
117636 0
117637 1
117637 3
117637 4
117638 2
117651 0
117651 3
117652 5
117653 1
117653 2
117667 0
117667 1
117667 2
117667 3
117667 4
117681 3
117682 0
117682 2
117682 5
117683 1
117697 0
117697 1
117697 2
117697 3
117697 4
117711 3
117712 0
117712 2
117712 5
117713 1
117727 0
117727 1
117727 2
117727 3
117727 5
117741 1
117742 0
117742 2
117742 4
117743 3
117757 0
117757 1
117757 2
117757 3
117757 4
117771 0
117771 3
117772 4
117773 1
117773 2
117785 3
117786 5
117787 0
117787 2
117787 5
117789 1
117801 3
117802 0
117802 2
117802 4
117802 5
117803 1
117815 3
117816 5
117817 0
117817 2
117817 5
117819 1
117831 3
117832 0
117832 2
117832 4
117832 5
117833 1
117845 3
117846 5
117847 0
117847 2
117847 5
117849 1
117861 3
117862 0
117862 2
117862 4
117862 5
117863 1
117875 3
117876 5
117877 0
117877 2
117877 5
117879 1
117891 3
117892 0
117892 2
117892 4
117892 5
117893 1
117905 3
117906 5
117907 0
117907 2
117907 5
117909 1
117921 2
117921 3
117922 4
117922 5
117923 0
117923 1
117935 3
117936 2
117936 5
117937 5
117938 0
117939 1
117951 2
117951 3
117952 5
117953 0
117953 1
117966 2
117967 1
117967 3
117967 4
117968 0
117981 2
117981 3
117982 5
117983 0
117983 1
117996 2
117997 1
117997 3
117997 5
117998 0
118011 1
118011 2
118012 4
118013 0
118013 3
118026 2
118027 1
118027 3
118027 5
118028 0
118041 1
118041 2
118042 4
118043 0
118043 3
118056 2
118057 1
118057 3
118057 5
118058 0
118071 1
118071 2
118072 4
118073 0
118073 3
118086 2
118087 1
118087 3
118087 4
118088 0
118101 2
118101 3
118102 5
118103 0
118103 1
118116 2
118117 1
118117 3
118117 5
118118 0
118131 1
118131 2
118132 5
118133 0
118133 3
118145 1
118146 2
118147 4
118148 0
118149 3
118161 1
118162 0
118162 2
118162 5
118163 3
118175 1
118177 0
118177 2
118177 4
118179 3
118191 1
118192 0
118192 2
118192 5
118193 3
118205 1
118206 4
118207 0
118207 2
118207 4
118209 3
118221 1
118222 0
118222 2
118222 4
118222 5
118223 3
118235 1
118236 4
118237 0
118237 2
118237 5
118239 3
118249 1
118250 4
118252 0
118252 2
118252 4
118255 3
118265 1
118266 4
118267 0
118267 2
118267 4
118269 3
118281 0
118281 1
118282 4
118282 5
118283 2
118283 3
118295 1
118296 0
118296 4
118297 4
118298 2
118299 3
118311 0
118311 1
118312 4
118313 2
118313 3
118326 0
118327 1
118327 3
118327 5
118328 2
118341 0
118341 1
118342 4
118343 2
118343 3
118356 0
118357 1
118357 3
118357 5
118358 2
118371 0
118371 1
118372 4
118373 2
118373 3
118386 0
118387 1
118387 3
118387 4
118388 2
118401 0
118401 3
118402 4
118403 1
118403 2
118415 3
118416 0
118417 5
118418 2
118419 1
118431 0
118431 3
118432 5
118433 1
118433 2
118446 0
118447 1
118447 3
118447 4
118448 2
118461 0
118461 3
118462 4
118463 1
118463 2
118475 3
118476 0
118477 5
118478 2
118479 1
118491 0
118491 3
118492 4
118493 1
118493 2
118505 3
118506 0
118507 5
118508 2
118509 1
118522 0
118522 1
118522 2
118522 3
118522 4
118536 3
118537 0
118537 2
118537 5
118538 1
118552 0
118552 1
118552 2
118552 3
118552 4
118566 3
118567 0
118567 2
118567 5
118568 1
118582 0
118582 1
118582 2
118582 3
118582 4
118596 3
118597 0
118597 2
118597 5
118598 1
118612 0
118612 1
118612 2
118612 3
118612 5
118626 1
118627 0
118627 2
118627 4
118628 3
118642 0
118642 1
118642 2
118642 3
118642 4
118656 3
118657 0
118657 2
118657 5
118658 1
118672 0
118672 1
118672 2
118672 3
118672 4
118685 3
118686 5
118687 0
118687 2
118687 5
118689 1
118701 2
118701 3
118702 4
118702 5
118703 0
118703 1
118715 3
118716 2
118716 5
118717 5
118718 0
118719 1
118731 2
118731 3
118732 4
118732 5
118733 0
118733 1
118745 3
118746 2
118746 5
118747 5
118748 0
118749 1
118761 2
118761 3
118762 5
118763 0
118763 1
118776 2
118777 1
118777 3
118777 4
118778 0
118791 2
118791 3
118792 5
118793 0
118793 1
118806 2
118807 1
118807 3
118807 4
118808 0
118821 2
118821 3
118822 5
118823 0
118823 1
118836 2
118837 1
118837 3
118837 5
118838 0
118851 1
118851 2
118852 4
118853 0
118853 3
118866 2
118867 1
118867 3
118867 5
118868 0
118881 1
118881 2
118882 4
118883 0
118883 3
118896 2
118897 1
118897 3
118897 5
118898 0
118911 1
118911 2
118912 5
118913 0
118913 3
118925 1
118926 2
118926 4
118927 4
118928 0
118929 3
118941 1
118941 2
118942 5
118943 0
118943 3
118955 1
118956 2
118956 4
118957 5
118958 0
118959 3
118969 1
118970 4
118971 2
118972 4
118973 0
118975 3
118986 1
118987 0
118987 2
118987 4
118987 5
118988 3
119000 1
119001 4
119002 0
119002 2
119002 4
119004 3
119016 1
119017 0
119017 2
119017 4
119017 5
119018 3
119030 1
119031 4
119032 0
119032 2
119032 4
119034 3
119046 1
119047 0
119047 2
119047 4
119048 3
119061 0
119062 1
119062 3
119062 5
119063 2
119076 0
119076 1
119077 4
119078 2
119078 3
119091 0
119092 1
119092 3
119092 5
119093 2
119105 1
119106 0
119106 4
119107 4
119108 2
119109 3
119121 0
119121 1
119122 4
119123 2
119123 3
119136 0
119137 1
119137 3
119137 5
119138 2
119151 0
119151 1
119152 4
119153 2
119153 3
119166 0
119167 1
119167 3
119167 5
119168 2
119181 0
119181 1
119182 4
119183 2
119183 3
119196 0
119197 1
119197 3
119197 5
119198 2
119211 0
119211 1
119212 4
119213 2
119213 3
119226 0
119227 1
119227 3
119227 4
119228 2
119241 0
119241 3
119242 5
119243 1
119243 2
119256 0
119257 1
119257 3
119257 4
119258 2
119271 0
119271 3
119272 4
119273 1
119273 2
119285 3
119286 0
119287 5
119288 2
119289 1
119301 0
119301 3
119302 4
119303 1
119303 2
119315 3
119316 0
119316 5
119317 5
119318 2
119319 1
119331 0
119331 3
119332 4
119333 1
119333 2
119345 3
119346 0
119346 5
119347 5
119348 2
119349 1
119362 0
119362 1
119362 2
119362 3
119362 4
119376 3
119377 0
119377 2
119377 5
119378 1
119392 0
119392 1
119392 2
119392 3
119392 4
119406 3
119407 0
119407 2
119407 4
119407 5
119408 1
119420 3
119421 5
119422 0
119422 2
119422 5
119424 1
119436 3
119437 0
119437 2
119437 4
119437 5
119438 1
119450 3
119451 5
119452 0
119452 2
119452 5
119454 1
119466 2
119466 3
119467 5
119468 0
119468 1
119481 2
119482 1
119482 3
119482 4
119483 0
119495 3
119496 2
119496 5
119497 5
119498 0
119499 1
119511 2
119511 3
119512 4
119512 5
119513 0
119513 1
119525 3
119526 2
119526 5
119527 5
119528 0
119529 1
119541 2
119541 3
119542 5
119543 0
119543 1
119556 2
119557 1
119557 3
119557 4
119558 0
119571 2
119571 3
119572 5
119573 0
119573 1
119586 2
119587 1
119587 3
119587 4
119588 0
119601 2
119601 3
119602 5
119603 0
119603 1
119616 2
119617 1
119617 3
119617 5
119618 0
119631 1
119631 2
119632 4
119633 0
119633 3
119646 2
119647 1
119647 3
119647 5
119648 0
119661 1
119661 2
119662 5
119663 0
119663 3
119675 1
119676 2
119677 4
119678 0
119679 3
119691 1
119691 2
119692 5
119693 0
119693 3
119705 1
119706 2
119707 4
119708 0
119709 3
119721 1
119721 2
119722 5
119723 0
119723 3
119736 1
119736 2
119737 5
119738 0
119738 3
119750 1
119751 2
119752 4
119753 0
119754 3
119766 1
119767 0
119767 2
119767 5
119768 3
119780 1
119781 4
119782 0
119782 2
119782 4
119784 3
119796 1
119797 0
119797 2
119797 4
119797 5
119798 3
119810 1
119811 4
119812 0
119812 2
119812 4
119814 3
119826 1
119827 0
119827 2
119827 4
119827 5
119828 3
119840 1
119841 0
119841 4
119842 4
119843 2
119844 3
119856 0
119856 1
119857 4
119858 2
119858 3
119871 0
119872 1
119872 3
119872 5
119873 2
119885 1
119886 0
119886 4
119887 4
119888 2
119889 3
119901 0
119901 1
119902 4
119902 5
119903 2
119903 3
119915 1
119916 0
119916 4
119917 4
119918 2
119919 3
119931 0
119931 1
119932 4
119933 2
119933 3
119946 0
119947 1
119947 3
119947 5
119948 2
119961 0
119961 1
119962 4
119963 2
119963 3
119976 0
119977 1
119977 3
119977 4
119978 2
119991 0
119991 3
119992 5
119993 1
119993 2
120006 0
120007 1
120007 3
120007 4
120008 2
120021 0
120021 3
120022 4
120023 1
120023 2
120035 3
120036 0
120037 5
120038 2
120039 1
120051 0
120051 3
120052 4
120053 1
120053 2
120066 0
120066 3
120067 4
120068 1
120068 2
120080 3
120081 0
120082 5
120083 2
120084 1
120096 0
120096 3
120097 4
120098 1
120098 2
120110 3
120111 0
120112 5
120113 2
120114 1
120126 3
120127 0
120127 2
120127 4
120128 1
120140 3
120142 0
120142 2
120142 5
120144 1
120156 3
120157 0
120157 2
120157 4
120158 1
120170 3
120172 0
120172 2
120172 5
120174 1
120186 3
120187 0
120187 2
120187 4
120188 1
120200 3
120201 5
120202 0
120202 2
120202 5
120204 1
120216 2
120216 3
120217 4
120217 5
120218 0
120218 1
120230 3
120231 2
120231 5
120232 5
120233 0
120234 1
120246 2
120246 3
120247 4
120247 5
120248 0
120248 1
120260 3
120261 2
120261 5
120262 5
120263 0
120264 1
120276 2
120276 3
120277 5
120278 0
120278 1
120291 2
120291 3
120292 4
120292 5
120293 0
120293 1
120305 3
120306 2
120306 5
120307 5
120308 0
120309 1
120320 2
120321 3
120322 5
120323 1
120324 0
120325 4
120335 2
120337 1
120337 3
120337 5
120339 0
