123907 0
123907 1
123907 2
123907 3
123907 4
123921 3
123922 0
123922 2
123922 5
123923 1
123937 0
123937 1
123937 2
123937 3
123937 4
123951 3
123952 0
123952 2
123952 4
123952 5
123953 1
123965 3
123966 5
123967 0
123967 2
123967 5
123969 1
123981 3
123982 0
123982 2
123982 4
123982 5
123983 1
123995 3
123996 5
123997 0
123997 2
123997 5
123999 1
124011 3
124012 0
124012 2
124012 5
124013 1
124027 0
124027 1
124027 2
124027 3
124027 4
124041 3
124042 0
124042 2
124042 5
124043 1
124056 2
124057 1
124057 3
124057 5
124058 0
124071 1
124071 2
124072 4
124073 0
124073 3
124087 0
124087 1
124087 2
124087 3
124087 4
124101 3
124102 0
124102 2
124102 5
124103 1
124116 2
124117 1
124117 3
124117 4
124117 5
124118 0
124131 2
124131 3
124132 5
124133 0
124133 1
124146 2
124147 1
124147 3
124147 5
124148 0
124161 1
124161 2
124162 5
124163 0
124163 3
124175 1
124176 2
124176 4
124177 4
124178 0
124179 3
124191 1
124192 0
124192 2
124192 4
124193 3
124207 0
124207 1
124207 2
124207 3
124207 5
124221 1
124222 0
124222 2
124222 4
124223 3
124237 0
124237 1
124237 2
124237 3
124237 5
124251 1
124252 0
124252 2
124252 4
124253 3
124267 0
124267 1
124267 2
124267 3
124267 4
124280 3
124281 5
124282 0
124282 2
124282 5
124284 1
124296 2
124296 3
124297 5
124298 0
124298 1
124311 2
124312 1
124312 3
124312 5
124313 0
124326 1
124326 2
124327 4
124328 0
124328 3
124342 0
124342 1
124342 2
124342 3
124342 5
124356 1
124357 0
124357 2
124357 4
124358 3
124372 0
124372 1
124372 2
124372 3
124372 5
124386 1
124387 0
124387 2
124387 4
124388 3
124402 0
124402 1
124402 2
124402 3
124402 5
124416 1
124417 0
124417 2
124417 4
124418 3
124432 0
124432 1
124432 2
124432 3
124432 5
124446 1
124447 0
124447 2
124447 4
124448 3
124462 0
124462 1
124462 2
124462 3
124462 5
124476 1
124477 0
124477 2
124477 4
124478 3
124492 0
124492 1
124492 2
124492 3
124492 5
124506 1
124507 0
124507 2
124507 4
124508 3
124521 0
124522 1
124522 3
124522 5
124523 2
124536 0
124536 1
124537 4
124538 2
124538 3
124551 0
124552 1
124552 3
124552 5
124553 2
124565 1
124566 0
124566 4
124567 5
124568 2
124569 3
124579 1
124580 4
124581 0
124582 4
124583 2
124585 3
124586 5
124595 1
124596 0
124596 4
124597 4
124598 2
124599 3
124611 0
124611 1
124612 4
124613 2
124613 3
124626 0
124627 1
124627 3
124627 4
124628 2
124641 0
124641 3
124642 5
124643 1
124643 2
124656 0
124657 1
124657 3
124657 4
124658 2
124671 0
124671 3
124672 4
124673 1
124673 2
124685 3
124686 0
124686 5
124687 5
124688 2
124689 1
124701 0
124701 3
124702 4
124703 1
124703 2
124715 3
124716 0
124716 5
124717 4
124718 2
124719 1
124729 3
124730 5
124731 0
124732 4
124733 2
124735 1
124743 3
124744 5
124747 0
124747 2
124747 5
124751 1
124759 3
124760 5
124762 0
124762 2
124762 5
124765 1
124775 3
124776 5
124777 0
124777 2
124777 5
124779 1
124791 3
124792 0
124792 2
124792 4
124792 5
124793 1
124805 3
124806 5
124807 0
124807 2
124807 5
124809 1
124821 2
124821 3
124822 4
124822 5
124823 0
124823 1
124835 3
124836 2
124836 5
124837 5
124838 0
124839 1
124851 2
124851 3
124852 4
124852 5
124853 0
124853 1
124865 3
124866 2
124866 5
124867 5
124868 0
124869 1
124881 2
124881 3
124882 5
124883 0
124883 1
124896 2
124897 1
124897 3
124897 4
124898 0
124911 2
124911 3
124912 5
124913 0
124913 1
124926 2
124927 1
124927 3
124927 4
124928 0
124941 2
124941 3
124942 5
124943 0
124943 1
124956 2
124957 1
124957 3
124957 5
124958 0
124971 1
124971 2
124972 4
124973 0
124973 3
124986 2
124987 1
124987 3
124987 5
124988 0
125001 1
125001 2
125002 5
125003 0
125003 3
125016 1
125016 2
125017 4
125018 0
125018 3
125031 2
125032 1
125032 3
125032 5
125033 0
125046 1
125046 2
125047 5
125048 0
125048 3
125060 1
125061 2
125062 4
125063 0
125064 3
125076 1
125076 2
125077 5
125078 0
125078 3
125090 1
125091 2
125092 4
125093 0
125094 3
125106 1
125107 0
125107 2
125107 5
125108 3
125120 1
125121 4
125122 0
125122 2
125122 4
125124 3
125136 1
125137 0
125137 2
125137 4
125137 5
125138 3
125150 1
125151 4
125152 0
125152 2
125152 4
125154 3
125166 1
125167 0
125167 2
125167 4
125167 5
125168 3
125180 1
125181 4
125182 0
125182 2
125182 4
125184 3
125196 0
125196 1
125197 4
125197 5
125198 2
125198 3
125210 1
125211 0
125211 4
125212 4
125213 2
125214 3
125226 0
125226 1
125227 4
125227 5
125228 2
125228 3
125240 1
125241 0
125241 4
125242 4
125243 2
125244 3
125256 0
125256 1
125257 4
125258 2
125258 3
125271 0
125272 1
125272 3
125272 5
125273 2
125286 0
125286 1
125287 4
125288 2
125288 3
125301 0
125301 1
125302 4
125303 2
125303 3
125315 0
125317 1
125317 3
125317 4
125319 2
125331 0
125331 3
125332 5
125333 1
125333 2
125346 0
125347 1
125347 3
125347 4
125348 2
125361 0
125361 3
125362 5
125363 1
125363 2
125376 0
125377 1
125377 3
125377 5
125378 2
125391 0
125391 1
125392 4
125393 2
125393 3
125406 0
125407 1
125407 3
125407 4
125408 2
125421 0
125421 3
125422 4
125423 1
125423 2
125435 3
125436 0
125437 4
125438 2
125439 1
125449 3
125451 0
125452 5
125453 2
125455 1
125465 3
125466 0
125467 4
125468 2
125469 1
125479 3
125481 0
125482 4
125483 2
125485 1
125494 3
125497 0
125497 2
125497 5
125500 1
125510 3
125512 0
125512 2
125512 4
125514 1
125524 3
125527 0
125527 2
125527 5
125530 1
125540 3
125542 0
125542 2
125542 5
125544 1
125556 2
125556 3
125557 4
125557 5
125558 0
125558 1
125569 3
125571 2
125572 5
125573 0
125575 1
125576 4
125585 3
125586 2
125586 5
125587 4
125588 0
125589 1
125599 3
125600 5
125601 2
125602 5
125603 0
125605 1
125606 4
125615 3
125616 2
125616 5
125617 5
125618 0
125619 1
125630 2
125631 3
125632 4
125632 5
125633 1
125634 0
125645 2
125645 3
125646 5
125647 5
125649 0
125649 1
125650 4
125660 2
125661 3
125662 5
125663 1
125664 0
125665 4
125675 2
125677 1
125677 3
125677 5
125679 0
125690 2
125691 1
125692 4
125693 3
125694 0
125705 2
125707 1
125707 3
125707 5
125709 0
125720 2
125721 1
125722 5
125723 3
125724 0
125735 2
125736 1
125737 4
125738 3
125739 0
125750 2
125752 1
125752 3
125752 5
125754 0
125765 2
125766 1
125766 5
125767 5
125768 3
125769 0
125780 1
125780 2
125782 5
125784 0
125784 3
125794 1
125795 4
125796 2
125797 4
125798 0
125800 3
125810 1
125811 2
125811 4
125812 5
125813 0
125814 3
125824 1
125825 4
125826 2
125827 4
125828 0
125830 3
125840 1
125841 2
125841 4
125842 5
125843 0
125844 3
125854 1
125855 4
125857 0
125857 2
125857 4
125860 3
125870 1
125871 4
125872 0
125872 2
125872 5
125874 3
125884 1
125885 4
125887 0
125887 2
125887 4
125890 3
125900 1
125901 4
125902 0
125902 2
125902 5
125904 3
125914 1
125915 4
125917 0
125917 2
125917 4
125920 3
125930 1
125931 0
125931 4
125932 5
125933 2
125934 3
125944 1
125945 4
125946 0
125947 5
125948 2
125950 3
125951 5
125958 1
125959 4
125961 0
125962 4
125963 2
125966 3
125967 5
125974 1
125975 0
125975 4
125977 4
125979 2
125980 3
125981 5
125990 0
125990 1
125991 4
125992 4
125994 2
125994 3
125995 5
126005 0
126006 1
126007 4
126008 3
126009 2
126010 5
126020 0
126022 1
126022 3
126022 5
126024 2
126035 0
126036 1
126037 4
126038 3
126039 2
126040 5
126050 0
126051 1
126052 4
126053 3
126054 2
126055 5
126065 0
126067 1
126067 3
126067 4
126069 2
126080 0
126081 3
126082 4
126083 1
126084 2
126095 0
126095 3
126097 5
126099 1
126099 2
126110 0
126111 3
126112 4
126113 1
126114 2
126125 0
126125 3
126127 4
126129 1
126129 2
126139 3
126140 0
126140 5
126142 5
126144 2
126145 1
126155 0
126156 3
126157 4
126158 1
126159 2
126170 0
126170 3
126172 4
126174 1
126174 2
126184 3
126185 5
126186 0
126187 5
126188 2
126190 1
126200 3
126201 0
126201 5
126202 4
126203 2
126204 1
126214 3
126215 5
126216 0
126217 4
126218 2
126220 1
126228 3
126229 5
126232 0
126232 2
126232 4
126236 1
126242 3
126243 5
126247 0
126247 2
126247 5
126252 1
126258 3
126259 5
126262 0
126262 2
126262 5
126266 1
126274 3
126275 5
126276 2
126277 4
126278 0
126280 1
126281 4
126288 3
126289 5
126291 2
126292 5
126293 0
126296 1
126297 4
126304 3
126305 5
126306 2
126307 5
126308 0
126310 1
126311 4
126320 2
126320 3
126321 5
126322 5
126324 0
126324 1
126325 4
126335 2
126336 3
126337 4
126337 5
126338 1
126339 0
126350 2
126350 3
126351 5
126352 5
126354 0
126354 1
126355 4
126365 2
126365 3
126366 5
126367 5
126369 0
126369 1
126370 4
126380 2
126381 3
126382 5
126383 1
126384 0
126385 4
126394 2
126397 1
126397 3
126397 4
126400 0
126409 2
126411 3
126412 5
126413 1
126415 0
126416 4
126424 2
126427 1
126427 3
126427 5
126430 0
126439 2
126441 1
126442 5
126443 3
126445 0
126454 2
126455 5
126456 1
126457 5
126458 3
126460 0
126470 1
126470 2
126472 4
126474 0
126474 3
126485 2
126486 1
126486 5
126487 5
126488 3
126489 0
126500 1
126500 2
126502 5
126504 0
126504 3
126514 1
126515 2
126515 4
126517 5
126519 0
126520 3
126528 1
126529 4
126530 2
126532 4
126534 0
126536 3
126544 1
126545 4
126546 2
126547 5
126548 0
126550 3
126558 1
126559 4
126561 2
126562 5
126563 0
126566 3
126572 1
126573 4
126576 2
126577 4
126578 0
126582 3
126589 1
126590 4
126592 0
126592 2
126592 5
126595 3
126602 1
126603 4
126607 0
126607 2
126607 4
126612 3
126619 1
126620 4
126621 0
126622 4
126623 2
126625 3
126626 5
126635 1
126636 0
126636 4
126637 5
126638 2
126639 3
126648 1
126649 4
126651 0
126652 4
126653 2
126656 3
126657 5
126664 1
126665 4
126666 0
126667 5
126668 2
126670 3
126671 5
126678 1
126679 4
126680 0
126682 4
126684 2
126686 3
126687 5
126694 1
126695 0
126695 4
126697 4
126699 2
126700 3
126701 5
126710 0
126710 1
126711 4
126712 4
126714 2
126714 3
126715 5
126724 0
126726 1
126727 4
126728 3
126730 2
126731 5
126739 0
126742 1
126742 3
126742 5
126745 2
126754 0
126756 1
126757 4
126758 3
126760 2
126761 5
126769 0
126771 1
126772 4
126773 3
126775 2
126776 5
126784 0
126787 1
126787 3
126787 4
126790 2
126799 0
126801 3
126802 4
126803 1
126805 2
126814 0
126815 3
126817 5
126819 1
126820 2
126829 0
126831 3
126832 4
126833 1
126835 2
126845 0
126845 3
126847 4
126849 1
126849 2
126860 0
126860 3
126862 4
126864 1
126864 2
126874 3
126875 0
126875 5
126877 4
126879 2
126880 1
126888 3
126889 5
126890 0
126892 5
126894 2
126896 1
126904 3
126905 5
126906 0
126907 5
126908 2
126910 1
