165067 0
165067 1
165067 2
165067 3
165067 5
165081 1
165082 0
165082 2
165082 4
165083 3
165097 0
165097 1
165097 2
165097 3
165097 5
165111 1
165112 0
165112 2
165112 4
165113 3
165127 0
165127 1
165127 2
165127 3
165127 5
165141 1
165142 0
165142 2
165142 4
165143 3
165157 0
165157 1
165157 2
165157 3
165157 5
165171 1
165172 0
165172 2
165172 4
165173 3
165187 0
165187 1
165187 2
165187 3
165187 5
165201 1
165202 0
165202 2
165202 4
165203 3
165217 0
165217 1
165217 2
165217 3
165217 5
165231 1
165232 0
165232 2
165232 4
165233 3
165247 0
165247 1
165247 2
165247 3
165247 5
165261 1
165262 0
165262 2
165262 4
165263 3
165277 0
165277 1
165277 2
165277 3
165277 5
165291 1
165292 0
165292 2
165292 4
165293 3
165307 0
165307 1
165307 2
165307 3
165307 5
165321 1
165322 0
165322 2
165322 4
165323 3
165337 0
165337 1
165337 2
165337 3
165337 5
165351 1
165352 0
165352 2
165352 4
165353 3
165367 0
165367 1
165367 2
165367 3
165367 5
165381 1
165382 0
165382 2
165382 4
165383 3
165397 0
165397 1
165397 2
165397 3
165397 5
165411 1
165412 0
165412 2
165412 4
165413 3
165427 0
165427 1
165427 2
165427 3
165427 5
165441 1
165442 0
165442 2
165442 4
165443 3
165457 0
165457 1
165457 2
165457 3
165457 5
165471 1
165472 0
165472 2
165472 4
165473 3
165487 0
165487 1
165487 2
165487 3
165487 4
165501 3
165502 0
165502 2
165502 5
165503 1
165517 0
165517 1
165517 2
165517 3
165517 4
165531 3
165532 0
165532 2
165532 5
165533 1
165547 0
165547 1
165547 2
165547 3
165547 4
165561 3
165562 0
165562 2
165562 4
165562 5
165563 1
165575 3
165576 5
165577 0
165577 2
165577 5
165579 1
165591 3
165592 0
165592 2
165592 5
165593 1
165607 0
165607 1
165607 2
165607 3
165607 4
165621 3
165622 0
165622 2
165622 5
165623 1
165637 0
165637 1
165637 2
165637 3
165637 4
165651 3
165652 0
165652 2
165652 5
165653 1
165667 0
165667 1
165667 2
165667 3
165667 4
165681 3
165682 0
165682 2
165682 5
165683 1
165697 0
165697 1
165697 2
165697 3
165697 4
165711 3
165712 0
165712 2
165712 5
165713 1
165727 0
165727 1
165727 2
165727 3
165727 4
165741 3
165742 0
165742 2
165742 5
165743 1
165756 2
165757 1
165757 3
165757 5
165758 0
165771 1
165771 2
165772 4
165773 0
165773 3
165787 0
165787 1
165787 2
165787 3
165787 5
165801 1
165802 0
165802 2
165802 4
165803 3
165817 0
165817 1
165817 2
165817 3
165817 5
165831 1
165832 0
165832 2
165832 4
165833 3
165847 0
165847 1
165847 2
165847 3
165847 5
165861 1
165862 0
165862 2
165862 4
165863 3
165877 0
165877 1
165877 2
165877 3
165877 5
165891 1
165892 0
165892 2
165892 4
165893 3
165907 0
165907 1
165907 2
165907 3
165907 5
165921 1
165922 0
165922 2
165922 4
165922 5
165923 3
165935 1
165936 4
165937 0
165937 2
165937 4
165939 3
165951 1
165952 0
165952 2
165952 4
165952 5
165953 3
165965 1
165966 4
165967 0
165967 2
165967 4
165969 3
165981 1
165982 0
165982 2
165982 4
165982 5
165983 3
165995 1
165996 4
165997 0
165997 2
165997 4
165999 3
166011 1
166012 0
166012 2
166012 4
166013 3
166027 0
166027 1
166027 2
166027 3
166027 5
166041 1
166042 0
166042 2
166042 4
166043 3
166057 0
166057 1
166057 2
166057 3
166057 5
166071 1
166072 0
166072 2
166072 4
166073 3
166086 0
166087 1
166087 3
166087 5
166088 2
166101 1
166102 0
166102 2
166102 4
166103 3
166116 0
166117 1
166117 3
166117 5
166118 2
166131 0
166131 1
166132 4
166133 2
166133 3
166146 0
166147 1
166147 3
166147 4
166148 2
166161 0
166161 3
166162 5
166163 1
166163 2
166176 0
166177 1
166177 3
166177 4
166178 2
166191 0
166191 3
166192 5
166193 1
166193 2
166207 0
166207 1
166207 2
166207 3
166207 4
166221 3
166222 0
166222 2
166222 5
166223 1
166237 0
166237 1
166237 2
166237 3
166237 4
166251 3
166252 0
166252 2
166252 5
166253 1
166267 0
166267 1
166267 2
166267 3
166267 4
166281 3
166282 0
166282 2
166282 5
166283 1
166297 0
166297 1
166297 2
166297 3
166297 4
166311 3
166312 0
166312 2
166312 4
166312 5
166313 1
166325 3
166326 5
166327 0
166327 2
166327 5
166329 1
166341 3
166342 0
166342 2
166342 4
166342 5
166343 1
166355 3
166356 5
166357 0
166357 2
166357 5
166359 1
166371 3
166372 0
166372 2
166372 5
166373 1
166387 0
166387 1
166387 2
166387 3
166387 4
166401 3
166402 0
166402 2
166402 5
166403 1
166417 0
166417 1
166417 2
166417 3
166417 4
166431 3
166432 0
166432 2
166432 5
166433 1
166447 0
166447 1
166447 2
166447 3
166447 4
166461 3
166462 0
166462 2
166462 5
166463 1
166476 2
166477 1
166477 3
166477 4
166478 0
166491 2
166491 3
166492 5
166493 0
166493 1
166506 2
166507 1
166507 3
166507 5
166508 0
166521 1
166521 2
166522 4
166523 0
166523 3
166536 2
166537 1
166537 3
166537 5
166538 0
166551 1
166551 2
166552 4
166553 0
166553 3
166567 0
166567 1
166567 2
166567 3
166567 5
166581 1
166582 0
166582 2
166582 4
166583 3
166597 0
166597 1
166597 2
166597 3
166597 5
166611 1
166612 0
166612 2
166612 4
166613 3
166627 0
166627 1
166627 2
166627 3
166627 5
166641 1
166642 0
166642 2
166642 4
166643 3
166657 0
166657 1
166657 2
166657 3
166657 5
166671 1
166672 0
166672 2
166672 4
166673 3
166687 0
166687 1
166687 2
166687 3
166687 5
166701 1
166702 0
166702 2
166702 4
166702 5
166703 3
166715 1
166716 4
166717 0
166717 2
166717 4
166719 3
166731 1
166732 0
166732 2
166732 4
166732 5
166733 3
166745 1
166746 4
166747 0
166747 2
166747 4
166749 3
166761 1
166762 0
166762 2
166762 4
166762 5
166763 3
166775 1
166776 4
166777 0
166777 2
166777 4
166779 3
166791 1
166792 0
166792 2
166792 4
166793 3
166807 0
166807 1
166807 2
166807 3
166807 5
166821 1
166822 0
166822 2
166822 4
166823 3
166837 0
166837 1
166837 2
166837 3
166837 5
166851 1
166852 0
166852 2
166852 4
166853 3
166866 0
166867 1
166867 3
166867 5
166868 2
166881 0
166881 1
166882 4
166883 2
166883 3
166896 0
166897 1
166897 3
166897 5
166898 2
166911 0
166911 1
166912 4
166913 2
166913 3
166926 0
166927 1
166927 3
166927 4
166928 2
166941 0
166941 3
166942 5
166943 1
166943 2
166956 0
166957 1
166957 3
166957 4
166958 2
166971 0
166971 3
166972 5
166973 1
166973 2
166987 0
166987 1
166987 2
166987 3
166987 4
167001 3
167002 0
167002 2
167002 4
167003 1
167015 3
167016 5
167017 0
167017 2
167017 5
167019 1
167031 3
167032 0
167032 2
167032 5
167033 1
167047 0
167047 1
167047 2
167047 3
167047 4
167061 3
167062 0
167062 2
167062 5
167063 1
167077 0
167077 1
167077 2
167077 3
167077 4
167091 3
167092 0
167092 2
167092 5
167093 1
167107 0
167107 1
167107 2
167107 3
167107 5
167121 1
167122 0
167122 2
167122 4
167123 3
167137 0
167137 1
167137 2
167137 3
167137 4
167151 3
167152 0
167152 2
167152 5
167153 1
167167 0
167167 1
167167 2
167167 3
167167 4
167181 3
167182 0
167182 2
167182 5
167183 1
167197 0
167197 1
167197 2
167197 3
167197 4
167211 3
167212 0
167212 2
167212 5
167213 1
167227 0
167227 1
167227 2
167227 3
167227 4
167241 3
167242 0
167242 2
167242 5
167243 1
167257 0
167257 1
167257 2
167257 3
167257 4
167271 3
167272 0
167272 2
167272 5
167273 1
167287 0
167287 1
167287 2
167287 3
167287 4
167301 3
167302 0
167302 2
167302 5
167303 1
167317 0
167317 1
167317 2
167317 3
167317 4
167331 3
167332 0
167332 2
167332 5
167333 1
167347 0
167347 1
167347 2
167347 3
167347 4
167361 3
167362 0
167362 2
167362 5
167363 1
167377 0
167377 1
167377 2
167377 3
167377 4
167391 3
167392 0
167392 2
167392 4
167392 5
167393 1
167405 3
167406 2
167406 5
167407 5
167408 0
167409 1
167421 2
167421 3
167422 5
167423 0
167423 1
167436 2
167437 1
167437 3
167437 5
167438 0
167451 1
167451 2
167452 4
167453 0
167453 3
167466 2
167467 1
167467 3
167467 5
167468 0
167481 1
167481 2
167482 4
167483 0
167483 3
167496 2
167497 1
167497 3
167497 5
167498 0
167511 1
167511 2
167512 5
167513 0
167513 3
167525 1
167526 2
167526 4
167527 4
167528 0
167529 3
167541 1
167542 0
167542 2
167542 4
167542 5
167543 3
167555 1
167556 4
167557 0
167557 2
167557 4
167559 3
167571 1
167572 0
167572 2
167572 4
167572 5
167573 3
167585 1
167586 4
167587 0
167587 2
167587 4
167589 3
167601 1
167602 0
167602 2
167602 4
167602 5
167603 3
167615 1
167616 4
167617 0
167617 2
167617 4
167619 3
167631 1
167632 0
167632 2
167632 4
167632 5
167633 3
167645 1
167646 4
167647 0
167647 2
167647 4
167649 3
167661 1
167662 0
167662 2
167662 4
167662 5
167663 3
167675 1
167676 4
167677 0
167677 2
167677 5
167679 3
167689 1
167690 4
167691 0
167692 4
167693 2
167695 3
167696 5
167705 1
167706 0
167706 4
167707 4
167708 2
167709 3
167721 0
167721 1
167722 4
167722 5
167723 2
167723 3
167735 1
167736 0
167736 4
167737 4
167738 2
167739 3
167751 0
167751 1
167752 4
167753 2
167753 3
167766 0
167767 1
167767 3
167767 4
167768 2
167781 0
167781 3
167782 5
167783 1
167783 2
167796 0
167797 1
167797 3
167797 4
167798 2
167811 0
167811 3
167812 5
167813 1
167813 2
167826 0
167827 1
167827 3
167827 4
167828 2
167841 0
167841 3
167842 4
167843 1
167843 2
167855 3
167856 0
167857 5
167858 2
167859 1
167871 0
167871 3
167872 4
167873 1
167873 2
167885 3
167886 0
167887 5
167888 2
167889 1
167901 0
167901 3
167902 5
167903 1
167903 2
167916 0
167917 1
167917 3
167917 4
167918 2
167931 0
167932 1
167932 3
167932 4
167933 2
167946 0
167946 3
167947 4
167948 1
167948 2
167960 3
167962 0
167962 2
167962 5
167964 1
167976 3
167977 0
167977 2
167977 4
167977 5
167978 1
167990 3
167991 5
167992 0
167992 2
167992 5
167994 1
168006 3
168007 0
168007 2
168007 4
168007 5
168008 1
168020 3
168021 5
168022 0
168022 2
168022 5
168024 1
168036 2
168036 3
168037 4
168037 5
168038 0
168038 1
168049 3
168050 5
168051 2
168052 5
168053 0
168055 1
168056 4
168065 3
168066 2
168066 5
168067 5
168068 0
168069 1
