48517 0
48517 1
48517 2
48517 3
48517 5
48531 1
48532 0
48532 2
48532 4
48533 3
48547 0
48547 1
48547 2
48547 3
48547 4
48561 3
48562 0
48562 2
48562 4
48562 5
48563 1
48575 3
48576 5
48577 0
48577 2
48577 5
48579 1
48591 3
48592 0
48592 2
48592 4
48592 5
48593 1
48605 3
48606 5
48607 0
48607 2
48607 5
48609 1
48621 3
48622 0
48622 2
48622 4
48622 5
48623 1
48635 3
48636 5
48637 0
48637 2
48637 5
48639 1
48651 3
48652 0
48652 2
48652 4
48652 5
48653 1
48665 3
48666 5
48667 0
48667 2
48667 5
48669 1
48681 2
48681 3
48682 4
48682 5
48683 0
48683 1
48695 3
48696 2
48696 5
48697 5
48698 0
48699 1
48711 2
48711 3
48712 5
48713 0
48713 1
48726 2
48727 1
48727 3
48727 4
48728 0
48741 2
48741 3
48742 5
48743 0
48743 1
48756 2
48757 1
48757 3
48757 4
48758 0
48771 2
48771 3
48772 5
48773 0
48773 1
48786 2
48787 1
48787 3
48787 5
48788 0
48801 1
48801 2
48802 4
48803 0
48803 3
48816 2
48817 1
48817 3
48817 5
48818 0
48831 1
48831 2
48832 4
48833 0
48833 3
48846 2
48846 3
48847 5
48848 0
48848 1
48861 2
48862 1
48862 3
48862 5
48863 0
48876 1
48876 2
48877 5
48878 0
48878 3
48890 1
48891 2
48891 4
48892 4
48893 0
48894 3
48906 1
48906 2
48907 5
48908 0
48908 3
48920 1
48921 2
48921 4
48922 5
48923 0
48924 3
48934 1
48935 4
48937 0
48937 2
48937 4
48940 3
48950 1
48951 4
48952 0
48952 2
48952 4
48954 3
48966 1
48967 0
48967 2
48967 4
48968 3
48982 0
48982 1
48982 2
48982 3
48982 5
48996 1
48997 0
48997 2
48997 4
48997 5
48998 3
49010 1
49011 4
49012 0
49012 2
49012 4
49014 3
49026 1
49027 0
49027 2
49027 4
49027 5
49028 3
49040 1
49041 0
49041 4
49042 4
49043 2
49044 3
49056 0
49056 1
49057 4
49057 5
49058 2
49058 3
49070 1
49071 0
49071 4
49072 5
49073 2
49074 3
49084 1
49085 4
49086 0
49087 4
49088 2
49090 3
49100 1
49101 0
49101 4
49102 4
49103 2
49104 3
49115 0
49116 1
49117 4
49117 5
49118 3
49119 2
49129 1
49130 0
49130 4
49132 4
49134 2
49135 3
49136 5
49145 0
49145 1
49146 4
49147 4
49149 2
49149 3
49150 5
49160 0
49161 1
49162 4
49163 3
49164 2
49175 0
49177 1
49177 3
49177 4
49179 2
49190 0
49191 3
49192 4
49193 1
49194 2
49205 0
49205 3
49207 5
49209 1
49209 2
49220 0
49221 3
49222 4
49223 1
49224 2
49235 0
49235 3
49237 4
49239 1
49239 2
49249 3
49250 0
49252 4
49254 2
49255 1
49264 3
49266 0
49267 5
49268 2
49270 1
49280 3
49281 0
49282 5
49283 2
49284 1
49296 0
49296 3
49297 4
49298 1
49298 2
49310 3
49311 0
49312 4
49313 2
49314 1
49324 3
49326 0
49327 4
49328 2
49330 1
49338 3
49339 5
49342 0
49342 2
49342 5
49346 1
49354 3
49355 5
49357 0
49357 2
49357 4
49360 1
49368 3
49369 5
49372 0
49372 2
49372 4
49376 1
49382 3
49383 5
49386 2
49387 5
49388 0
49392 1
49393 4
49398 3
49399 5
49401 2
49402 5
49403 0
49406 1
49407 4
49414 3
49415 2
49415 5
49417 5
49419 0
49420 1
49421 4
49430 2
49430 3
49431 5
49432 5
49434 0
49434 1
49435 4
49445 2
49446 3
49447 4
49447 5
49448 1
49449 0
49459 3
49460 2
49460 5
49462 4
49464 0
49465 1
49466 4
49473 3
49474 2
49474 5
49477 5
49480 0
49481 1
49482 4
49489 2
49489 3
49490 5
49492 5
49495 0
49495 1
49496 4
49504 2
49505 3
49506 5
49507 5
49509 1
49510 0
49511 4
49519 2
49521 3
49522 5
49523 1
49525 0
49526 4
49533 2
49536 3
49537 5
49538 1
49541 0
49542 4
