126922 0
126922 1
126922 2
126922 3
126922 5
126936 1
126937 0
126937 2
126937 4
126938 3
126952 0
126952 1
126952 2
126952 3
126952 5
126966 1
126967 0
126967 2
126967 4
126968 3
126982 0
126982 1
126982 2
126982 3
126982 5
126996 1
126997 0
126997 2
126997 4
126998 3
127012 0
127012 1
127012 2
127012 3
127012 5
127026 1
127027 0
127027 2
127027 4
127028 3
127042 0
127042 1
127042 2
127042 3
127042 5
127056 1
127057 0
127057 2
127057 4
127058 3
127072 0
127072 1
127072 2
127072 3
127072 5
127086 1
127087 0
127087 2
127087 4
127088 3
127102 0
127102 1
127102 2
127102 3
127102 5
127116 1
127117 0
127117 2
127117 4
127118 3
127132 0
127132 1
127132 2
127132 3
127132 5
127146 1
127147 0
127147 2
127147 4
127148 3
127162 0
127162 1
127162 2
127162 3
127162 5
127176 1
127177 0
127177 2
127177 4
127178 3
127192 0
127192 1
127192 2
127192 3
127192 5
127206 1
127207 0
127207 2
127207 4
127208 3
127222 0
127222 1
127222 2
127222 3
127222 5
127236 1
127237 0
127237 2
127237 4
127238 3
127252 0
127252 1
127252 2
127252 3
127252 5
127266 1
127267 0
127267 2
127267 4
127268 3
127282 0
127282 1
127282 2
127282 3
127282 5
127296 1
127297 0
127297 2
127297 4
127298 3
127312 0
127312 1
127312 2
127312 3
127312 5
127326 1
127327 0
127327 2
127327 4
127328 3
127342 0
127342 1
127342 2
127342 3
127342 5
127356 1
127357 0
127357 2
127357 4
127358 3
127372 0
127372 1
127372 2
127372 3
127372 5
127386 1
127387 0
127387 2
127387 4
127388 3
127402 0
127402 1
127402 2
127402 3
127402 5
127416 1
127417 0
127417 2
127417 4
127418 3
127432 0
127432 1
127432 2
127432 3
127432 5
127446 1
127447 0
127447 2
127447 4
127448 3
127462 0
127462 1
127462 2
127462 3
127462 5
127476 1
127477 0
127477 2
127477 4
127478 3
127492 0
127492 1
127492 2
127492 3
127492 4
127506 3
127507 0
127507 2
127507 5
127508 1
127522 0
127522 1
127522 2
127522 3
127522 4
127536 3
127537 0
127537 2
127537 5
127538 1
127552 0
127552 1
127552 2
127552 3
127552 4
127566 3
127567 0
127567 2
127567 5
127568 1
127582 0
127582 1
127582 2
127582 3
127582 4
127596 3
127597 0
127597 2
127597 5
127598 1
127612 0
127612 1
127612 2
127612 3
127612 4
127626 3
127627 0
127627 2
127627 5
127628 1
127642 0
127642 1
127642 2
127642 3
127642 4
127656 3
127657 0
127657 2
127657 5
127658 1
127672 0
127672 1
127672 2
127672 3
127672 4
127686 3
127687 0
127687 2
127687 5
127688 1
127702 0
127702 1
127702 2
127702 3
127702 4
127716 3
127717 0
127717 2
127717 5
127718 1
127732 0
127732 1
127732 2
127732 3
127732 4
127746 3
127747 0
127747 2
127747 4
127747 5
127748 1
127760 3
127761 5
127762 0
127762 2
127762 5
127764 1
127776 2
127776 3
127777 5
127778 0
127778 1
127791 2
127792 1
127792 3
127792 5
127793 0
127806 1
127806 2
127807 4
127808 0
127808 3
127821 2
127822 1
127822 3
127822 5
127823 0
127836 1
127836 2
127837 4
127838 0
127838 3
127851 2
127852 1
127852 3
127852 5
127853 0
127866 1
127866 2
127867 5
127868 0
127868 3
127880 1
127881 2
127881 4
127882 4
127883 0
127884 3
127896 1
127897 0
127897 2
127897 4
127897 5
127898 3
127910 1
127911 4
127912 0
127912 2
127912 4
127914 3
127927 0
127927 1
127927 2
127927 3
127927 5
127941 1
127942 0
127942 2
127942 4
127943 3
127957 0
127957 1
127957 2
127957 3
127957 5
127971 1
127972 0
127972 2
127972 4
127973 3
127987 0
127987 1
127987 2
127987 3
127987 5
128001 1
128002 0
128002 2
128002 4
128003 3
128017 0
128017 1
128017 2
128017 3
128017 5
128031 1
128032 0
128032 2
128032 4
128033 3
128047 0
128047 1
128047 2
128047 3
128047 5
128060 1
128061 4
128062 0
128062 2
128062 4
128064 3
128076 0
128076 1
128077 4
128077 5
128078 2
128078 3
128090 1
128091 0
128091 4
128092 4
128093 2
128094 3
128106 0
128106 1
128107 4
128108 2
128108 3
128121 0
128122 1
128122 3
128122 5
128123 2
128136 0
128136 1
128137 4
128138 2
128138 3
128151 0
128152 1
128152 3
128152 5
128153 2
128166 0
128166 1
128167 4
128168 2
128168 3
128181 0
128182 1
128182 3
128182 4
128183 2
128196 0
128196 3
128197 5
128198 1
128198 2
128211 0
128212 1
128212 3
128212 4
128213 2
128226 0
128226 3
128227 5
128228 1
128228 2
128241 0
128242 1
128242 3
128242 4
128243 2
128256 0
128256 3
128257 4
128258 1
128258 2
128270 3
128271 0
128271 5
128272 5
128273 2
128274 1
128286 3
128287 0
128287 2
128287 4
128287 5
128288 1
128300 3
128301 5
128302 0
128302 2
128302 5
128304 1
128316 3
128317 0
128317 2
128317 4
128317 5
128318 1
128330 3
128331 5
128332 0
128332 2
128332 5
128334 1
128346 3
128347 0
128347 2
128347 4
128347 5
128348 1
128360 3
128361 5
128362 0
128362 2
128362 5
128364 1
128376 3
128377 0
128377 2
128377 4
128377 5
128378 1
128390 3
128391 5
128392 0
128392 2
128392 5
128394 1
128406 3
128407 0
128407 2
128407 4
128407 5
128408 1
128420 3
128421 2
128421 5
128422 5
128423 0
128424 1
128436 2
128436 3
128437 4
128437 5
128438 0
128438 1
128450 3
128451 2
128451 5
128452 5
128453 0
128454 1
128466 2
128466 3
128467 4
128467 5
128468 0
128468 1
128480 3
128481 2
128481 5
128482 5
128483 0
128484 1
128496 2
128496 3
128497 5
128498 0
128498 1
128511 2
128512 1
128512 3
128512 5
128513 0
128526 1
128526 2
128527 4
128528 0
128528 3
128541 2
128542 1
128542 3
128542 5
128543 0
128556 1
128556 2
128557 5
128558 0
128558 3
128570 1
128571 2
128572 4
128573 0
128574 3
128586 2
128587 1
128587 3
128587 5
128588 0
128601 1
128601 2
128602 5
128603 0
128603 3
128615 1
128616 2
128617 4
128618 0
128619 3
128631 1
128631 2
128632 5
128633 0
128633 3
128645 1
128646 2
128647 4
128648 0
128649 3
128661 1
128662 0
128662 2
128662 5
128663 3
128675 1
128677 0
128677 2
128677 4
128679 3
128691 1
128692 0
128692 2
128692 5
128693 3
128705 1
128707 0
128707 2
128707 4
128709 3
128721 1
128722 0
128722 2
128722 5
128723 3
128735 1
128737 0
128737 2
128737 4
128739 3
128751 0
128751 1
128752 4
128752 5
128753 2
128753 3
128765 1
128766 0
128767 4
128768 2
128769 3
128770 5
128781 0
128781 1
128782 4
128783 2
128783 3
128796 0
128797 1
128797 3
128797 5
128798 2
128811 0
128811 1
128812 4
128813 2
128813 3
128826 0
128826 1
128827 4
128828 2
128828 3
128841 0
128842 1
128842 3
128842 5
128843 2
128856 0
128856 1
128857 4
128858 2
128858 3
128871 0
128872 1
128872 3
128872 4
128873 2
128886 0
128886 3
128887 5
128888 1
128888 2
128901 0
128902 1
128902 3
128902 4
128903 2
128916 0
128916 3
128917 5
128918 1
128918 2
128931 0
128932 1
128932 3
128932 4
128933 2
128946 0
128946 3
128947 4
128948 1
128948 2
128960 3
128961 0
128961 5
128962 5
128963 2
128964 1
128976 0
128976 3
128977 4
128978 1
128978 2
128990 3
128991 0
128991 5
128992 4
128993 2
128994 1
129004 3
129005 5
129006 0
129007 5
129008 2
129010 1
129020 3
129021 5
129022 0
129022 2
129022 4
129024 1
129034 3
129035 5
129037 0
129037 2
129037 5
129040 1
129050 3
129051 5
129052 0
129052 2
129052 4
129054 1
129064 3
129065 5
129067 0
129067 2
129067 5
129070 1
129080 3
129081 5
129082 0
129082 2
129082 4
129084 1
129094 3
129095 5
129097 0
129097 2
129097 5
129100 1
129110 3
129111 2
129111 5
129112 5
129113 0
129114 1
129126 2
129126 3
129127 4
129127 5
129128 0
129128 1
129140 3
129141 2
129141 5
129142 5
129143 0
129144 1
129156 2
129156 3
129157 4
129157 5
129158 0
129158 1
129170 3
129171 2
129171 5
129172 5
129173 0
129174 1
129186 2
129186 3
129187 5
129188 0
129188 1
129201 2
129202 1
129202 3
129202 4
129203 0
129216 2
129216 3
129217 5
129218 0
129218 1
129230 2
129232 1
129232 3
129232 5
129234 0
129245 2
129246 1
129247 4
129248 3
129249 0
129261 2
129262 1
129262 3
129262 5
129263 0
129276 1
129276 2
129277 5
129278 0
129278 3
129290 1
129291 2
129292 4
129293 0
129294 3
129306 2
129307 1
129307 3
129307 4
129308 0
129321 2
129321 3
129322 5
129323 0
129323 1
129336 2
129337 1
129337 3
129337 5
129338 0
129351 1
129351 2
129352 5
129353 0
129353 3
129365 1
129366 2
129367 5
129368 0
129369 3
129379 1
129381 2
129382 4
129383 0
129385 3
129395 1
129396 2
129397 5
129398 0
129399 3
129409 1
129412 0
129412 2
129412 4
129415 3
129425 1
129427 0
129427 2
129427 5
129429 3
129439 1
129442 0
129442 2
129442 4
129445 3
129455 1
129457 0
129457 2
129457 5
129459 3
129469 1
129472 0
129472 2
129472 4
129475 3
129485 1
129486 0
129487 4
129487 5
129488 2
129489 3
129499 1
129501 0
129502 4
129503 2
129505 3
129506 5
129515 1
129516 0
129517 4
129518 2
129519 3
129520 5
129531 0
129531 1
129532 4
129532 5
129533 2
129533 3
129545 1
129546 0
129547 4
129548 2
129549 3
129550 5
129560 0
129561 1
129562 4
129563 3
129564 2
129565 5
129575 0
129577 1
129577 3
129577 5
129579 2
129590 0
129591 1
129592 4
129592 5
129593 3
129594 2
129604 1
129605 0
129605 4
129607 4
129609 2
129610 3
129611 5
129620 0
129620 1
129621 4
129622 4
129624 2
129624 3
129625 5
129635 0
129636 1
129637 4
129638 3
129639 2
129640 5
129650 0
129651 4
129652 1
129652 3
129652 4
129654 2
129665 0
129666 3
129666 4
129667 4
129668 1
129669 2
129680 0
129680 3
129682 4
129684 1
129684 2
129694 3
129695 0
129695 5
129697 4
129699 2
129700 1
129709 3
129710 0
129710 5
129712 5
129714 2
129715 1
129725 0
129725 3
129727 4
129729 1
129729 2
129739 3
129740 5
129741 0
129742 4
129743 2
129745 1
129753 3
129754 5
129756 0
129757 5
129758 2
129761 1
129769 3
129770 5
129771 0
129772 5
129773 2
129775 1
129785 3
129786 5
129787 0
129787 2
129787 4
129789 1
129799 3
129800 5
129802 0
129802 2
129802 4
129805 1
129813 3
129814 5
129817 0
129817 2
129817 5
129821 1
129829 3
129830 5
129832 0
129832 2
129832 4
129835 1
129843 3
129844 5
129846 2
129847 5
129848 0
129851 1
129852 4
129859 3
129860 5
129861 2
129862 4
129863 0
129865 1
129866 4
129873 3
129874 5
129876 2
129877 5
129878 0
129881 1
129882 4
129889 3
129890 2
129890 5
129892 5
129894 0
129895 1
129896 4
129905 2
129905 3
129906 5
129907 4
129909 0
129909 1
129910 4
129919 3
129920 2
129920 5
129922 4
129924 0
129925 1
129926 4
