40027 0
40027 1
40027 2
40027 3
40027 5
40041 1
40042 0
40042 2
40042 4
40043 3
40057 0
40057 1
40057 2
40057 3
40057 5
40071 1
40072 0
40072 2
40072 4
40073 3
40087 0
40087 1
40087 2
40087 3
40087 5
40101 1
40102 0
40102 2
40102 4
40103 3
40117 0
40117 1
40117 2
40117 3
40117 4
40131 3
40132 0
40132 2
40132 5
40133 1
40147 0
40147 1
40147 2
40147 3
40147 4
40161 3
40162 0
40162 2
40162 5
40163 1
40177 0
40177 1
40177 2
40177 3
40177 4
40191 3
40192 0
40192 2
40192 5
40193 1
40207 0
40207 1
40207 2
40207 3
40207 4
40221 3
40222 0
40222 2
40222 5
40223 1
40237 0
40237 1
40237 2
40237 3
40237 4
40251 3
40252 0
40252 2
40252 5
40253 1
40267 0
40267 1
40267 2
40267 3
40267 4
40281 3
40282 0
40282 2
40282 5
40283 1
40296 2
40297 1
40297 3
40297 5
40298 0
40311 1
40311 2
40312 4
40313 0
40313 3
40327 0
40327 1
40327 2
40327 3
40327 4
40341 3
40342 0
40342 2
40342 4
40342 5
40343 1
40355 3
40356 2
40356 5
40357 4
40358 0
40359 1
40369 3
40370 5
40371 2
40372 5
40373 0
40375 1
40376 4
40385 3
40386 2
40386 5
40387 5
40388 0
40389 1
40400 3
40401 2
40401 5
40402 5
40403 0
40404 1
40415 2
40416 3
40417 5
40418 1
40419 0
40420 4
40430 2
40432 1
40432 3
40432 5
40434 0
40445 2
40446 1
40447 4
40448 3
40449 0
40461 2
40462 1
40462 3
40462 5
40463 0
40476 1
40476 2
40477 5
40478 0
40478 3
40490 1
40491 2
40491 4
40492 5
40493 0
40494 3
40504 1
40505 4
40506 2
40507 5
40508 0
40510 3
40518 1
40519 4
40521 2
40522 4
40523 0
40526 3
40534 1
40535 4
40537 0
40537 2
40537 5
40540 3
40548 1
40549 4
40552 0
40552 2
40552 4
40556 3
40564 1
40565 4
40567 0
40567 2
40567 5
40570 3
40578 1
40579 4
40582 0
40582 2
40582 5
40586 3
40592 1
40593 4
40596 0
40597 4
40598 2
40602 3
40608 1
40609 4
40611 0
40612 4
40613 2
40616 3
40624 1
40625 0
40625 4
40627 5
40629 2
40630 3
40631 5
40638 1
40639 4
40640 0
40642 4
40644 2
40646 3
40647 5
40654 1
40655 0
40655 4
40657 4
40659 2
40660 3
40661 5
40669 0
40670 1
40671 4
40672 4
40674 3
40675 2
40684 0
40686 1
40687 4
40688 3
40690 2
40699 0
40701 1
40702 4
40703 3
40705 2
40714 0
40717 1
40717 3
40717 4
40720 2
40729 0
40731 3
40732 4
40733 1
40735 2
40744 0
40745 3
40747 5
40749 1
40750 2
40759 0
40761 3
40762 4
40763 1
40765 2
40774 0
40776 3
40777 4
40778 1
40780 2
40790 0
40790 3
40792 4
40794 1
40794 2
40804 3
40805 0
40805 5
40807 4
40809 2
40810 1
40818 3
40819 5
40820 0
40822 4
40824 2
40826 1
40832 3
40833 5
40835 0
40837 5
40839 2
40842 1
40848 3
40849 5
40851 0
40852 4
40853 2
40856 1
40862 3
40863 5
40866 0
40867 5
40868 2
40872 1
40878 3
40879 5
40882 0
40882 2
40882 4
40886 1
40892 3
40893 5
40897 0
40897 2
40897 5
40902 1
40908 3
40909 5
40911 2
40912 4
40913 0
40916 1
40917 4
40922 3
40923 5
40926 2
40927 5
40928 0
40932 1
40933 4
40938 3
40939 5
40941 2
40942 5
40943 0
40946 1
40947 4
40954 3
40955 2
40955 5
40957 4
40959 0
40960 1
40961 4
40968 3
40969 5
40970 2
40972 5
40974 0
40976 1
40977 4
40984 3
40985 2
40985 5
40987 5
40989 0
40990 1
40991 4
40999 2
41000 3
41001 5
41002 5
41004 1
41005 0
41006 4
41014 2
41016 3
41017 5
41018 1
41020 0
41021 4
41029 2
41031 3
41032 5
41033 1
41035 0
41036 4
41044 2
41047 1
41047 3
41047 4
41050 0
41059 2
41061 3
41062 4
41062 5
41063 1
41065 0
41074 2
41075 3
41076 5
41077 5
41079 1
41080 0
41081 4
41089 2
41091 3
41092 5
41093 1
41095 0
41096 4
41104 2
41106 3
41107 5
41108 1
41110 0
41111 4
41118 2
41122 1
41122 3
41122 5
41126 0
