39127 0
39127 1
39127 2
39127 3
39127 5
39141 1
39142 0
39142 2
39142 4
39143 3
39157 0
39157 1
39157 2
39157 3
39157 4
39171 3
39172 0
39172 2
39172 5
39173 1
39187 0
39187 1
39187 2
39187 3
39187 5
39201 1
39202 0
39202 2
39202 4
39203 3
39217 0
39217 1
39217 2
39217 3
39217 5
39231 1
39232 0
39232 2
39232 4
39233 3
39247 0
39247 1
39247 2
39247 3
39247 5
39261 1
39262 0
39262 2
39262 4
39263 3
39277 0
39277 1
39277 2
39277 3
39277 5
39291 1
39292 0
39292 2
39292 4
39293 3
39307 0
39307 1
39307 2
39307 3
39307 5
39321 1
39322 0
39322 2
39322 4
39323 3
39337 0
39337 1
39337 2
39337 3
39337 5
39351 1
39352 0
39352 2
39352 4
39353 3
39367 0
39367 1
39367 2
39367 3
39367 5
39381 1
39382 0
39382 2
39382 4
39383 3
39397 0
39397 1
39397 2
39397 3
39397 5
39411 1
39412 0
39412 2
39412 4
39413 3
39426 0
39427 1
39427 3
39427 4
39428 2
39441 0
39441 3
39442 5
39443 1
39443 2
39457 0
39457 1
39457 2
39457 3
39457 4
39471 3
39472 0
39472 2
39472 5
39473 1
39487 0
39487 1
39487 2
39487 3
39487 4
39501 3
39502 0
39502 2
39502 5
39503 1
39517 0
39517 1
39517 2
39517 3
39517 4
39531 3
39532 0
39532 2
39532 5
39533 1
39547 0
39547 1
39547 2
39547 3
39547 4
39561 3
39562 0
39562 2
39562 5
39563 1
39577 0
39577 1
39577 2
39577 3
39577 5
39591 1
39592 0
39592 2
39592 4
39593 3
39607 0
39607 1
39607 2
39607 3
39607 5
39620 1
39621 0
39621 4
39622 4
39623 2
39624 3
39636 0
39636 1
39637 4
39637 5
39638 2
39638 3
39650 1
39651 0
39651 4
39652 5
39653 2
39654 3
39664 1
39665 4
39666 0
39667 4
39668 2
39670 3
39680 1
39681 0
39681 4
39682 4
39683 2
39684 3
39696 0
39696 1
39697 4
39697 5
39698 2
39698 3
39710 1
39711 0
39711 4
39712 5
39713 2
39714 3
39724 1
39725 0
39725 4
39727 4
39729 2
39730 3
39731 5
39740 0
39740 1
39741 4
39742 4
39744 2
39744 3
39755 0
39756 1
39756 4
39757 4
39758 3
39759 2
39770 0
39771 4
39772 1
39772 3
39772 4
39774 2
39785 0
39786 3
39786 4
39787 4
39788 1
39789 2
39800 0
39801 3
39801 4
39802 4
39803 1
39804 2
39815 0
39815 3
39817 4
39819 1
39819 2
39829 3
39830 0
39832 4
39834 2
39835 1
39843 3
39846 0
39847 4
39848 2
39851 1
39857 3
39861 0
39862 4
39863 2
39867 1
39871 3
39876 0
39877 5
39878 2
39883 1
39887 3
39892 0
39892 2
39892 4
39897 1
39901 3
39907 0
39907 2
39907 5
39913 1
39917 3
39921 2
39922 5
39923 0
39927 1
39928 4
39933 3
39936 2
39937 4
39938 0
39941 1
39942 4
39947 3
39948 5
39950 2
39952 4
39954 0
39957 1
39958 4
39961 3
39962 5
39965 2
39967 5
39969 0
39973 1
39974 4
39977 3
39978 5
39979 2
39982 5
39985 0
39987 1
39988 4
39992 3
39993 5
39994 2
39997 4
40000 0
40002 1
40003 4
40006 3
40007 5
40008 2
40012 4
40016 0
40018 1
40019 4
