256012 0
256012 1
256012 2
256012 3
256012 4
256026 3
256027 0
256027 2
256027 5
256028 1
256042 0
256042 1
256042 2
256042 3
256042 4
256056 3
256057 0
256057 2
256057 5
256058 1
256072 0
256072 1
256072 2
256072 3
256072 4
256086 3
256087 0
256087 2
256087 5
256088 1
256102 0
256102 1
256102 2
256102 3
256102 4
256116 3
256117 0
256117 2
256117 5
256118 1
256132 0
256132 1
256132 2
256132 3
256132 4
256146 3
256147 0
256147 2
256147 5
256148 1
256162 0
256162 1
256162 2
256162 3
256162 4
256176 3
256177 0
256177 2
256177 5
256178 1
256192 0
256192 1
256192 2
256192 3
256192 4
256206 3
256207 0
256207 2
256207 5
256208 1
256222 0
256222 1
256222 2
256222 3
256222 4
256236 3
256237 0
256237 2
256237 5
256238 1
256252 0
256252 1
256252 2
256252 3
256252 4
256266 3
256267 0
256267 2
256267 5
256268 1
256281 2
256282 1
256282 3
256282 5
256283 0
256296 1
256296 2
256297 4
256298 0
256298 3
256312 0
256312 1
256312 2
256312 3
256312 5
256326 1
256327 0
256327 2
256327 4
256328 3
256342 0
256342 1
256342 2
256342 3
256342 5
256356 1
256357 0
256357 2
256357 4
256358 3
256372 0
256372 1
256372 2
256372 3
256372 5
256386 1
256387 0
256387 2
256387 4
256388 3
256402 0
256402 1
256402 2
256402 3
256402 5
256416 1
256417 0
256417 2
256417 4
256418 3
256432 0
256432 1
256432 2
256432 3
256432 5
256446 1
256447 0
256447 2
256447 4
256448 3
256462 0
256462 1
256462 2
256462 3
256462 5
256476 1
256477 0
256477 2
256477 4
256477 5
256478 3
256490 1
256491 4
256492 0
256492 2
256492 4
256494 3
256506 1
256507 0
256507 2
256507 4
256507 5
256508 3
256520 1
256521 4
256522 0
256522 2
256522 4
256524 3
256536 1
256537 0
256537 2
256537 4
256538 3
256552 0
256552 1
256552 2
256552 3
256552 5
256566 1
256567 0
256567 2
256567 4
256568 3
256582 0
256582 1
256582 2
256582 3
256582 5
256596 1
256597 0
256597 2
256597 4
256598 3
256611 0
256612 1
256612 3
256612 5
256613 2
256626 0
256626 1
256627 4
256628 2
256628 3
256641 0
256642 1
256642 3
256642 5
256643 2
256656 0
256656 1
256657 4
256658 2
256658 3
256671 0
256672 1
256672 3
256672 4
256673 2
256686 0
256686 3
256687 5
256688 1
256688 2
256701 0
256702 1
256702 3
256702 4
256703 2
256716 0
256716 3
256717 5
256718 1
256718 2
256731 0
256732 1
256732 3
256732 4
256733 2
256746 0
256746 3
256747 5
256748 1
256748 2
256762 0
256762 1
256762 2
256762 3
256762 4
256776 3
256777 0
256777 2
256777 4
256777 5
256778 1
256790 3
256791 5
256792 0
256792 2
256792 5
256794 1
256806 3
256807 0
256807 2
256807 4
256807 5
256808 1
256820 3
256821 5
256822 0
256822 2
256822 5
256824 1
256836 3
256837 0
256837 2
256837 4
256837 5
256838 1
256850 3
256851 5
256852 0
256852 2
256852 5
256854 1
256866 3
256867 0
256867 2
256867 4
256867 5
256868 1
256880 3
256881 5
256882 0
256882 2
256882 5
256884 1
256896 3
256897 0
256897 2
256897 4
256897 5
256898 1
256910 3
256911 5
256912 0
256912 2
256912 5
256914 1
256926 2
256926 3
256927 5
256928 0
256928 1
256941 2
256942 1
256942 3
256942 4
256943 0
256956 2
256956 3
256957 5
256958 0
256958 1
256971 2
256972 1
256972 3
256972 4
256973 0
256986 2
256986 3
256987 5
256988 0
256988 1
257001 2
257002 1
257002 3
257002 5
257003 0
257016 1
257016 2
257017 4
257018 0
257018 3
257031 2
257032 1
257032 3
257032 5
257033 0
257046 1
257046 2
257047 4
257048 0
257048 3
257061 2
257062 1
257062 3
257062 5
257063 0
257076 1
257076 2
257077 4
257078 0
257078 3
257091 2
257092 1
257092 3
257092 5
257093 0
257106 1
257106 2
257107 5
257108 0
257108 3
257120 1
257121 2
257122 4
257123 0
257124 3
257136 1
257137 0
257137 2
257137 4
257137 5
257138 3
257150 1
257151 4
257152 0
257152 2
257152 4
257154 3
257166 1
257167 0
257167 2
257167 4
257167 5
257168 3
257180 1
257181 4
257182 0
257182 2
257182 4
257184 3
257196 1
257197 0
257197 2
257197 4
257197 5
257198 3
257210 1
257211 4
257212 0
257212 2
257212 4
257214 3
257226 1
257227 0
257227 2
257227 4
257227 5
257228 3
257240 1
257241 4
257242 0
257242 2
257242 4
257244 3
257256 1
257257 0
257257 2
257257 4
257257 5
257258 3
257270 1
257271 0
257271 4
257272 4
257273 2
257274 3
257286 0
257286 1
257287 4
257288 2
257288 3
257301 0
257302 1
257302 3
257302 5
257303 2
257316 0
257316 1
257317 4
257318 2
257318 3
257331 0
257332 1
257332 3
257332 5
257333 2
257346 0
257346 1
257347 4
257348 2
257348 3
257361 0
257362 1
257362 3
257362 4
257363 2
257376 0
257376 3
257377 5
257378 1
257378 2
257391 0
257392 1
257392 3
257392 4
257393 2
257406 0
257406 3
257407 5
257408 1
257408 2
257421 0
257422 1
257422 3
257422 4
257423 2
257436 0
257436 3
257437 5
257438 1
257438 2
257451 0
257452 1
257452 3
257452 4
257453 2
257466 0
257466 3
257467 4
257468 1
257468 2
257480 3
257481 0
257482 5
257483 2
257484 1
257496 3
257497 0
257497 2
257497 4
257498 1
257510 3
257511 5
257512 0
257512 2
257512 5
257514 1
257526 3
257527 0
257527 2
257527 4
257527 5
257528 1
257540 3
257541 5
257542 0
257542 2
257542 5
257544 1
257556 3
257557 0
257557 2
257557 4
257557 5
257558 1
257570 3
257571 5
257572 0
257572 2
257572 5
257574 1
257586 3
257587 0
257587 2
257587 4
257587 5
257588 1
257600 3
257601 5
257602 0
257602 2
257602 5
257604 1
257616 3
257617 0
257617 2
257617 4
257617 5
257618 1
257630 3
257631 5
257632 0
257632 2
257632 5
257634 1
257646 2
257646 3
257647 4
257647 5
257648 0
257648 1
257660 3
257661 2
257661 5
257662 5
257663 0
257664 1
257676 2
257676 3
257677 5
257678 0
257678 1
257691 2
257692 1
257692 3
257692 4
257693 0
257706 2
257706 3
257707 5
257708 0
257708 1
257721 2
257722 1
257722 3
257722 4
257723 0
257736 2
257736 3
257737 5
257738 0
257738 1
257751 2
257752 1
257752 3
257752 5
257753 0
257766 1
257766 2
257767 4
257768 0
257768 3
257781 2
257782 1
257782 3
257782 5
257783 0
257796 1
257796 2
257797 4
257798 0
257798 3
257811 2
257812 1
257812 3
257812 5
257813 0
257826 1
257826 2
257827 5
257828 0
257828 3
257840 1
257841 2
257842 4
257843 0
257844 3
257856 1
257856 2
257857 5
257858 0
257858 3
257870 1
257871 2
257872 4
257873 0
257874 3
257886 1
257887 0
257887 2
257887 5
257888 3
257900 1
257902 0
257902 2
257902 4
257904 3
257917 0
257917 1
257917 2
257917 3
257917 5
257931 1
257932 0
257932 2
257932 4
257933 3
257947 0
257947 1
257947 2
257947 3
257947 5
257961 1
257962 0
257962 2
257962 4
257963 3
257977 0
257977 1
257977 2
257977 3
257977 5
257991 1
257992 0
257992 2
257992 4
257993 3
258007 0
258007 1
258007 2
258007 3
258007 5
258020 1
258021 4
258022 0
258022 2
258022 4
258024 3
258036 0
258036 1
258037 4
258037 5
258038 2
258038 3
258050 1
258051 0
258051 4
258052 4
258053 2
258054 3
258066 0
258066 1
258067 4
258067 5
258068 2
258068 3
258080 1
258081 0
258081 4
258082 4
258083 2
258084 3
258096 0
258096 1
258097 4
258098 2
258098 3
258111 0
258112 1
258112 3
258112 5
258113 2
258126 0
258126 1
258127 4
258128 2
258128 3
258141 0
258142 1
258142 3
258142 5
258143 2
258156 0
258156 1
258157 4
258158 2
258158 3
258171 0
258172 1
258172 3
258172 4
258173 2
258186 0
258186 3
258187 5
258188 1
258188 2
258201 0
258202 1
258202 3
258202 4
258203 2
258216 0
258216 3
258217 4
258218 1
258218 2
258230 3
258231 0
258232 5
258233 2
258234 1
258246 0
258246 3
258247 4
258248 1
258248 2
258260 3
258261 0
258262 5
258263 2
258264 1
258276 0
258276 3
258277 4
258278 1
258278 2
258290 3
258291 0
258291 5
258292 5
258293 2
258294 1
258307 0
258307 1
258307 2
258307 3
258307 4
258321 3
258322 0
258322 2
258322 4
258322 5
258323 1
258335 3
258336 5
258337 0
258337 2
258337 5
258339 1
258351 3
258352 0
258352 2
258352 4
258352 5
258353 1
258365 3
258366 5
258367 0
258367 2
258367 5
258369 1
258381 3
258382 0
258382 2
258382 5
258383 1
258397 0
258397 1
258397 2
258397 3
258397 4
258411 2
258411 3
258412 5
258413 0
258413 1
258426 2
258427 1
258427 3
258427 4
258428 0
258440 3
258441 2
258441 5
258442 5
258443 0
258444 1
258456 2
258456 3
258457 4
258457 5
258458 0
258458 1
258470 3
258471 2
258471 5
258472 5
258473 0
258474 1
258486 2
258486 3
258487 5
258488 0
258488 1
258501 2
258502 1
258502 3
258502 4
258503 0
258516 2
258516 3
258517 5
258518 0
258518 1
258531 2
258532 1
258532 3
258532 5
258533 0
258546 1
258546 2
258547 4
258548 0
258548 3
258561 2
258562 1
258562 3
258562 5
258563 0
258576 1
258576 2
258577 4
258578 0
258578 3
258591 2
258592 1
258592 3
258592 5
258593 0
258606 1
258606 2
258607 5
258608 0
258608 3
258620 1
258621 2
258622 4
258623 0
258624 3
258636 1
258636 2
258637 5
258638 0
258638 3
258650 1
258651 2
258652 4
258653 0
258654 3
258666 1
258666 2
258667 5
258668 0
258668 3
258680 1
258681 2
258681 4
258682 5
258683 0
258684 3
258694 1
258695 4
258697 0
258697 2
258697 4
258700 3
258711 1
258712 0
258712 2
258712 4
258712 5
258713 3
258725 1
258726 4
258727 0
258727 2
258727 4
258729 3
258741 1
258742 0
258742 2
258742 4
258742 5
258743 3
258755 1
258756 4
258757 0
258757 2
258757 4
258759 3
258771 0
258771 1
258772 4
258773 2
258773 3
258786 0
258786 1
258787 4
258787 5
258788 2
258788 3
258800 1
258801 0
258801 4
258802 4
258803 2
258804 3
258816 0
258816 1
258817 4
258817 5
258818 2
258818 3
258830 1
258831 0
258831 4
258832 4
258833 2
258834 3
258846 0
258846 1
258847 4
258848 2
258848 3
258861 0
258862 1
258862 3
258862 5
258863 2
258876 0
258876 1
258877 4
258878 2
258878 3
258891 0
258892 1
258892 3
258892 4
258893 2
258906 0
258906 3
258907 5
258908 1
258908 2
258921 0
258922 1
258922 3
258922 4
258923 2
258936 0
258936 3
258937 4
258938 1
258938 2
258950 3
258951 0
258952 5
258953 2
258954 1
258966 0
258966 3
258967 4
258968 1
258968 2
258980 3
258981 0
258982 5
258983 2
258984 1
258996 0
258996 3
258997 4
258998 1
258998 2
259011 0
259011 3
259012 4
259013 1
259013 2
