49552 0
49552 1
49552 2
49552 3
49552 4
49566 3
49567 0
49567 2
49567 4
49567 5
49568 1
49580 3
49581 5
49582 0
49582 2
49582 5
49584 1
49596 3
49597 0
49597 2
49597 5
49598 1
49612 0
49612 1
49612 2
49612 3
49612 5
49626 1
49627 0
49627 2
49627 4
49628 3
49642 0
49642 1
49642 2
49642 3
49642 5
49656 1
49657 0
49657 2
49657 4
49658 3
49672 0
49672 1
49672 2
49672 3
49672 5
49686 1
49687 0
49687 2
49687 4
49687 5
49688 3
49700 1
49701 4
49702 0
49702 2
49702 4
49704 3
49716 1
49717 0
49717 2
49717 4
49718 3
49732 0
49732 1
49732 2
49732 3
49732 4
49746 3
49747 0
49747 2
49747 5
49748 1
49762 0
49762 1
49762 2
49762 3
49762 5
49776 1
49777 0
49777 2
49777 4
49778 3
49792 0
49792 1
49792 2
49792 3
49792 5
49806 1
49807 0
49807 2
49807 4
49808 3
49822 0
49822 1
49822 2
49822 3
49822 5
49836 1
49837 0
49837 2
49837 4
49838 3
49852 0
49852 1
49852 2
49852 3
49852 4
49866 3
49867 0
49867 2
49867 5
49868 1
49882 0
49882 1
49882 2
49882 3
49882 5
49896 1
49897 0
49897 2
49897 4
49898 3
49912 0
49912 1
49912 2
49912 3
49912 5
49926 1
49927 0
49927 2
49927 4
49927 5
49928 3
49940 1
49941 4
49942 0
49942 2
49942 4
49944 3
49956 1
49957 0
49957 2
49957 4
49957 5
49958 3
49970 1
49971 4
49972 0
49972 2
49972 4
49974 3
49986 1
49987 0
49987 2
49987 4
49987 5
49988 3
50000 1
50001 4
50002 0
50002 2
50002 4
50004 3
50016 1
50017 0
50017 2
50017 4
50018 3
50032 0
50032 1
50032 2
50032 3
50032 5
50046 1
50047 0
50047 2
50047 4
50048 3
50062 0
50062 1
50062 2
50062 3
50062 5
50076 1
50077 0
50077 2
50077 4
50078 3
50092 0
50092 1
50092 2
50092 3
50092 4
50106 3
50107 0
50107 2
50107 5
50108 1
50122 0
50122 1
50122 2
50122 3
50122 5
50136 1
50137 0
50137 2
50137 4
50138 3
50152 0
50152 1
50152 2
50152 3
50152 5
50166 1
50167 0
50167 2
50167 4
50168 3
50182 0
50182 1
50182 2
50182 3
50182 5
50196 1
50197 0
50197 2
50197 4
50198 3
50211 0
50212 1
50212 3
50212 4
50213 2
50226 0
50226 3
50227 5
50228 1
50228 2
50242 0
50242 1
50242 2
50242 3
50242 4
50256 3
50257 0
50257 2
50257 4
50257 5
50258 1
50270 3
50271 5
50272 0
50272 2
50272 5
50274 1
50286 3
50287 0
50287 2
50287 5
50288 1
50302 0
50302 1
50302 2
50302 3
50302 4
50316 3
50317 0
50317 2
50317 5
50318 1
50332 0
50332 1
50332 2
50332 3
50332 4
50346 3
50347 0
50347 2
50347 4
50347 5
50348 1
50360 3
50361 5
50362 0
50362 2
50362 5
50364 1
50376 3
50377 0
50377 2
50377 4
50377 5
50378 1
50390 3
50391 5
50392 0
50392 2
50392 5
50394 1
50406 2
50406 3
50407 5
50408 0
50408 1
50421 2
50422 1
50422 3
50422 4
50423 0
50436 2
50436 3
50437 5
50438 0
50438 1
50451 2
50452 1
50452 3
50452 5
50453 0
50466 1
50466 2
50467 4
50468 0
50468 3
50481 2
50482 1
50482 3
50482 5
50483 0
50496 1
50496 2
50497 4
50498 0
50498 3
50511 2
50512 1
50512 3
50512 5
50513 0
50526 1
50526 2
50527 4
50528 0
50528 3
50541 2
50542 1
50542 3
50542 5
50543 0
50556 1
50556 2
50557 5
50558 0
50558 3
50570 1
50571 2
50571 4
50572 4
50573 0
50574 3
50586 1
50587 0
50587 2
50587 4
50587 5
50588 3
50600 1
50601 4
50602 0
50602 2
50602 4
50604 3
50616 1
50617 0
50617 2
50617 4
50617 5
50618 3
50630 1
50631 4
50632 0
50632 2
50632 4
50634 3
50646 1
50647 0
50647 2
50647 4
50648 3
50662 0
50662 1
50662 2
50662 3
50662 5
50676 1
50677 0
50677 2
50677 4
50677 5
50678 3
50690 1
50691 4
50692 0
50692 2
50692 4
50694 3
50706 1
50707 0
50707 2
50707 4
50707 5
50708 3
50720 1
50721 4
50722 0
50722 2
50722 4
50724 3
50736 1
50737 0
50737 2
50737 4
50738 3
50751 0
50752 1
50752 3
50752 5
50753 2
50766 0
50766 1
50767 4
50768 2
50768 3
50781 0
50782 1
50782 3
50782 5
50783 2
50796 0
50796 1
50797 4
50798 2
50798 3
50811 0
50812 1
50812 3
50812 5
50813 2
50826 0
50826 1
50827 4
50828 2
50828 3
50841 0
50842 1
50842 3
50842 4
50843 2
50856 0
50856 3
50857 5
50858 1
50858 2
50871 0
50872 1
50872 3
50872 4
50873 2
50886 0
50886 3
50887 5
50888 1
50888 2
50902 0
50902 1
50902 2
50902 3
50902 4
50916 3
50917 0
50917 2
50917 5
50918 1
50932 0
50932 1
50932 2
50932 3
50932 4
50946 3
50947 0
50947 2
50947 5
50948 1
50962 0
50962 1
50962 2
50962 3
50962 5
50976 1
50977 0
50977 2
50977 4
50978 3
50992 0
50992 1
50992 2
50992 3
50992 4
51006 3
51007 0
51007 2
51007 4
51007 5
51008 1
51020 3
51021 5
51022 0
51022 2
51022 5
51024 1
51036 3
51037 0
51037 2
51037 4
51037 5
51038 1
51050 3
51051 5
51052 0
51052 2
51052 4
51054 1
51064 3
51065 5
51067 0
51067 2
51067 5
51070 1
51080 3
51081 5
51082 0
51082 2
51082 5
51084 1
51096 2
51096 3
51097 5
51098 0
51098 1
51111 2
51112 1
51112 3
51112 4
51113 0
51126 2
51126 3
51127 5
51128 0
51128 1
51141 2
51142 1
51142 3
51142 5
51143 0
51156 1
51156 2
51157 4
51158 0
51158 3
51171 2
51172 1
51172 3
51172 4
51173 0
51186 2
51186 3
51187 5
51188 0
51188 1
51201 2
51202 1
51202 3
51202 5
51203 0
51216 1
51216 2
51217 4
51218 0
51218 3
51231 2
51232 1
51232 3
51232 4
51233 0
51246 2
51246 3
51247 5
51248 0
51248 1
51261 2
51262 1
51262 3
51262 5
51263 0
51276 1
51276 2
51277 4
51278 0
51278 3
51291 2
51292 1
51292 3
51292 5
51293 0
51306 1
51306 2
51307 4
51308 0
51308 3
51321 2
51322 1
51322 3
51322 5
51323 0
51336 2
51337 1
51337 3
51337 5
51338 0
51351 1
51351 2
51352 4
51353 0
51353 3
51366 2
51367 1
51367 3
51367 5
51368 0
51381 1
51381 2
51382 5
51383 0
51383 3
51395 1
51396 4
51397 0
51397 2
51397 4
51399 3
51411 1
51412 0
51412 2
51412 4
51412 5
51413 3
51425 1
51426 4
51427 0
51427 2
51427 4
51429 3
51441 1
51442 0
51442 2
51442 4
51442 5
51443 3
51455 1
51456 4
51457 0
51457 2
51457 5
51459 3
51469 1
51470 4
51471 0
51472 4
51473 2
51475 3
51485 1
51486 0
51486 4
51487 4
51488 2
51489 3
51501 0
51501 1
51502 4
51503 2
51503 3
51516 0
51517 1
51517 3
51517 5
51518 2
51530 1
51531 0
51531 4
51532 4
51533 2
51534 3
51546 0
51546 1
51547 4
51548 2
51548 3
51561 0
51562 1
51562 3
51562 5
51563 2
51576 0
51576 1
51577 4
51578 2
51578 3
51590 0
51592 1
51592 3
51592 4
51594 2
51605 0
51606 3
51607 5
51608 1
51609 2
51621 0
51622 1
51622 3
51622 5
51623 2
51636 0
51636 1
51637 4
51638 2
51638 3
51650 0
51652 1
51652 3
51652 4
51654 2
51665 0
51666 3
51667 4
51668 1
51669 2
51680 0
51680 3
51682 4
51684 1
51684 2
51695 3
51696 0
51697 4
51698 2
51699 1
51709 3
51711 0
51712 4
51713 2
51715 1
51723 3
51726 0
51727 5
51728 2
51731 1
51739 3
51742 0
51742 2
51742 5
51745 1
51755 3
51757 0
51757 2
51757 4
51759 1
51769 3
51772 0
51772 2
51772 5
51775 1
51785 3
51786 5
51787 0
51787 2
51787 4
51789 1
51799 3
51800 5
51801 2
51802 5
51803 0
51805 1
51806 4
51815 3
51816 2
51816 5
51817 4
51818 0
51819 1
51829 3
51830 5
51831 2
51832 5
51833 0
51835 1
51836 4
51845 3
51846 2
51846 5
51847 4
51848 0
51849 1
51859 3
51860 2
51860 5
51862 5
51864 0
51865 1
51866 4
51874 3
51875 2
51875 5
51877 5
51879 0
51880 1
51881 4
51890 2
51890 3
51891 5
51892 5
51894 0
51894 1
51895 4
51905 2
51906 3
51907 5
51908 1
51909 0
51910 4
51920 2
51922 1
51922 3
51922 5
51924 0
51935 2
51936 1
51937 4
51938 3
51939 0
51950 2
51952 1
51952 3
51952 5
51954 0
51965 2
51966 1
51967 5
51968 3
51969 0
51980 2
51981 1
51982 5
51983 3
51984 0
51995 1
51995 2
51997 5
51999 0
51999 3
52009 1
52010 2
52010 4
52012 4
52014 0
52015 3
52025 1
52025 2
52027 4
52029 0
52029 3
52040 2
52041 1
52042 5
52043 3
52044 0
52055 1
52056 2
52056 4
52057 5
52058 0
52059 3
52069 1
52070 4
52071 2
52072 5
52073 0
52075 3
52083 1
52084 4
52086 2
52087 4
52088 0
52091 3
52099 1
52100 4
52101 2
52102 5
52103 0
52105 3
52113 1
52114 4
52117 0
52117 2
52117 4
52121 3
52130 1
52131 4
52132 0
52132 2
52132 5
52134 3
52143 1
52144 4
52147 0
52147 2
52147 5
52151 3
52157 1
52158 4
52162 0
52162 2
52162 4
52167 3
52173 1
52174 4
52176 0
52177 4
52178 2
52181 3
52189 1
52190 4
52191 0
52192 5
52193 2
52195 3
52203 1
52204 4
52205 0
52207 4
52209 2
52211 3
52212 5
52219 1
52220 0
52220 4
52222 4
52224 2
52225 3
52226 5
52235 0
52235 1
52236 4
52237 5
52239 2
52239 3
52240 5
52249 1
52250 0
52250 4
52252 5
52254 2
52255 3
52256 5
52263 1
52264 0
52264 4
52267 4
52270 2
52271 3
52272 5
52279 0
52279 1
52280 4
52282 4
52285 2
52285 3
52286 5
52294 0
52294 1
52295 4
52297 4
52300 2
52300 3
52301 5
52308 0
52310 1
52311 4
52312 4
52314 3
52316 2
