16191 0
16192 1
16192 3
16192 4
16193 2
16206 0
16206 3
16207 5
16208 1
16208 2
16222 0
16222 1
16222 2
16222 3
16222 4
16236 3
16237 0
16237 2
16237 5
16238 1
16252 0
16252 1
16252 2
16252 3
16252 4
16266 3
16267 0
16267 2
16267 5
16268 1
16282 0
16282 1
16282 2
16282 3
16282 4
16296 3
16297 0
16297 2
16297 5
16298 1
16312 0
16312 1
16312 2
16312 3
16312 4
16326 3
16327 0
16327 2
16327 5
16328 1
16342 0
16342 1
16342 2
16342 3
16342 4
16356 3
16357 0
16357 2
16357 4
16358 1
16370 3
16372 0
16372 2
16372 5
16374 1
16386 3
16387 0
16387 2
16387 5
16388 1
16402 0
16402 1
16402 2
16402 3
16402 5
16416 1
16417 0
16417 2
16417 4
16418 3
16432 0
16432 1
16432 2
16432 3
16432 5
16446 1
16447 0
16447 2
16447 5
16448 3
16460 1
16462 0
16462 2
16462 4
16464 3
16476 1
16477 0
16477 2
16477 4
16478 3
16492 0
16492 1
16492 2
16492 3
16492 5
16506 1
16507 0
16507 2
16507 5
16508 3
16520 1
16522 0
16522 2
16522 4
16524 3
16536 1
16537 0
16537 2
16537 4
16538 3
16551 0
16552 1
16552 3
16552 5
16553 2
16566 0
16566 1
16567 4
16568 2
16568 3
16581 0
16582 1
16582 3
16582 5
16583 2
16596 0
16596 1
16597 4
16598 2
16598 3
16611 0
16612 1
16612 3
16612 4
16613 2
16626 0
16626 3
16627 4
16628 1
16628 2
16640 3
16641 0
16642 5
16643 2
16644 1
16656 0
16656 3
16657 4
16658 1
16658 2
16670 3
16672 0
16672 2
16672 5
16674 1
16686 3
16687 0
16687 2
16687 5
16688 1
16702 0
16702 1
16702 2
16702 3
16702 4
16716 3
16717 0
16717 2
16717 4
16718 1
16730 3
16732 0
16732 2
16732 5
16734 1
16746 3
16747 0
16747 2
16747 4
16748 1
16760 3
16762 0
16762 2
16762 5
16764 1
16776 3
16777 0
16777 2
16777 4
16778 1
16790 3
16792 0
16792 2
16792 5
16794 1
16806 3
16807 0
16807 2
16807 4
16808 1
16820 3
16822 0
16822 2
16822 4
16824 1
16834 3
16836 2
16837 5
16838 0
16840 1
16850 3
16851 2
16852 5
16853 0
16854 1
16866 2
16866 3
16867 4
16868 0
16868 1
16880 3
16881 2
16882 5
16883 0
16884 1
16896 2
16896 3
16897 5
16898 0
16898 1
16911 2
16912 1
16912 3
16912 5
16913 0
16926 1
16926 2
16927 5
16928 0
16928 3
16940 1
16941 2
16942 4
16943 0
16944 3
16956 1
16956 2
16957 5
16958 0
16958 3
16970 1
16971 2
16972 5
16973 0
16974 3
16984 1
16986 2
16987 4
16988 0
16990 3
17000 1
17002 0
17002 2
17002 4
17004 3
17016 1
17017 0
17017 2
17017 4
17018 3
17032 0
17032 1
17032 2
17032 3
17032 5
17046 1
17047 0
17047 2
17047 4
17048 3
17062 0
17062 1
17062 2
17062 3
17062 5
17076 1
17077 0
17077 2
17077 5
17078 3
17090 1
17092 0
17092 2
17092 4
17094 3
17106 1
17107 0
17107 2
17107 5
17108 3
17120 1
17122 0
17122 2
17122 4
17124 3
17136 1
17137 0
17137 2
17137 4
17138 3
17151 3
17152 0
17152 2
17152 5
17153 1
17166 1
17167 0
17167 2
17167 5
17168 3
17180 1
17182 0
17182 2
17182 4
17184 3
17196 1
17197 0
17197 2
17197 5
17198 3
17210 1
17212 0
17212 2
17212 4
17214 3
17226 0
17226 1
17227 4
17228 2
17228 3
17241 0
17242 1
17242 3
17242 4
17243 2
17256 0
17256 3
17257 4
17258 1
17258 2
17270 3
17272 0
17272 2
17272 5
17274 1
17286 3
17287 0
17287 2
17287 4
17288 1
17300 3
17302 0
17302 2
17302 5
17304 1
17316 3
17317 0
17317 2
17317 5
17318 1
17332 0
17332 1
17332 2
17332 3
17332 5
17346 1
17347 0
17347 2
17347 5
17348 3
17360 1
17362 0
17362 2
17362 4
17364 3
17376 1
17377 0
17377 2
17377 5
17378 3
17390 1
17392 0
17392 2
17392 4
17394 3
17406 1
17407 0
17407 2
17407 4
17408 3
17422 0
17422 1
17422 2
17422 3
17422 5
17436 1
17437 0
17437 2
17437 5
17438 3
17450 1
17452 0
17452 2
17452 4
17454 3
17466 1
17467 0
17467 2
17467 4
17468 3
17482 0
17482 1
17482 2
17482 3
17482 4
17496 3
17497 0
17497 2
17497 5
17498 1
17512 0
17512 1
17512 2
17512 3
17512 5
17526 1
17527 0
17527 2
17527 4
17528 3
17542 0
17542 1
17542 2
17542 3
17542 4
17556 3
17557 0
17557 2
17557 5
17558 1
17572 0
17572 1
17572 2
17572 3
17572 5
17586 1
17587 0
17587 2
17587 4
17588 3
17602 0
17602 1
17602 2
17602 3
17602 5
17616 1
17617 0
17617 2
17617 4
17618 3
17632 0
17632 1
17632 2
17632 3
17632 4
17646 3
17647 0
17647 2
17647 5
17648 1
17662 0
17662 1
17662 2
17662 3
17662 5
17676 1
17677 0
17677 2
17677 5
17678 3
17690 1
17692 0
17692 2
17692 4
17694 3
17706 0
17706 1
17707 4
17708 2
17708 3
17721 0
17722 1
17722 3
17722 5
17723 2
17736 0
17736 1
17737 4
17738 2
17738 3
17751 0
17752 1
17752 3
17752 5
17753 2
17766 0
17766 1
17767 4
17768 2
17768 3
17781 0
17782 1
17782 3
17782 4
17783 2
17796 0
17796 3
17797 4
17798 1
17798 2
17810 3
17811 0
17812 5
17813 2
17814 1
17826 0
17826 3
17827 4
17828 1
17828 2
17840 3
17841 0
17842 4
17843 2
17844 1
17854 3
17857 0
17857 2
17857 5
17860 1
17870 3
17872 0
17872 2
17872 5
17874 1
17887 0
17887 1
17887 2
17887 3
17887 5
17901 1
17902 0
17902 2
17902 4
17903 3
17917 0
17917 1
17917 2
17917 3
17917 4
17931 3
17932 0
17932 2
17932 5
17933 1
17947 0
17947 1
17947 2
17947 3
17947 5
17961 1
17962 0
17962 2
17962 5
17963 3
17975 1
17977 0
17977 2
17977 4
17979 3
17991 1
17992 0
17992 2
17992 4
17993 3
18007 0
18007 1
18007 2
18007 3
18007 4
18021 3
18022 0
18022 2
18022 4
18023 1
18034 3
18037 0
18037 2
18037 5
18040 1
18051 3
18052 0
18052 2
18052 5
18053 1
18067 0
18067 1
18067 2
18067 3
18067 4
18080 3
18082 0
18082 2
18082 5
18084 1
18096 2
18096 3
18097 4
18098 0
18098 1
18110 3
18111 2
18112 5
18113 0
18114 1
18126 2
18126 3
18127 4
18128 0
18128 1
18140 3
18141 2
18142 5
18143 0
18144 1
18156 2
18156 3
18157 5
18158 0
18158 1
18171 2
18172 1
18172 3
18172 5
18173 0
18186 1
18186 2
18187 4
18188 0
18188 3
18201 2
18202 1
18202 3
18202 5
18203 0
18216 1
18216 2
18217 5
18218 0
18218 3
18230 1
18231 2
18232 4
18233 0
18234 3
18246 1
18246 2
18247 5
18248 0
18248 3
18260 1
18261 2
18262 5
18263 0
18264 3
18274 1
18277 0
18277 2
18277 4
18280 3
18290 1
18292 0
18292 2
18292 5
18294 3
18304 1
18307 0
18307 2
18307 5
18310 3
18318 1
18322 0
18322 2
18322 5
18326 3
18332 1
18336 0
18337 4
18338 2
18342 3
18348 1
18351 0
18352 5
18353 2
18356 3
18362 1
18366 0
18367 4
18368 2
18372 3
18378 1
18380 0
18382 4
18384 2
18386 3
18394 1
18395 0
18397 4
18399 2
18400 3
18409 0
18410 1
18412 4
18414 3
18415 2
18424 0
18426 1
18427 4
18428 3
18430 2
18439 0
18441 1
18442 4
18443 3
18445 2
18454 0
18457 1
18457 3
18457 4
18460 2
18469 0
18471 3
18472 4
18473 1
18475 2
18484 0
18485 3
18487 4
18489 1
18490 2
18499 0
18499 3
18502 4
18505 1
18505 2
18514 3
18515 0
18517 4
18519 2
18520 1
18528 3
18530 0
18532 5
18534 2
18536 1
18544 3
18545 0
18547 5
18549 2
18550 1
18560 3
18561 0
18562 4
18563 2
18564 1
18574 3
18576 0
18577 5
18578 2
18580 1
18590 3
18591 0
18592 5
18593 2
18594 1
18606 0
18606 3
18607 4
18608 1
18608 2
18620 3
18621 0
18622 4
18623 2
18624 1
18634 3
18636 0
18637 5
18638 2
18640 1
18650 3
18652 0
18652 2
18652 5
18654 1
18666 3
18667 0
18667 2
18667 4
18668 1
18680 3
18682 0
18682 2
18682 4
18684 1
18694 3
18697 0
18697 2
18697 5
18700 1
18710 3
18712 0
18712 2
18712 4
18714 1
18724 3
18727 0
18727 2
18727 4
18730 1
18738 3
18741 2
18742 4
18743 0
18746 1
18752 3
18756 2
18757 4
18758 0
18762 1
18766 3
18770 2
18772 4
18774 0
18778 1
18780 3
18785 2
18787 5
18789 0
18794 1
18796 3
18799 2
18802 4
18805 0
18808 1
18810 3
18814 2
18817 5
18820 0
18824 1
18825 3
18828 2
18832 5
18836 0
18839 1
