41137 0
41137 1
41137 2
41137 3
41137 5
41151 1
41152 0
41152 2
41152 4
41153 3
41167 0
41167 1
41167 2
41167 3
41167 5
41181 1
41182 0
41182 2
41182 4
41182 5
41183 3
41195 1
41196 0
41196 4
41197 4
41198 2
41199 3
41211 0
41211 1
41212 4
41213 2
41213 3
41226 0
41227 1
41227 3
41227 4
41228 2
41241 0
41241 3
41242 5
41243 1
41243 2
41256 0
41257 1
41257 3
41257 4
41258 2
41271 0
41271 3
41272 4
41273 1
41273 2
41285 3
41286 0
41286 5
41287 5
41288 2
41289 1
41301 3
41302 0
41302 2
41302 4
41302 5
41303 1
41315 3
41316 5
41317 0
41317 2
41317 5
41319 1
41331 3
41332 0
41332 2
41332 4
41332 5
41333 1
41345 3
41346 5
41347 0
41347 2
41347 4
41349 1
41359 3
41360 5
41362 0
41362 2
41362 5
41365 1
41375 3
41376 5
41377 0
41377 2
41377 5
41379 1
41391 3
41392 0
41392 2
41392 4
41392 5
41393 1
41405 3
41406 2
41406 5
41407 4
41408 0
41409 1
41419 3
41420 5
41421 2
41422 5
41423 0
41425 1
41426 4
41435 3
41436 2
41436 5
41437 5
41438 0
41439 1
41451 2
41451 3
41452 5
41453 0
41453 1
41466 2
41467 1
41467 3
41467 4
41468 0
41481 2
41481 3
41482 5
41483 0
41483 1
41496 2
41497 1
41497 3
41497 5
41498 0
41511 1
41511 2
41512 4
41513 0
41513 3
41526 2
41527 1
41527 3
41527 5
41528 0
41541 1
41541 2
41542 5
41543 0
41543 3
41555 1
41556 2
41557 4
41558 0
41559 3
41571 1
41571 2
41572 5
41573 0
41573 3
41586 1
41586 2
41587 4
41588 0
41588 3
41601 2
41602 1
41602 3
41602 5
41603 0
41616 1
41616 2
41617 5
41618 0
41618 3
41630 1
41631 2
41631 4
41632 4
41633 0
41634 3
41646 1
41647 0
41647 2
41647 4
41647 5
41648 3
41660 1
41661 4
41662 0
41662 2
41662 4
41664 3
41676 1
41677 0
41677 2
41677 4
41677 5
41678 3
41690 1
41691 4
41692 0
41692 2
41692 4
41694 3
41706 1
41707 0
41707 2
41707 4
41707 5
41708 3
41720 1
41721 4
41722 0
41722 2
41722 4
41724 3
41736 1
41737 0
41737 2
41737 4
41738 3
41751 0
41752 1
41752 3
41752 5
41753 2
41766 0
41766 1
41767 4
41767 5
41768 2
41768 3
41780 1
41781 0
41781 4
41782 4
41783 2
41784 3
41796 0
41796 1
41797 4
41798 2
41798 3
41811 0
41812 1
41812 3
41812 5
41813 2
41826 0
41826 1
41827 4
41828 2
41828 3
41841 0
41841 1
41842 4
41843 2
41843 3
41856 0
41857 1
41857 3
41857 5
41858 2
41871 0
41871 1
41872 4
41873 2
41873 3
41886 0
41887 1
41887 3
41887 5
41888 2
41901 0
41901 1
41902 4
41903 2
41903 3
41916 0
41917 1
41917 3
41917 5
41918 2
41931 0
41931 1
41932 4
41933 2
41933 3
41945 0
41947 1
41947 3
41947 4
41949 2
41960 0
41961 3
41962 4
41963 1
41964 2
41975 3
41976 0
41977 4
41978 2
41979 1
41989 3
41991 0
41992 5
41993 2
41995 1
42005 3
42006 0
42007 4
42008 2
42009 1
42020 3
42021 0
42022 5
42023 2
42024 1
42036 0
42036 3
42037 4
42038 1
42038 2
42050 3
42051 0
42052 5
42053 2
42054 1
42066 3
42067 0
42067 2
42067 4
42068 1
42080 3
42082 0
42082 2
42082 5
42084 1
42096 3
42097 0
42097 2
42097 4
42098 1
42110 3
42112 0
42112 2
42112 5
42114 1
42126 3
42127 0
42127 2
42127 4
42127 5
42128 1
42140 3
42141 2
42141 5
42142 5
42143 0
42144 1
42156 2
42156 3
42157 4
42157 5
42158 0
42158 1
42170 3
42171 2
42171 5
42172 5
42173 0
42174 1
42186 2
42186 3
42187 4
42187 5
42188 0
42188 1
42199 3
42200 5
42201 2
42202 4
42203 0
42205 1
42206 4
42213 3
42214 5
42216 2
42217 5
42218 0
42221 1
42222 4
42229 3
42230 2
42230 5
42232 5
42234 0
42235 1
42236 4
42245 2
42245 3
42246 5
42247 5
42249 0
42249 1
42250 4
42260 2
42261 3
42262 5
42263 1
42264 0
42265 4
42275 2
42277 1
42277 3
42277 5
42279 0
42290 2
42291 1
42292 5
42293 3
42294 0
42305 1
42305 2
42307 4
42309 0
42309 3
42320 2
42322 1
42322 3
42322 5
42324 0
42335 2
42336 1
42337 5
42338 3
42339 0
42350 1
42350 2
42352 5
42354 0
42354 3
42364 1
42365 2
42365 4
42367 4
42369 0
42370 3
42380 1
42381 2
42381 4
42382 5
42383 0
42384 3
42394 1
42395 4
42396 2
42397 4
42398 0
42400 3
42410 1
42411 2
42411 4
42412 5
42413 0
42414 3
42424 1
42425 4
42426 2
42427 5
42428 0
42430 3
42438 1
42439 4
42441 2
42442 4
42443 0
42446 3
42454 1
42455 4
42457 0
42457 2
42457 4
42460 3
42470 1
42471 4
42472 0
42472 2
42472 4
42474 3
42486 1
42487 0
42487 2
42487 4
42488 3
42502 0
42502 1
42502 2
42502 3
42502 5
42516 1
42517 0
42517 2
42517 4
42517 5
42518 3
42530 1
42531 4
42532 0
42532 2
42532 5
42534 3
42544 1
42545 4
42546 0
42547 5
42548 2
42550 3
42558 1
42559 4
42561 0
42562 4
42563 2
42566 3
42574 1
42575 4
42576 0
42577 4
42578 2
42580 3
42590 1
42591 0
42591 4
42592 5
42593 2
42594 3
42604 1
42605 0
42605 4
42607 5
42609 2
42610 3
42611 5
42618 1
42619 4
42620 0
42622 4
42624 2
42626 3
42627 5
42634 1
42635 0
42635 4
42637 4
42639 2
42640 3
42641 5
42649 0
42650 1
42651 4
42652 4
42654 3
42655 2
42664 0
42665 1
42666 4
42667 4
42669 3
42670 2
42679 0
42681 1
42682 4
42683 3
42685 2
42694 0
42697 1
42697 3
42697 5
42700 2
42709 0
42711 1
42712 4
42713 3
42715 2
42724 0
42727 1
42727 3
42727 4
42730 2
42739 0
42742 1
42742 3
42742 4
42745 2
42754 0
42756 3
42757 4
42758 1
42760 2
42769 0
42770 3
42772 4
42774 1
42775 2
42784 0
42784 3
42787 4
42790 1
42790 2
42798 3
42799 0
42802 4
42805 2
42806 1
42812 3
42815 0
42817 4
42819 2
42822 1
42827 3
42830 0
42832 5
42834 2
42837 1
42843 3
42846 0
42847 4
42848 2
42851 1
42857 3
42861 0
42862 5
42863 2
42867 1
42873 3
42877 0
42877 2
42877 5
42881 1
42889 3
42892 0
42892 2
42892 5
42895 1
42905 3
42907 0
42907 2
42907 4
42909 1
42919 3
42922 0
42922 2
42922 4
42925 1
42933 3
42934 5
42936 2
42937 4
42938 0
42941 1
42942 4
42947 3
42948 5
42951 2
42952 5
42953 0
42957 1
42958 4
42963 3
42964 5
42965 2
42967 4
42969 0
42971 1
42972 4
42977 3
42978 5
42980 2
42982 5
42984 0
42987 1
42988 4
42993 3
42994 2
42994 5
42997 4
43000 0
43001 1
43002 4
43006 3
43007 5
43009 2
43012 5
43015 0
43018 1
43019 4
43022 3
43023 2
43023 5
43027 5
43031 0
43032 1
43033 4
