74256 2
74257 1
74257 3
74257 5
74258 0
74271 1
74271 2
74272 5
74273 0
74273 3
74285 1
74286 2
74286 4
74287 4
74288 0
74289 3
74301 1
74302 0
74302 2
74302 4
74302 5
74303 3
74315 1
74316 4
74317 0
74317 2
74317 4
74319 3
74331 1
74332 0
74332 2
74332 4
74332 5
74333 3
74345 1
74346 4
74347 0
74347 2
74347 4
74349 3
74361 1
74362 0
74362 2
74362 4
74362 5
74363 3
74375 1
74376 4
74377 0
74377 2
74377 4
74379 3
74391 1
74392 0
74392 2
74392 4
74392 5
74393 3
74405 1
74406 4
74407 0
74407 2
74407 4
74409 3
74421 0
74421 1
74422 4
74422 5
74423 2
74423 3
74435 1
74436 0
74436 4
74437 4
74438 2
74439 3
74451 0
74451 1
74452 4
74453 2
74453 3
74466 0
74467 1
74467 3
74467 5
74468 2
74481 0
74481 1
74482 4
74483 2
74483 3
74496 0
74497 1
74497 3
74497 5
74498 2
74511 0
74511 1
74512 4
74513 2
74513 3
74526 0
74527 1
74527 3
74527 4
74528 2
74541 0
74541 3
74542 5
74543 1
74543 2
74556 0
74557 1
74557 3
74557 4
74558 2
74571 0
74571 3
74572 5
74573 1
74573 2
74586 0
74587 1
74587 3
74587 4
74587 5
74588 2
74600 1
74601 0
74601 4
74602 4
74603 2
74604 3
74616 0
74616 1
74617 4
74618 2
74618 3
74631 0
74632 1
74632 3
74632 4
74633 2
74646 0
74646 3
74647 4
74648 1
74648 2
74660 3
74661 0
74661 5
74662 5
74663 2
74664 1
74676 0
74676 3
74677 4
74678 1
74678 2
74690 3
74691 0
74691 5
74692 5
74693 2
74694 1
74706 0
74706 3
74707 4
74708 1
74708 2
74720 3
74721 5
74722 0
74722 2
74722 4
74724 1
74734 3
74735 5
74737 0
74737 2
74737 5
74740 1
74750 3
74751 5
74752 0
74752 2
74752 4
74754 1
74764 3
74765 5
74767 0
74767 2
74767 4
74770 1
74778 3
74779 5
74782 0
74782 2
74782 4
74786 1
74792 3
74793 5
74796 2
74797 5
74798 0
74802 1
74803 4
74808 3
74809 5
74811 2
74812 5
74813 0
74816 1
74817 4
74824 3
74825 2
74825 5
74827 5
74829 0
74830 1
74831 4
74840 2
74840 3
74841 5
74842 5
74844 0
74844 1
74845 4
74855 2
74856 3
74857 5
74858 1
74859 0
74860 4
74870 2
74871 3
74872 5
74873 1
74874 0
74875 4
74885 2
74887 1
74887 3
74887 5
74889 0
74900 2
74901 1
74902 4
74903 3
74904 0
74915 2
74917 1
74917 3
74917 5
74919 0
74930 2
74931 1
74932 5
74933 3
74934 0
74945 1
74945 2
74947 5
74949 0
74949 3
74959 1
74960 2
74960 4
74962 5
74964 0
74965 3
74974 1
74975 2
74975 4
74977 4
74979 0
74980 3
74990 1
74990 2
74992 5
74994 0
74994 3
75004 1
75005 4
75006 2
75007 5
75008 0
75010 3
75018 1
75019 4
75021 2
75022 5
75023 0
75026 3
75032 1
75033 4
75036 2
75037 4
75038 0
75042 3
75048 1
75049 4
75052 0
75052 2
75052 4
75056 3
75064 1
75065 4
75067 0
75067 2
75067 5
75070 3
75078 1
75079 4
75081 0
75082 5
75083 2
75086 3
75087 5
75092 1
75093 4
75096 0
75097 4
75098 2
75102 3
75103 5
75108 1
75109 4
75111 0
75112 5
75113 2
75116 3
75117 5
75122 1
75123 4
75125 0
75127 4
75129 2
75132 3
75133 5
75138 1
75139 4
75140 0
75142 5
75144 2
75146 3
75147 5
75151 1
75152 4
75154 0
75157 4
75160 2
75163 3
75164 5
75167 1
75168 4
75169 0
75172 5
75175 2
75177 3
75178 5
75181 1
75182 4
75183 0
75187 5
75191 2
75193 3
75194 5
