237921 2
237922 1
237922 3
237922 4
237923 0
237936 2
237936 3
237937 5
237938 0
237938 1
237951 2
237952 1
237952 3
237952 4
237953 0
237966 2
237966 3
237967 5
237968 0
237968 1
237981 2
237982 1
237982 3
237982 5
237983 0
237996 1
237996 2
237997 4
237998 0
237998 3
238011 2
238012 1
238012 3
238012 5
238013 0
238026 1
238026 2
238027 4
238028 0
238028 3
238041 2
238042 1
238042 3
238042 5
238043 0
238056 1
238056 2
238057 5
238058 0
238058 3
238070 1
238071 2
238071 4
238072 4
238073 0
238074 3
238086 1
238087 0
238087 2
238087 4
238087 5
238088 3
238100 1
238101 4
238102 0
238102 2
238102 4
238104 3
238116 1
238117 0
238117 2
238117 4
238117 5
238118 3
238130 1
238131 4
238132 0
238132 2
238132 4
238134 3
238146 1
238147 0
238147 2
238147 4
238148 3
238161 3
238162 0
238162 2
238162 5
238163 1
238176 1
238177 0
238177 2
238177 4
238177 5
238178 3
238190 1
238191 4
238192 0
238192 2
238192 4
238194 3
238206 1
238207 0
238207 2
238207 4
238207 5
238208 3
238220 1
238221 4
238222 0
238222 2
238222 4
238224 3
238236 1
238237 0
238237 2
238237 4
238237 5
238238 3
238250 1
238251 4
238252 0
238252 2
238252 4
238254 3
238266 0
238266 1
238267 4
238267 5
238268 2
238268 3
238280 1
238281 0
238281 4
238282 4
238283 2
238284 3
238296 0
238296 1
238297 4
238298 2
238298 3
238311 0
238312 1
238312 3
238312 5
238313 2
238326 0
238326 1
238327 4
238328 2
238328 3
238341 0
238342 1
238342 3
238342 5
238343 2
238356 0
238356 1
238357 4
238358 2
238358 3
238371 0
238372 1
238372 3
238372 4
238373 2
238386 0
238386 3
238387 5
238388 1
238388 2
238401 0
238402 1
238402 3
238402 4
238403 2
238416 0
238416 3
238417 5
238418 1
238418 2
238431 0
238432 1
238432 3
238432 4
238433 2
238446 0
238446 3
238447 4
238448 1
238448 2
238460 3
238461 0
238462 5
238463 2
238464 1
238476 0
238476 3
238477 4
238478 1
238478 2
238490 3
238492 0
238492 2
238492 5
238494 1
238506 3
238507 0
238507 2
238507 4
238508 1
238520 3
238522 0
238522 2
238522 5
238524 1
238536 3
238537 0
238537 2
238537 4
238538 1
238550 3
238552 0
238552 2
238552 5
238554 1
238566 3
238567 0
238567 2
238567 4
238568 1
238580 3
238582 0
238582 2
238582 5
238584 1
238596 3
238597 0
238597 2
238597 4
238598 1
238610 3
238612 0
238612 2
238612 5
238614 1
238626 2
238626 3
238627 4
238627 5
238628 0
238628 1
238640 3
238641 2
238641 5
238642 5
238643 0
238644 1
238656 2
238656 3
238657 4
238657 5
238658 0
238658 1
238670 3
238671 2
238671 5
238672 5
238673 0
238674 1
238686 2
238686 3
238687 5
238688 0
238688 1
238701 2
238702 1
238702 3
238702 4
238703 0
238716 2
238716 3
238717 5
238718 0
238718 1
238731 2
238732 1
238732 3
238732 5
238733 0
238746 1
238746 2
238747 4
238748 0
238748 3
238761 2
238762 1
238762 3
238762 5
238763 0
238776 1
238776 2
238777 4
238778 0
238778 3
238791 2
238792 1
238792 3
238792 5
238793 0
238806 1
238806 2
238807 5
238808 0
238808 3
238820 1
238821 2
238822 4
238823 0
238824 3
238836 2
238837 1
238837 3
238837 5
238838 0
238851 1
238851 2
238852 5
238853 0
238853 3
238865 1
238866 2
238867 4
238868 0
238869 3
238881 1
238882 0
238882 2
238882 5
238883 3
238895 1
238897 0
238897 2
238897 4
238899 3
238911 1
238912 0
238912 2
238912 5
238913 3
238925 1
238927 0
238927 2
238927 4
238929 3
238941 1
238942 0
238942 2
238942 5
238943 3
238955 1
238956 4
238957 0
238957 2
238957 4
238959 3
238971 0
238971 1
238972 4
238972 5
238973 2
238973 3
238985 1
238986 0
238986 4
238987 4
238988 2
238989 3
239001 0
239001 1
239002 4
239003 2
239003 3
239016 0
239017 1
239017 3
239017 5
239018 2
239030 1
239031 0
239031 4
239032 4
239033 2
239034 3
239046 0
239046 1
239047 4
239048 2
239048 3
239061 0
239062 1
239062 3
239062 5
239063 2
239076 0
239076 1
239077 4
239078 2
239078 3
239091 0
239092 1
239092 3
239092 5
239093 2
239106 0
239106 1
239107 4
239108 2
239108 3
239121 0
239122 1
239122 3
239122 4
239123 2
239136 0
239136 3
239137 5
239138 1
239138 2
239151 0
239152 1
239152 3
239152 4
239153 2
239166 0
239166 3
239167 4
239168 1
239168 2
239180 3
239181 0
239182 5
239183 2
239184 1
239196 0
239196 3
239197 4
239198 1
239198 2
239210 3
239211 0
239212 4
239213 2
239214 1
239224 3
239226 0
239227 5
239228 2
239230 1
239241 0
239241 3
239242 4
239243 1
239243 2
239255 3
239257 0
239257 2
239257 5
239259 1
239271 3
239272 0
239272 2
239272 4
239273 1
239285 3
239287 0
239287 2
239287 5
239289 1
239301 3
239302 0
239302 2
239302 4
239303 1
239315 3
239317 0
239317 2
239317 5
239319 1
239331 3
239332 0
239332 2
239332 4
239332 5
239333 1
239345 3
239346 2
239346 5
239347 5
239348 0
239349 1
239361 2
239361 3
239362 4
239362 5
239363 0
239363 1
239374 3
239375 5
239376 2
239377 5
239378 0
239380 1
239390 3
239391 2
239391 5
239392 5
239393 0
239394 1
239406 2
239406 3
239407 4
239407 5
239408 0
239408 1
239420 3
239421 2
239421 5
239422 5
239423 0
239424 1
239435 2
239436 3
239437 5
239438 1
239439 0
239450 2
239452 1
239452 3
239452 4
239454 0
239465 2
239466 3
239467 5
239468 1
239469 0
239480 2
239482 1
239482 3
239482 5
239484 0
239495 2
239496 1
239497 5
239498 3
239499 0
239510 1
239510 2
239512 4
239514 0
239514 3
239525 2
239526 1
239527 5
239528 3
239529 0
239541 1
239541 2
239542 5
239543 0
239543 3
239555 1
239556 2
239557 4
239558 0
239559 3
239571 1
239571 2
239572 5
239573 0
239573 3
239585 1
239586 2
239587 4
239588 0
239589 3
239601 1
239601 2
239602 5
239603 0
239603 3
239615 1
239616 2
239617 5
239618 0
239619 3
239629 1
239632 0
239632 2
239632 4
239635 3
239645 1
239647 0
239647 2
239647 5
239649 3
239659 1
239662 0
239662 2
239662 4
239665 3
239675 1
239677 0
239677 2
239677 5
239679 3
239689 1
239691 0
239692 4
239693 2
239695 3
239696 5
239705 1
239706 0
239707 4
239708 2
239709 3
239710 5
239721 0
239721 1
239722 4
239722 5
239723 2
239723 3
239735 1
239736 0
239737 4
239738 2
239739 3
239740 5
239751 0
239751 1
239752 4
239753 2
239753 3
239766 0
239767 1
239767 3
239767 5
239768 2
239780 0
239781 1
239782 4
239783 3
239784 2
239785 5
239795 0
239796 1
239797 4
239798 3
239799 2
239800 5
239810 0
239812 1
239812 3
239812 5
239814 2
239825 0
239826 1
239827 4
239828 3
239829 2
239830 5
239840 0
239842 1
239842 3
239842 4
239844 2
239855 0
239856 3
239857 5
239858 1
239859 2
239870 0
239872 1
239872 3
239872 4
239874 2
239885 0
239886 3
239887 4
239888 1
239889 2
239900 0
239900 3
239902 5
239904 1
239904 2
239916 0
239916 3
239917 4
239918 1
239918 2
239930 3
239931 0
239931 5
239932 4
239933 2
239934 1
239945 3
239946 0
239946 5
239947 5
239948 2
239949 1
239961 0
239961 3
239962 4
239963 1
239963 2
239975 3
239976 0
239976 5
239977 4
239978 2
239979 1
239989 3
239990 5
239991 0
239992 5
239993 2
239995 1
240005 3
240006 5
240007 0
240007 2
240007 4
240009 1
240019 3
240020 5
240022 0
240022 2
240022 5
240025 1
240035 3
240036 5
240037 0
240037 2
240037 4
240039 1
240049 3
240050 5
240052 0
240052 2
240052 5
240055 1
240065 3
240066 2
240066 5
240067 4
240068 0
240069 1
240079 3
240080 5
240081 2
240082 5
240083 0
240085 1
240095 3
240096 2
240096 5
240097 5
240098 0
240099 1
240111 2
240111 3
240112 4
240112 5
240113 0
240113 1
240125 2
240125 3
240126 5
240127 5
240129 0
240129 1
240130 4
240140 2
240140 3
240141 5
240142 5
240144 0
240144 1
240145 4
240155 2
240156 3
240157 5
240158 1
240159 0
240170 2
240172 1
240172 3
240172 4
240174 0
240185 2
240186 3
240187 5
240188 1
240189 0
240200 2
240202 1
240202 3
240202 5
240204 0
240215 2
240216 1
240217 5
240218 3
240219 0
240230 1
240230 2
240232 4
240234 0
240234 3
240245 2
240246 1
240247 5
240248 3
240249 0
240260 2
240261 1
240262 5
240263 3
240264 0
240275 1
240275 2
240277 4
240279 0
240279 3
240291 1
240291 2
240292 5
240293 0
240293 3
240305 1
240306 2
240307 5
240308 0
240309 3
240319 1
240321 2
240322 4
240323 0
240325 3
240335 1
240336 2
240337 5
240338 0
240339 3
240349 1
240351 2
240352 4
240353 0
240355 3
240365 1
240367 0
240367 2
240367 5
240369 3
240379 1
240382 0
240382 2
240382 4
240385 3
240395 1
240397 0
240397 2
240397 5
240399 3
240409 1
240412 0
240412 2
240412 4
240415 3
240425 1
240426 0
240427 4
240427 5
240428 2
240429 3
240439 1
240441 0
240442 4
240443 2
240445 3
240446 5
240455 1
240456 0
240456 4
240457 5
240458 2
240459 3
240469 1
240470 4
240471 0
240472 4
240473 2
240475 3
240476 5
240485 0
240485 1
240486 4
240487 4
240489 2
240489 3
240490 5
240500 0
240501 1
240502 4
240502 5
240503 3
240504 2
240515 0
240515 1
240516 4
240517 4
240519 2
240519 3
240520 5
240530 0
240531 1
240532 4
240533 3
240534 2
240535 5
240545 0
240546 1
240547 4
240548 3
240549 2
240550 5
240560 0
240562 1
240562 3
240562 5
240564 2
240575 0
240576 1
240577 4
240578 3
240579 2
240580 5
240590 0
240592 1
240592 3
240592 4
240594 2
240605 0
240606 3
240607 4
240608 1
240609 2
240620 0
240620 3
240622 4
240624 1
240624 2
240634 3
240635 0
240635 5
240637 5
240639 2
240640 1
240650 0
240651 3
240652 4
240653 1
240654 2
240665 0
240665 3
240667 4
240669 1
240669 2
240679 3
240680 5
240681 0
240682 5
240683 2
240685 1
240695 3
240696 0
240696 5
240697 4
240698 2
240699 1
240709 3
240710 5
240711 0
240712 4
240713 2
240715 1
240723 3
240724 5
240726 0
240727 5
240728 2
240731 1
240739 3
240740 5
240742 0
240742 2
240742 4
240745 1
240753 3
240754 5
240757 0
240757 2
240757 5
240761 1
240769 3
240770 5
240772 0
240772 2
240772 4
240775 1
240783 3
240784 5
240786 2
240787 5
240788 0
240791 1
240792 4
240799 3
240800 5
240801 2
240802 5
240803 0
240805 1
240806 4
240815 3
240816 2
240816 5
240817 4
240818 0
240819 1
240829 3
240830 5
240831 2
240832 5
240833 0
240835 1
240836 4
240845 2
240845 3
240846 5
240847 5
240849 0
240849 1
240850 4
240860 2
240861 3
240862 4
240862 5
240863 1
240864 0
240875 2
240875 3
240876 5
240877 5
240879 0
240879 1
240880 4
240890 2
240890 3
240891 5
240892 5
240894 0
240894 1
240895 4
240904 2
240906 3
240907 5
240908 1
240910 0
240911 4
240919 2
240922 1
240922 3
240922 5
240925 0
