69577 0
69577 1
69577 2
69577 3
69577 4
69591 3
69592 0
69592 2
69592 5
69593 1
69607 0
69607 1
69607 2
69607 3
69607 5
69621 1
69622 0
69622 2
69622 4
69623 3
69637 0
69637 1
69637 2
69637 3
69637 5
69651 1
69652 0
69652 2
69652 4
69653 3
69667 0
69667 1
69667 2
69667 3
69667 4
69681 3
69682 0
69682 2
69682 5
69683 1
69697 0
69697 1
69697 2
69697 3
69697 4
69711 3
69712 0
69712 2
69712 5
69713 1
69727 0
69727 1
69727 2
69727 3
69727 4
69741 3
69742 0
69742 2
69742 4
69742 5
69743 1
69755 3
69756 5
69757 0
69757 2
69757 5
69759 1
69771 3
69772 0
69772 2
69772 4
69772 5
69773 1
69785 3
69786 5
69787 0
69787 2
69787 5
69789 1
69801 2
69801 3
69802 5
69803 0
69803 1
69816 2
69817 1
69817 3
69817 5
69818 0
69831 1
69831 2
69832 5
69833 0
69833 3
69845 1
69846 2
69846 4
69847 4
69848 0
69849 3
69861 1
69862 0
69862 2
69862 4
69863 3
69877 0
69877 1
69877 2
69877 3
69877 4
69891 3
69892 0
69892 2
69892 5
69893 1
69906 2
69907 1
69907 3
69907 5
69908 0
69921 1
69921 2
69922 4
69923 0
69923 3
69937 0
69937 1
69937 2
69937 3
69937 5
69951 1
69951 2
69952 5
69953 0
69953 3
69965 1
69966 4
69967 0
69967 2
69967 5
69969 3
69979 1
69980 4
69982 0
69982 2
69982 5
69985 3
69993 1
69994 4
69997 0
69997 2
69997 4
70001 3
70009 1
70010 4
70012 0
70012 2
70012 5
70015 3
70023 1
70024 4
70026 0
70027 4
70028 2
70031 3
70032 5
70039 1
70040 4
70041 0
70042 4
70043 2
70045 3
70046 5
70055 1
70056 0
70056 4
70057 4
70058 2
70059 3
70071 0
70071 1
70072 4
70073 2
70073 3
70086 0
70087 1
70087 3
70087 5
70088 2
70101 0
70101 1
70102 4
70103 2
70103 3
70116 0
70117 1
70117 3
70117 4
70118 2
70131 0
70131 3
70132 5
70133 1
70133 2
70146 0
70147 1
70147 3
70147 4
70148 2
70161 0
70161 3
70162 4
70163 1
70163 2
70175 3
70176 0
70176 5
70177 5
70178 2
70179 1
70191 0
70191 3
70192 4
70193 1
70193 2
70205 3
70206 0
70206 5
70207 4
70208 2
70209 1
70220 3
70221 0
70221 5
70222 5
70223 2
70224 1
70236 0
70236 3
70237 4
70238 1
70238 2
70250 3
70251 0
70251 5
70252 5
70253 2
70254 1
70266 3
70267 0
70267 2
70267 5
70268 1
70282 0
70282 1
70282 2
70282 3
70282 4
70296 3
70297 0
70297 2
70297 5
70298 1
70312 0
70312 1
70312 2
70312 3
70312 4
70326 3
70327 0
70327 2
70327 5
70328 1
70342 0
70342 1
70342 2
70342 3
70342 4
70356 3
70357 0
70357 2
70357 4
70357 5
70358 1
70370 3
70371 5
70372 0
70372 2
70372 5
70374 1
70386 3
70387 0
70387 2
70387 5
70388 1
70401 2
70402 1
70402 3
70402 4
70403 0
70416 2
70416 3
70417 5
70418 0
70418 1
70431 2
70432 1
70432 3
70432 4
70433 0
70446 2
70446 3
70447 5
70448 0
70448 1
70461 2
70461 3
70462 4
70462 5
70463 0
70463 1
70475 3
70476 2
70476 5
70477 5
70478 0
70479 1
70491 2
70491 3
70492 4
70492 5
70493 0
70493 1
70505 3
70506 2
70506 5
70507 5
70508 0
70509 1
70521 2
70521 3
70522 5
70523 0
70523 1
70536 2
70537 1
70537 3
70537 4
70538 0
70551 2
70551 3
70552 5
70553 0
70553 1
70565 2
70567 1
70567 3
70567 5
70569 0
70580 2
70581 1
70582 4
70583 3
70584 0
70596 2
70597 1
70597 3
70597 5
70598 0
70611 1
70611 2
70612 5
70613 0
70613 3
70625 1
70626 2
70627 4
70628 0
70629 3
70641 2
70642 1
70642 3
70642 5
70643 0
70656 1
70656 2
70657 5
70658 0
70658 3
70670 1
70671 2
70672 4
70673 0
70674 3
70686 1
70686 2
70687 5
70688 0
70688 3
70700 1
70701 2
70702 4
70703 0
70704 3
70716 1
70716 2
70717 5
70718 0
70718 3
70730 1
70732 0
70732 2
70732 5
70734 3
70744 1
70747 0
70747 2
70747 4
70750 3
70760 1
70761 4
70762 0
70762 2
70762 5
70764 3
70774 1
70775 4
70777 0
70777 2
70777 4
70780 3
70790 1
70791 0
70791 4
70792 4
70793 2
70794 3
70806 0
70806 1
70807 4
70807 5
70808 2
70808 3
70820 1
70821 0
70821 4
70822 4
70823 2
70824 3
70836 0
70836 1
70837 4
70837 5
70838 2
70838 3
70850 1
70851 0
70851 4
70852 4
70853 2
70854 3
70866 0
70866 1
70867 4
70868 2
70868 3
70880 0
70882 1
70882 3
70882 5
70884 2
70895 0
70895 1
70896 4
70897 4
70899 2
70899 3
70900 5
70910 0
70911 1
70912 4
70913 3
70914 2
70915 5
70925 0
70927 1
70927 3
70927 4
70929 2
70940 0
70941 3
70942 5
70943 1
70944 2
70955 0
70957 1
70957 3
70957 4
70959 2
70970 0
70971 3
70972 4
70973 1
70974 2
70985 0
70985 3
70987 5
70989 1
70989 2
71000 0
71001 3
71002 4
71003 1
71004 2
71015 3
71016 0
71017 4
71018 2
71019 1
71030 3
71031 0
71032 5
71033 2
71034 1
71046 0
71046 3
71047 4
71048 1
71048 2
71060 3
71061 0
71061 5
71062 4
71063 2
71064 1
71074 3
71075 5
71076 0
71077 5
71078 2
71080 1
71090 3
71091 5
71092 0
71092 2
71092 4
71094 1
71104 3
71105 5
71107 0
71107 2
71107 5
71110 1
71120 3
71121 5
71122 0
71122 2
71122 4
71124 1
71134 3
71135 5
71137 0
71137 2
71137 5
71140 1
71150 3
71151 2
71151 5
71152 4
71153 0
71154 1
71164 3
71165 5
71166 2
71167 4
71168 0
71170 1
71171 4
71178 3
71179 5
71181 2
71182 5
71183 0
71186 1
71187 4
71194 3
71195 2
71195 5
71197 5
71199 0
71200 1
71201 4
71210 2
71210 3
71211 5
71212 5
71214 0
71214 1
71215 4
71225 2
71225 3
71226 5
71227 4
71229 0
71229 1
71230 4
71239 3
71240 2
71240 5
71242 5
71244 0
71245 1
71246 4
71254 2
71255 3
71256 5
71257 5
71259 1
71260 0
71261 4
71269 2
71271 3
71272 4
71272 5
71273 1
71275 0
71284 2
71285 3
71286 5
71287 5
71289 1
71290 0
71291 4
71299 2
71301 3
71302 5
71303 1
71305 0
71306 4
71314 2
71316 3
71317 5
71318 1
71320 0
71321 4
71329 2
71332 1
71332 3
71332 5
71335 0
71344 2
71346 1
71347 5
71348 3
71350 0
71359 2
71360 1
71362 5
71364 3
71365 0
71374 1
71374 2
71377 5
71380 0
71380 3
71389 1
71389 2
71392 5
71395 0
71395 3
71403 1
71404 4
71405 2
71407 5
71409 0
71411 3
71417 1
71418 4
71420 2
71422 4
71424 0
71427 3
71433 1
71434 4
71436 2
71437 5
71438 0
71441 3
71447 1
71448 4
71451 2
71452 5
71453 0
71457 3
71461 1
71462 4
71466 2
71467 4
71468 0
71473 3
71477 1
71478 4
71482 0
71482 2
71482 5
71487 3
71491 1
71492 4
71497 0
71497 2
71497 4
71503 3
71507 1
71508 4
71511 0
71512 5
71513 2
71517 3
71518 5
71521 1
71522 4
71526 0
71527 4
71528 2
71533 3
71534 5
71537 1
71538 4
71540 0
71542 4
71544 2
71547 3
71548 5
71553 1
71554 0
71554 4
71557 5
71560 2
71561 3
71562 5
71567 1
71568 4
71569 0
71572 5
71575 2
71577 3
71578 5
71580 1
71581 4
71584 0
71587 5
71590 2
71594 3
71595 1
71596 4
71598 0
71602 5
71606 2
71609 3
