7252 0
7252 1
7252 2
7252 3
7252 5
7266 1
7267 0
7267 2
7267 5
7268 3
7280 1
7282 0
7282 2
7282 4
7284 3
7296 0
7296 1
7297 4
7298 2
7298 3
7311 0
7312 1
7312 3
7312 5
7313 2
7326 0
7326 1
7327 4
7328 2
7328 3
7341 0
7342 1
7342 3
7342 4
7343 2
7356 0
7356 3
7357 5
7358 1
7358 2
7371 0
7372 1
7372 3
7372 4
7373 2
7386 0
7386 3
7387 5
7388 1
7388 2
7401 0
7402 1
7402 3
7402 4
7403 2
7416 0
7416 3
7417 4
7418 1
7418 2
7430 3
7431 0
7432 5
7433 2
7434 1
7446 3
7447 0
7447 2
7447 5
7448 1
7462 0
7462 1
7462 2
7462 3
7462 4
7476 3
7477 0
7477 2
7477 4
7478 1
7490 3
7492 0
7492 2
7492 5
7494 1
7507 0
7507 1
7507 2
7507 3
7507 5
7521 1
7522 0
7522 2
7522 5
7523 3
7535 1
7537 0
7537 2
7537 4
7539 3
7551 1
7552 0
7552 2
7552 5
7553 3
7565 1
7567 0
7567 2
7567 4
7569 3
7581 0
7581 1
7582 5
7583 2
7583 3
7595 1
7596 0
7597 4
7598 2
7599 3
7611 0
7611 1
7612 5
7613 2
7613 3
7625 1
7626 0
7627 5
7628 2
7629 3
7639 1
7641 0
7642 5
7643 2
7645 3
7653 1
7656 0
7657 4
7658 2
7661 3
7669 1
7670 0
7672 4
7674 2
7675 3
7685 0
7685 1
7687 4
7689 2
7689 3
7700 0
7701 1
7702 5
7703 3
7704 2
7715 0
7715 1
7717 4
7719 2
7719 3
7729 0
7730 1
7732 5
7734 3
7735 2
7744 0
7744 1
7747 4
7750 2
7750 3
7759 0
7760 1
7762 4
7764 3
7765 2
7774 0
7776 1
7777 4
7778 3
7780 2
7789 0
7792 1
7792 3
7792 4
7795 2
7804 0
7807 1
7807 3
7807 5
7810 2
7819 0
7821 1
7822 5
7823 3
7825 2
7834 0
7835 1
7837 4
7839 3
7840 2
7848 0
7851 1
7852 4
7853 3
7856 2
