1410 tensor([[ 0.0653,  0.0823],
        [ 0.0346,  0.0854],
        [-0.0814, -0.0696],
        [-0.0644, -0.0831]], device='cuda:0')
1411 tensor([[ 0.0653,  0.0825],
        [ 0.0346,  0.0855],
        [-0.0814, -0.0698],
        [-0.0645, -0.0831]], device='cuda:0')
1412 tensor([[ 0.0654,  0.0826],
        [ 0.0346,  0.0856],
        [-0.0815, -0.0699],
        [-0.0645, -0.0832]], device='cuda:0')
1413 tensor([[ 0.0654,  0.0827],
        [ 0.0346,  0.0857],
        [-0.0815, -0.0700],
        [-0.0645, -0.0833]], device='cuda:0')
1414 tensor([[ 0.0654,  0.0829],
        [ 0.0347,  0.0857],
        [-0.0816, -0.0701],
        [-0.0645, -0.0834]], device='cuda:0')
1415 tensor([[ 0.0655,  0.0830],
        [ 0.0347,  0.0858],
        [-0.0816, -0.0703],
        [-0.0646, -0.0835]], device='cuda:0')
1416 tensor([[ 0.0655,  0.0831],
        [ 0.0347,  0.0859],
        [-0.0817, -0.0704],
        [-0.0646, -0.0835]], device='cuda:0')
1417 tensor([[ 0.0656,  0.0832],
        [ 0.0347,  0.0860],
        [-0.0817, -0.0705],
        [-0.0646, -0.0836]], device='cuda:0')
1418 tensor([[ 0.0656,  0.0834],
        [ 0.0348,  0.0860],
        [-0.0817, -0.0707],
        [-0.0647, -0.0837]], device='cuda:0')
1419 tensor([[ 0.0656,  0.0835],
        [ 0.0348,  0.0861],
        [-0.0817, -0.0708],
        [-0.0647, -0.0838]], device='cuda:0')
1420 tensor([[ 0.0656,  0.0836],
        [ 0.0348,  0.0862],
        [-0.0817, -0.0709],
        [-0.0647, -0.0839]], device='cuda:0')
1421 tensor([[ 0.0656,  0.0837],
        [ 0.0348,  0.0862],
        [-0.0817, -0.0710],
        [-0.0647, -0.0839]], device='cuda:0')
1422 tensor([[ 0.0656,  0.0838],
        [ 0.0349,  0.0863],
        [-0.0817, -0.0712],
        [-0.0647, -0.0840]], device='cuda:0')
1423 tensor([[ 0.0656,  0.0840],
        [ 0.0349,  0.0864],
        [-0.0817, -0.0713],
        [-0.0647, -0.0841]], device='cuda:0')
1424 tensor([[ 0.0656,  0.0841],
        [ 0.0349,  0.0864],
        [-0.0817, -0.0714],
        [-0.0647, -0.0842]], device='cuda:0')
1425 tensor([[ 0.0656,  0.0842],
        [ 0.0350,  0.0865],
        [-0.0817, -0.0716],
        [-0.0648, -0.0843]], device='cuda:0')
1426 tensor([[ 0.0657,  0.0843],
        [ 0.0350,  0.0866],
        [-0.0817, -0.0717],
        [-0.0648, -0.0843]], device='cuda:0')
1427 tensor([[ 0.0657,  0.0844],
        [ 0.0350,  0.0866],
        [-0.0817, -0.0718],
        [-0.0648, -0.0844]], device='cuda:0')
1428 tensor([[ 0.0657,  0.0845],
        [ 0.0350,  0.0867],
        [-0.0817, -0.0719],
        [-0.0648, -0.0845]], device='cuda:0')
1429 tensor([[ 0.0657,  0.0846],
        [ 0.0351,  0.0868],
        [-0.0817, -0.0720],
        [-0.0648, -0.0846]], device='cuda:0')
1430 tensor([[ 0.0657,  0.0848],
        [ 0.0351,  0.0868],
        [-0.0817, -0.0722],
        [-0.0648, -0.0847]], device='cuda:0')
1431 tensor([[ 0.0657,  0.0849],
        [ 0.0351,  0.0869],
        [-0.0817, -0.0723],
        [-0.0648, -0.0847]], device='cuda:0')
1432 tensor([[ 0.0657,  0.0850],
        [ 0.0351,  0.0870],
        [-0.0817, -0.0724],
        [-0.0649, -0.0848]], device='cuda:0')
1433 tensor([[ 0.0657,  0.0851],
        [ 0.0352,  0.0870],
        [-0.0817, -0.0725],
        [-0.0649, -0.0848]], device='cuda:0')
1434 tensor([[ 0.0657,  0.0852],
        [ 0.0352,  0.0871],
        [-0.0817, -0.0726],
        [-0.0649, -0.0849]], device='cuda:0')
1435 tensor([[ 0.0657,  0.0853],
        [ 0.0352,  0.0871],
        [-0.0817, -0.0726],
        [-0.0649, -0.0849]], device='cuda:0')
1436 tensor([[ 0.0657,  0.0853],
        [ 0.0352,  0.0871],
        [-0.0817, -0.0727],
        [-0.0649, -0.0849]], device='cuda:0')
1437 tensor([[ 0.0657,  0.0854],
        [ 0.0353,  0.0871],
        [-0.0817, -0.0728],
        [-0.0650, -0.0850]], device='cuda:0')
1438 tensor([[ 0.0657,  0.0855],
        [ 0.0353,  0.0872],
        [-0.0817, -0.0729],
        [-0.0650, -0.0850]], device='cuda:0')
1439 tensor([[ 0.0657,  0.0856],
        [ 0.0353,  0.0872],
        [-0.0817, -0.0729],
        [-0.0650, -0.0850]], device='cuda:0')
1440 tensor([[ 0.0657,  0.0856],
        [ 0.0353,  0.0872],
        [-0.0817, -0.0730],
        [-0.0650, -0.0851]], device='cuda:0')
1441 tensor([[ 0.0657,  0.0857],
        [ 0.0353,  0.0873],
        [-0.0817, -0.0731],
        [-0.0650, -0.0851]], device='cuda:0')
1442 tensor([[ 0.0657,  0.0858],
        [ 0.0354,  0.0873],
        [-0.0817, -0.0732],
        [-0.0651, -0.0851]], device='cuda:0')
1443 tensor([[ 0.0657,  0.0859],
        [ 0.0354,  0.0873],
        [-0.0817, -0.0732],
        [-0.0651, -0.0851]], device='cuda:0')
1444 tensor([[ 0.0657,  0.0859],
        [ 0.0354,  0.0873],
        [-0.0817, -0.0733],
        [-0.0651, -0.0852]], device='cuda:0')
1445 tensor([[ 0.0657,  0.0860],
        [ 0.0354,  0.0874],
        [-0.0817, -0.0734],
        [-0.0651, -0.0852]], device='cuda:0')
1446 tensor([[ 0.0657,  0.0861],
        [ 0.0354,  0.0874],
        [-0.0818, -0.0734],
        [-0.0651, -0.0852]], device='cuda:0')
1447 tensor([[ 0.0657,  0.0861],
        [ 0.0355,  0.0874],
        [-0.0818, -0.0735],
        [-0.0652, -0.0853]], device='cuda:0')
1448 tensor([[ 0.0657,  0.0862],
        [ 0.0355,  0.0874],
        [-0.0818, -0.0736],
        [-0.0652, -0.0853]], device='cuda:0')
1449 tensor([[ 0.0657,  0.0863],
        [ 0.0355,  0.0875],
        [-0.0818, -0.0736],
        [-0.0652, -0.0853]], device='cuda:0')
1450 tensor([[ 0.0657,  0.0863],
        [ 0.0355,  0.0875],
        [-0.0818, -0.0736],
        [-0.0652, -0.0853]], device='cuda:0')
1451 tensor([[ 0.0657,  0.0863],
        [ 0.0355,  0.0875],
        [-0.0818, -0.0736],
        [-0.0652, -0.0854]], device='cuda:0')
1452 tensor([[ 0.0657,  0.0864],
        [ 0.0356,  0.0876],
        [-0.0818, -0.0737],
        [-0.0652, -0.0854]], device='cuda:0')
1453 tensor([[ 0.0657,  0.0864],
        [ 0.0356,  0.0876],
        [-0.0818, -0.0737],
        [-0.0653, -0.0854]], device='cuda:0')
1454 tensor([[ 0.0657,  0.0864],
        [ 0.0356,  0.0876],
        [-0.0818, -0.0737],
        [-0.0653, -0.0855]], device='cuda:0')
1455 tensor([[ 0.0657,  0.0865],
        [ 0.0356,  0.0876],
        [-0.0818, -0.0738],
        [-0.0653, -0.0855]], device='cuda:0')
1456 tensor([[ 0.0657,  0.0865],
        [ 0.0356,  0.0877],
        [-0.0818, -0.0738],
        [-0.0653, -0.0855]], device='cuda:0')
1457 tensor([[ 0.0657,  0.0865],
        [ 0.0356,  0.0877],
        [-0.0818, -0.0738],
        [-0.0653, -0.0855]], device='cuda:0')
1458 tensor([[ 0.0657,  0.0866],
        [ 0.0357,  0.0877],
        [-0.0818, -0.0739],
        [-0.0654, -0.0856]], device='cuda:0')
1459 tensor([[ 0.0657,  0.0866],
        [ 0.0357,  0.0877],
        [-0.0818, -0.0739],
        [-0.0654, -0.0856]], device='cuda:0')
1460 tensor([[ 0.0657,  0.0866],
        [ 0.0357,  0.0878],
        [-0.0818, -0.0739],
        [-0.0654, -0.0856]], device='cuda:0')
1461 tensor([[ 0.0657,  0.0867],
        [ 0.0357,  0.0878],
        [-0.0818, -0.0740],
        [-0.0654, -0.0856]], device='cuda:0')
1462 tensor([[ 0.0657,  0.0867],
        [ 0.0357,  0.0878],
        [-0.0818, -0.0740],
        [-0.0654, -0.0857]], device='cuda:0')
1463 tensor([[ 0.0657,  0.0867],
        [ 0.0358,  0.0878],
        [-0.0818, -0.0740],
        [-0.0654, -0.0857]], device='cuda:0')
1464 tensor([[ 0.0657,  0.0868],
        [ 0.0359,  0.0879],
        [-0.0817, -0.0741],
        [-0.0655, -0.0857]], device='cuda:0')
1465 tensor([[ 0.0656,  0.0868],
        [ 0.0359,  0.0879],
        [-0.0817, -0.0741],
        [-0.0655, -0.0858]], device='cuda:0')
1466 tensor([[ 0.0656,  0.0868],
        [ 0.0360,  0.0879],
        [-0.0817, -0.0741],
        [-0.0656, -0.0858]], device='cuda:0')
1467 tensor([[ 0.0656,  0.0868],
        [ 0.0360,  0.0879],
        [-0.0816, -0.0742],
        [-0.0656, -0.0858]], device='cuda:0')
1468 tensor([[ 0.0655,  0.0869],
        [ 0.0361,  0.0879],
        [-0.0816, -0.0742],
        [-0.0657, -0.0858]], device='cuda:0')
1469 tensor([[ 0.0655,  0.0869],
        [ 0.0362,  0.0880],
        [-0.0815, -0.0742],
        [-0.0657, -0.0859]], device='cuda:0')
1470 tensor([[ 0.0655,  0.0869],
        [ 0.0362,  0.0880],
        [-0.0815, -0.0743],
        [-0.0658, -0.0859]], device='cuda:0')
1471 tensor([[ 0.0654,  0.0869],
        [ 0.0363,  0.0880],
        [-0.0815, -0.0743],
        [-0.0658, -0.0859]], device='cuda:0')
1472 tensor([[ 0.0654,  0.0870],
        [ 0.0363,  0.0880],
        [-0.0814, -0.0744],
        [-0.0659, -0.0860]], device='cuda:0')
1473 tensor([[ 0.0654,  0.0870],
        [ 0.0364,  0.0880],
        [-0.0814, -0.0744],
        [-0.0659, -0.0860]], device='cuda:0')
1474 tensor([[ 0.0654,  0.0870],
        [ 0.0365,  0.0880],
        [-0.0814, -0.0744],
        [-0.0660, -0.0860]], device='cuda:0')
1475 tensor([[ 0.0653,  0.0870],
        [ 0.0365,  0.0881],
        [-0.0813, -0.0745],
        [-0.0660, -0.0861]], device='cuda:0')
1476 tensor([[ 0.0653,  0.0871],
        [ 0.0366,  0.0881],
        [-0.0813, -0.0745],
        [-0.0661, -0.0861]], device='cuda:0')
1477 tensor([[ 0.0653,  0.0871],
        [ 0.0366,  0.0881],
        [-0.0813, -0.0745],
        [-0.0661, -0.0861]], device='cuda:0')
1478 tensor([[ 0.0652,  0.0871],
        [ 0.0367,  0.0881],
        [-0.0812, -0.0745],
        [-0.0662, -0.0861]], device='cuda:0')
1479 tensor([[ 0.0652,  0.0871],
        [ 0.0367,  0.0881],
        [-0.0812, -0.0745],
        [-0.0662, -0.0862]], device='cuda:0')
1480 tensor([[ 0.0652,  0.0871],
        [ 0.0368,  0.0882],
        [-0.0812, -0.0745],
        [-0.0663, -0.0862]], device='cuda:0')
1481 tensor([[ 0.0651,  0.0871],
        [ 0.0368,  0.0882],
        [-0.0811, -0.0745],
        [-0.0663, -0.0862]], device='cuda:0')
1482 tensor([[ 0.0651,  0.0871],
        [ 0.0369,  0.0882],
        [-0.0811, -0.0745],
        [-0.0664, -0.0862]], device='cuda:0')
1483 tensor([[ 0.0651,  0.0871],
        [ 0.0369,  0.0882],
        [-0.0811, -0.0745],
        [-0.0664, -0.0862]], device='cuda:0')
1484 tensor([[ 0.0650,  0.0871],
        [ 0.0370,  0.0882],
        [-0.0810, -0.0745],
        [-0.0665, -0.0863]], device='cuda:0')
1485 tensor([[ 0.0650,  0.0871],
        [ 0.0370,  0.0883],
        [-0.0810, -0.0745],
        [-0.0665, -0.0863]], device='cuda:0')
1486 tensor([[ 0.0650,  0.0871],
        [ 0.0371,  0.0883],
        [-0.0810, -0.0744],
        [-0.0666, -0.0863]], device='cuda:0')
1487 tensor([[ 0.0649,  0.0871],
        [ 0.0371,  0.0883],
        [-0.0810, -0.0744],
        [-0.0666, -0.0863]], device='cuda:0')
1488 tensor([[ 0.0649,  0.0871],
        [ 0.0372,  0.0883],
        [-0.0809, -0.0744],
        [-0.0667, -0.0864]], device='cuda:0')
1489 tensor([[ 0.0649,  0.0870],
        [ 0.0372,  0.0884],
        [-0.0809, -0.0744],
        [-0.0667, -0.0864]], device='cuda:0')
1490 tensor([[ 0.0648,  0.0870],
        [ 0.0373,  0.0884],
        [-0.0809, -0.0744],
        [-0.0668, -0.0864]], device='cuda:0')
1491 tensor([[ 0.0648,  0.0870],
        [ 0.0373,  0.0884],
        [-0.0808, -0.0744],
        [-0.0668, -0.0864]], device='cuda:0')
1492 tensor([[ 0.0648,  0.0870],
        [ 0.0374,  0.0884],
        [-0.0808, -0.0744],
        [-0.0669, -0.0864]], device='cuda:0')
1493 tensor([[ 0.0647,  0.0870],
        [ 0.0375,  0.0884],
        [-0.0807, -0.0744],
        [-0.0669, -0.0865]], device='cuda:0')
1494 tensor([[ 0.0647,  0.0870],
        [ 0.0376,  0.0884],
        [-0.0807, -0.0744],
        [-0.0670, -0.0865]], device='cuda:0')
1495 tensor([[ 0.0646,  0.0870],
        [ 0.0377,  0.0885],
        [-0.0806, -0.0744],
        [-0.0671, -0.0865]], device='cuda:0')
1496 tensor([[ 0.0646,  0.0870],
        [ 0.0377,  0.0885],
        [-0.0805, -0.0744],
        [-0.0671, -0.0865]], device='cuda:0')
1497 tensor([[ 0.0645,  0.0870],
        [ 0.0378,  0.0885],
        [-0.0805, -0.0744],
        [-0.0672, -0.0866]], device='cuda:0')
1498 tensor([[ 0.0644,  0.0870],
        [ 0.0379,  0.0885],
        [-0.0804, -0.0744],
        [-0.0673, -0.0866]], device='cuda:0')
1499 tensor([[ 0.0644,  0.0869],
        [ 0.0380,  0.0885],
        [-0.0803, -0.0744],
        [-0.0674, -0.0866]], device='cuda:0')
1500 tensor([[ 0.0643,  0.0869],
        [ 0.0381,  0.0885],
        [-0.0803, -0.0744],
        [-0.0675, -0.0866]], device='cuda:0')
1501 tensor([[ 0.0642,  0.0869],
        [ 0.0382,  0.0885],
        [-0.0802, -0.0744],
        [-0.0675, -0.0867]], device='cuda:0')
1502 tensor([[ 0.0642,  0.0869],
        [ 0.0383,  0.0885],
        [-0.0801, -0.0744],
        [-0.0676, -0.0867]], device='cuda:0')
1503 tensor([[ 0.0641,  0.0869],
        [ 0.0384,  0.0886],
        [-0.0800, -0.0744],
        [-0.0677, -0.0867]], device='cuda:0')
1504 tensor([[ 0.0641,  0.0869],
        [ 0.0384,  0.0886],
        [-0.0800, -0.0744],
        [-0.0678, -0.0867]], device='cuda:0')
1505 tensor([[ 0.0640,  0.0869],
        [ 0.0385,  0.0886],
        [-0.0799, -0.0744],
        [-0.0678, -0.0868]], device='cuda:0')
1506 tensor([[ 0.0639,  0.0869],
        [ 0.0386,  0.0886],
        [-0.0799, -0.0744],
        [-0.0679, -0.0868]], device='cuda:0')
1507 tensor([[ 0.0639,  0.0869],
        [ 0.0387,  0.0886],
        [-0.0798, -0.0744],
        [-0.0680, -0.0868]], device='cuda:0')
1508 tensor([[ 0.0638,  0.0869],
        [ 0.0388,  0.0886],
        [-0.0797, -0.0743],
        [-0.0681, -0.0868]], device='cuda:0')
1509 tensor([[ 0.0638,  0.0868],
        [ 0.0389,  0.0887],
        [-0.0797, -0.0743],
        [-0.0681, -0.0868]], device='cuda:0')
1510 tensor([[ 0.0637,  0.0868],
        [ 0.0389,  0.0887],
        [-0.0796, -0.0742],
        [-0.0682, -0.0869]], device='cuda:0')
1511 tensor([[ 0.0636,  0.0867],
        [ 0.0390,  0.0887],
        [-0.0796, -0.0742],
        [-0.0683, -0.0869]], device='cuda:0')
1512 tensor([[ 0.0636,  0.0867],
        [ 0.0391,  0.0887],
        [-0.0795, -0.0741],
        [-0.0684, -0.0869]], device='cuda:0')
1513 tensor([[ 0.0635,  0.0866],
        [ 0.0392,  0.0887],
        [-0.0794, -0.0741],
        [-0.0685, -0.0869]], device='cuda:0')
1514 tensor([[ 0.0635,  0.0866],
        [ 0.0392,  0.0887],
        [-0.0794, -0.0741],
        [-0.0685, -0.0869]], device='cuda:0')
1515 tensor([[ 0.0634,  0.0866],
        [ 0.0393,  0.0888],
        [-0.0793, -0.0740],
        [-0.0686, -0.0869]], device='cuda:0')
1516 tensor([[ 0.0633,  0.0865],
        [ 0.0394,  0.0888],
        [-0.0793, -0.0740],
        [-0.0687, -0.0870]], device='cuda:0')
1517 tensor([[ 0.0633,  0.0865],
        [ 0.0395,  0.0888],
        [-0.0792, -0.0739],
        [-0.0688, -0.0870]], device='cuda:0')
1518 tensor([[ 0.0632,  0.0864],
        [ 0.0395,  0.0888],
        [-0.0792, -0.0739],
        [-0.0688, -0.0870]], device='cuda:0')
1519 tensor([[ 0.0632,  0.0864],
        [ 0.0396,  0.0888],
        [-0.0791, -0.0738],
        [-0.0689, -0.0870]], device='cuda:0')
1520 tensor([[ 0.0631,  0.0864],
        [ 0.0397,  0.0888],
        [-0.0790, -0.0738],
        [-0.0690, -0.0870]], device='cuda:0')
1521 tensor([[ 0.0630,  0.0863],
        [ 0.0398,  0.0889],
        [-0.0790, -0.0738],
        [-0.0691, -0.0870]], device='cuda:0')
1522 tensor([[ 0.0630,  0.0863],
        [ 0.0398,  0.0889],
        [-0.0789, -0.0737],
        [-0.0691, -0.0871]], device='cuda:0')
1523 tensor([[ 0.0629,  0.0862],
        [ 0.0399,  0.0889],
        [-0.0789, -0.0736],
        [-0.0692, -0.0871]], device='cuda:0')
1524 tensor([[ 0.0629,  0.0862],
        [ 0.0400,  0.0890],
        [-0.0788, -0.0736],
        [-0.0693, -0.0871]], device='cuda:0')
1525 tensor([[ 0.0628,  0.0861],
        [ 0.0400,  0.0890],
        [-0.0788, -0.0735],
        [-0.0694, -0.0872]], device='cuda:0')
1526 tensor([[ 0.0627,  0.0860],
        [ 0.0401,  0.0891],
        [-0.0787, -0.0734],
        [-0.0694, -0.0872]], device='cuda:0')
1527 tensor([[ 0.0627,  0.0859],
        [ 0.0402,  0.0891],
        [-0.0787, -0.0733],
        [-0.0695, -0.0873]], device='cuda:0')
1528 tensor([[ 0.0626,  0.0859],
        [ 0.0403,  0.0892],
        [-0.0786, -0.0733],
        [-0.0696, -0.0873]], device='cuda:0')
1529 tensor([[ 0.0626,  0.0858],
        [ 0.0403,  0.0892],
        [-0.0786, -0.0732],
        [-0.0696, -0.0874]], device='cuda:0')
1530 tensor([[ 0.0625,  0.0857],
        [ 0.0404,  0.0893],
        [-0.0785, -0.0731],
        [-0.0697, -0.0874]], device='cuda:0')
1531 tensor([[ 0.0625,  0.0857],
        [ 0.0405,  0.0893],
        [-0.0785, -0.0730],
        [-0.0698, -0.0875]], device='cuda:0')
1532 tensor([[ 0.0624,  0.0856],
        [ 0.0405,  0.0894],
        [-0.0784, -0.0730],
        [-0.0699, -0.0875]], device='cuda:0')
1533 tensor([[ 0.0623,  0.0855],
        [ 0.0406,  0.0895],
        [-0.0784, -0.0729],
        [-0.0699, -0.0876]], device='cuda:0')
1534 tensor([[ 0.0623,  0.0854],
        [ 0.0407,  0.0895],
        [-0.0783, -0.0728],
        [-0.0700, -0.0876]], device='cuda:0')
1535 tensor([[ 0.0622,  0.0854],
        [ 0.0407,  0.0896],
        [-0.0783, -0.0727],
        [-0.0701, -0.0877]], device='cuda:0')
1536 tensor([[ 0.0622,  0.0853],
        [ 0.0408,  0.0896],
        [-0.0782, -0.0727],
        [-0.0701, -0.0877]], device='cuda:0')
1537 tensor([[ 0.0621,  0.0852],
        [ 0.0409,  0.0896],
        [-0.0782, -0.0726],
        [-0.0702, -0.0878]], device='cuda:0')
1538 tensor([[ 0.0621,  0.0852],
        [ 0.0409,  0.0897],
        [-0.0781, -0.0725],
        [-0.0703, -0.0878]], device='cuda:0')
1539 tensor([[ 0.0620,  0.0851],
        [ 0.0410,  0.0898],
        [-0.0781, -0.0724],
        [-0.0703, -0.0879]], device='cuda:0')
1540 tensor([[ 0.0620,  0.0849],
        [ 0.0411,  0.0899],
        [-0.0780, -0.0723],
        [-0.0704, -0.0879]], device='cuda:0')
1541 tensor([[ 0.0619,  0.0848],
        [ 0.0411,  0.0900],
        [-0.0780, -0.0722],
        [-0.0705, -0.0880]], device='cuda:0')
1542 tensor([[ 0.0619,  0.0847],
        [ 0.0412,  0.0900],
        [-0.0779, -0.0720],
        [-0.0705, -0.0881]], device='cuda:0')
1543 tensor([[ 0.0618,  0.0846],
        [ 0.0413,  0.0901],
        [-0.0779, -0.0719],
        [-0.0706, -0.0882]], device='cuda:0')
1544 tensor([[ 0.0618,  0.0845],
        [ 0.0413,  0.0902],
        [-0.0778, -0.0718],
        [-0.0707, -0.0883]], device='cuda:0')
1545 tensor([[ 0.0617,  0.0844],
        [ 0.0414,  0.0903],
        [-0.0778, -0.0717],
        [-0.0707, -0.0883]], device='cuda:0')
1546 tensor([[ 0.0617,  0.0843],
        [ 0.0415,  0.0904],
        [-0.0777, -0.0716],
        [-0.0708, -0.0884]], device='cuda:0')
1547 tensor([[ 0.0616,  0.0842],
        [ 0.0415,  0.0904],
        [-0.0777, -0.0715],
        [-0.0709, -0.0885]], device='cuda:0')
1548 tensor([[ 0.0615,  0.0841],
        [ 0.0416,  0.0905],
        [-0.0776, -0.0714],
        [-0.0709, -0.0886]], device='cuda:0')
1549 tensor([[ 0.0615,  0.0840],
        [ 0.0416,  0.0906],
        [-0.0776, -0.0713],
        [-0.0710, -0.0886]], device='cuda:0')
1550 tensor([[ 0.0614,  0.0839],
        [ 0.0417,  0.0907],
        [-0.0775, -0.0712],
        [-0.0711, -0.0887]], device='cuda:0')
1551 tensor([[ 0.0614,  0.0838],
        [ 0.0418,  0.0907],
        [-0.0775, -0.0711],
        [-0.0711, -0.0888]], device='cuda:0')
1552 tensor([[ 0.0613,  0.0837],
        [ 0.0418,  0.0908],
        [-0.0774, -0.0710],
        [-0.0712, -0.0889]], device='cuda:0')
1553 tensor([[ 0.0613,  0.0836],
        [ 0.0419,  0.0909],
        [-0.0774, -0.0709],
        [-0.0712, -0.0889]], device='cuda:0')
1554 tensor([[ 0.0613,  0.0835],
        [ 0.0420,  0.0909],
        [-0.0773, -0.0708],
        [-0.0713, -0.0890]], device='cuda:0')
1555 tensor([[ 0.0612,  0.0834],
        [ 0.0421,  0.0910],
        [-0.0773, -0.0707],
        [-0.0713, -0.0891]], device='cuda:0')
1556 tensor([[ 0.0612,  0.0833],
        [ 0.0422,  0.0910],
        [-0.0772, -0.0706],
        [-0.0714, -0.0892]], device='cuda:0')
1557 tensor([[ 0.0611,  0.0832],
        [ 0.0423,  0.0911],
        [-0.0772, -0.0705],
        [-0.0715, -0.0892]], device='cuda:0')
1558 tensor([[ 0.0611,  0.0831],
        [ 0.0424,  0.0912],
        [-0.0771, -0.0704],
        [-0.0716, -0.0893]], device='cuda:0')
1559 tensor([[ 0.0610,  0.0830],
        [ 0.0425,  0.0912],
        [-0.0771, -0.0704],
        [-0.0717, -0.0894]], device='cuda:0')
1560 tensor([[ 0.0610,  0.0829],
        [ 0.0426,  0.0913],
        [-0.0770, -0.0703],
        [-0.0718, -0.0895]], device='cuda:0')
1561 tensor([[ 0.0610,  0.0828],
        [ 0.0427,  0.0914],
        [-0.0770, -0.0702],
        [-0.0718, -0.0895]], device='cuda:0')
1562 tensor([[ 0.0609,  0.0827],
        [ 0.0427,  0.0914],
        [-0.0770, -0.0701],
        [-0.0719, -0.0896]], device='cuda:0')
1563 tensor([[ 0.0609,  0.0826],
        [ 0.0428,  0.0915],
        [-0.0769, -0.0700],
        [-0.0720, -0.0897]], device='cuda:0')
1564 tensor([[ 0.0608,  0.0825],
        [ 0.0429,  0.0916],
        [-0.0769, -0.0699],
        [-0.0721, -0.0898]], device='cuda:0')
1565 tensor([[ 0.0608,  0.0824],
        [ 0.0430,  0.0916],
        [-0.0768, -0.0698],
        [-0.0721, -0.0898]], device='cuda:0')
1566 tensor([[ 0.0608,  0.0823],
        [ 0.0431,  0.0917],
        [-0.0768, -0.0697],
        [-0.0722, -0.0899]], device='cuda:0')
1567 tensor([[ 0.0607,  0.0822],
        [ 0.0432,  0.0917],
        [-0.0767, -0.0696],
        [-0.0723, -0.0900]], device='cuda:0')
1568 tensor([[ 0.0607,  0.0821],
        [ 0.0432,  0.0918],
        [-0.0767, -0.0695],
        [-0.0724, -0.0900]], device='cuda:0')
1569 tensor([[ 0.0606,  0.0820],
        [ 0.0433,  0.0919],
        [-0.0766, -0.0695],
        [-0.0725, -0.0901]], device='cuda:0')
1570 tensor([[ 0.0606,  0.0819],
        [ 0.0434,  0.0920],
        [-0.0766, -0.0694],
        [-0.0725, -0.0902]], device='cuda:0')
1571 tensor([[ 0.0605,  0.0819],
        [ 0.0435,  0.0921],
        [-0.0765, -0.0693],
        [-0.0726, -0.0903]], device='cuda:0')
1572 tensor([[ 0.0605,  0.0818],
        [ 0.0436,  0.0922],
        [-0.0765, -0.0692],
        [-0.0727, -0.0904]], device='cuda:0')
1573 tensor([[ 0.0605,  0.0817],
        [ 0.0436,  0.0923],
        [-0.0765, -0.0691],
        [-0.0728, -0.0905]], device='cuda:0')
1574 tensor([[ 0.0604,  0.0816],
        [ 0.0437,  0.0924],
        [-0.0764, -0.0690],
        [-0.0729, -0.0906]], device='cuda:0')
1575 tensor([[ 0.0604,  0.0815],
        [ 0.0438,  0.0925],
        [-0.0764, -0.0689],
        [-0.0729, -0.0907]], device='cuda:0')
1576 tensor([[ 0.0603,  0.0814],
        [ 0.0439,  0.0926],
        [-0.0763, -0.0688],
        [-0.0730, -0.0908]], device='cuda:0')
1577 tensor([[ 0.0603,  0.0813],
        [ 0.0439,  0.0927],
        [-0.0763, -0.0687],
        [-0.0731, -0.0909]], device='cuda:0')
1578 tensor([[ 0.0602,  0.0812],
        [ 0.0440,  0.0928],
        [-0.0763, -0.0686],
        [-0.0732, -0.0910]], device='cuda:0')
1579 tensor([[ 0.0602,  0.0812],
        [ 0.0441,  0.0929],
        [-0.0762, -0.0686],
        [-0.0732, -0.0911]], device='cuda:0')
1580 tensor([[ 0.0602,  0.0811],
        [ 0.0442,  0.0929],
        [-0.0762, -0.0685],
        [-0.0733, -0.0911]], device='cuda:0')
1581 tensor([[ 0.0601,  0.0810],
        [ 0.0442,  0.0930],
        [-0.0762, -0.0684],
        [-0.0734, -0.0912]], device='cuda:0')
1582 tensor([[ 0.0601,  0.0809],
        [ 0.0443,  0.0931],
        [-0.0761, -0.0683],
        [-0.0735, -0.0913]], device='cuda:0')
1583 tensor([[ 0.0600,  0.0808],
        [ 0.0444,  0.0932],
        [-0.0761, -0.0682],
        [-0.0735, -0.0914]], device='cuda:0')
1584 tensor([[ 0.0600,  0.0807],
        [ 0.0445,  0.0933],
        [-0.0760, -0.0681],
        [-0.0736, -0.0915]], device='cuda:0')
1585 tensor([[ 0.0600,  0.0806],
        [ 0.0446,  0.0934],
        [-0.0760, -0.0681],
        [-0.0737, -0.0916]], device='cuda:0')
1586 tensor([[ 0.0599,  0.0806],
        [ 0.0447,  0.0934],
        [-0.0759, -0.0680],
        [-0.0738, -0.0917]], device='cuda:0')
1587 tensor([[ 0.0599,  0.0805],
        [ 0.0448,  0.0935],
        [-0.0759, -0.0679],
        [-0.0739, -0.0918]], device='cuda:0')
1588 tensor([[ 0.0599,  0.0804],
        [ 0.0449,  0.0936],
        [-0.0759, -0.0678],
        [-0.0740, -0.0919]], device='cuda:0')
1589 tensor([[ 0.0598,  0.0803],
        [ 0.0450,  0.0937],
        [-0.0758, -0.0678],
        [-0.0740, -0.0920]], device='cuda:0')
1590 tensor([[ 0.0598,  0.0802],
        [ 0.0451,  0.0937],
        [-0.0758, -0.0677],
        [-0.0741, -0.0920]], device='cuda:0')
1591 tensor([[ 0.0598,  0.0801],
        [ 0.0452,  0.0938],
        [-0.0757, -0.0676],
        [-0.0742, -0.0921]], device='cuda:0')
1592 tensor([[ 0.0597,  0.0800],
        [ 0.0453,  0.0939],
        [-0.0757, -0.0675],
        [-0.0743, -0.0922]], device='cuda:0')
1593 tensor([[ 0.0597,  0.0800],
        [ 0.0454,  0.0940],
        [-0.0757, -0.0674],
        [-0.0744, -0.0923]], device='cuda:0')
1594 tensor([[ 0.0597,  0.0799],
        [ 0.0455,  0.0941],
        [-0.0756, -0.0674],
        [-0.0745, -0.0924]], device='cuda:0')
1595 tensor([[ 0.0596,  0.0798],
        [ 0.0456,  0.0941],
        [-0.0756, -0.0673],
        [-0.0746, -0.0925]], device='cuda:0')
1596 tensor([[ 0.0596,  0.0797],
        [ 0.0457,  0.0942],
        [-0.0755, -0.0672],
        [-0.0747, -0.0926]], device='cuda:0')
1597 tensor([[ 0.0596,  0.0796],
        [ 0.0458,  0.0943],
        [-0.0755, -0.0671],
        [-0.0748, -0.0927]], device='cuda:0')
1598 tensor([[ 0.0595,  0.0795],
        [ 0.0460,  0.0944],
        [-0.0755, -0.0671],
        [-0.0749, -0.0927]], device='cuda:0')
1599 tensor([[ 0.0595,  0.0795],
        [ 0.0461,  0.0944],
        [-0.0754, -0.0670],
        [-0.0749, -0.0928]], device='cuda:0')
1600 tensor([[ 0.0595,  0.0794],
        [ 0.0462,  0.0945],
        [-0.0754, -0.0669],
        [-0.0751, -0.0929]], device='cuda:0')
1601 tensor([[ 0.0594,  0.0793],
        [ 0.0463,  0.0946],
        [-0.0753, -0.0669],
        [-0.0752, -0.0930]], device='cuda:0')
1602 tensor([[ 0.0594,  0.0792],
        [ 0.0465,  0.0946],
        [-0.0753, -0.0668],
        [-0.0753, -0.0931]], device='cuda:0')
1603 tensor([[ 0.0594,  0.0791],
        [ 0.0466,  0.0947],
        [-0.0753, -0.0667],
        [-0.0754, -0.0932]], device='cuda:0')
1604 tensor([[ 0.0593,  0.0791],
        [ 0.0467,  0.0948],
        [-0.0752, -0.0666],
        [-0.0755, -0.0932]], device='cuda:0')
1605 tensor([[ 0.0593,  0.0790],
        [ 0.0468,  0.0949],
        [-0.0752, -0.0666],
        [-0.0756, -0.0933]], device='cuda:0')
1606 tensor([[ 0.0593,  0.0789],
        [ 0.0470,  0.0949],
        [-0.0751, -0.0665],
        [-0.0757, -0.0934]], device='cuda:0')
1607 tensor([[ 0.0592,  0.0788],
        [ 0.0471,  0.0950],
        [-0.0751, -0.0664],
        [-0.0759, -0.0935]], device='cuda:0')
1608 tensor([[ 0.0592,  0.0787],
        [ 0.0472,  0.0951],
        [-0.0751, -0.0664],
        [-0.0760, -0.0936]], device='cuda:0')
1609 tensor([[ 0.0592,  0.0787],
        [ 0.0473,  0.0951],
        [-0.0750, -0.0663],
        [-0.0761, -0.0937]], device='cuda:0')
1610 tensor([[ 0.0591,  0.0786],
        [ 0.0474,  0.0952],
        [-0.0750, -0.0662],
        [-0.0762, -0.0937]], device='cuda:0')
1611 tensor([[ 0.0591,  0.0785],
        [ 0.0476,  0.0953],
        [-0.0749, -0.0662],
        [-0.0763, -0.0938]], device='cuda:0')
1612 tensor([[ 0.0591,  0.0784],
        [ 0.0477,  0.0953],
        [-0.0749, -0.0661],
        [-0.0764, -0.0939]], device='cuda:0')
1613 tensor([[ 0.0591,  0.0784],
        [ 0.0478,  0.0954],
        [-0.0749, -0.0660],
        [-0.0765, -0.0940]], device='cuda:0')
1614 tensor([[ 0.0590,  0.0783],
        [ 0.0480,  0.0955],
        [-0.0748, -0.0660],
        [-0.0767, -0.0941]], device='cuda:0')
1615 tensor([[ 0.0590,  0.0782],
        [ 0.0481,  0.0955],
        [-0.0748, -0.0659],
        [-0.0768, -0.0941]], device='cuda:0')
1616 tensor([[ 0.0590,  0.0781],
        [ 0.0483,  0.0956],
        [-0.0748, -0.0658],
        [-0.0769, -0.0942]], device='cuda:0')
1617 tensor([[ 0.0589,  0.0781],
        [ 0.0484,  0.0957],
        [-0.0747, -0.0658],
        [-0.0771, -0.0943]], device='cuda:0')
1618 tensor([[ 0.0589,  0.0780],
        [ 0.0486,  0.0957],
        [-0.0747, -0.0657],
        [-0.0772, -0.0944]], device='cuda:0')
1619 tensor([[ 0.0589,  0.0779],
        [ 0.0487,  0.0958],
        [-0.0747, -0.0656],
        [-0.0774, -0.0944]], device='cuda:0')
1620 tensor([[ 0.0589,  0.0778],
        [ 0.0489,  0.0959],
        [-0.0746, -0.0656],
        [-0.0775, -0.0945]], device='cuda:0')
1621 tensor([[ 0.0588,  0.0778],
        [ 0.0490,  0.0959],
        [-0.0746, -0.0655],
        [-0.0776, -0.0946]], device='cuda:0')
1622 tensor([[ 0.0588,  0.0777],
        [ 0.0492,  0.0960],
        [-0.0745, -0.0654],
        [-0.0778, -0.0947]], device='cuda:0')
1623 tensor([[ 0.0588,  0.0776],
        [ 0.0493,  0.0961],
        [-0.0745, -0.0654],
        [-0.0779, -0.0947]], device='cuda:0')
1624 tensor([[ 0.0587,  0.0776],
        [ 0.0495,  0.0961],
        [-0.0745, -0.0653],
        [-0.0780, -0.0948]], device='cuda:0')
1625 tensor([[ 0.0587,  0.0775],
        [ 0.0496,  0.0962],
        [-0.0744, -0.0653],
        [-0.0782, -0.0949]], device='cuda:0')
1626 tensor([[ 0.0587,  0.0774],
        [ 0.0497,  0.0963],
        [-0.0744, -0.0652],
        [-0.0783, -0.0950]], device='cuda:0')
1627 tensor([[ 0.0587,  0.0773],
        [ 0.0499,  0.0963],
        [-0.0744, -0.0651],
        [-0.0784, -0.0950]], device='cuda:0')
1628 tensor([[ 0.0586,  0.0773],
        [ 0.0500,  0.0964],
        [-0.0743, -0.0651],
        [-0.0786, -0.0951]], device='cuda:0')
1629 tensor([[ 0.0586,  0.0772],
        [ 0.0502,  0.0965],
        [-0.0743, -0.0650],
        [-0.0787, -0.0952]], device='cuda:0')
1630 tensor([[ 0.0586,  0.0771],
        [ 0.0503,  0.0965],
        [-0.0743, -0.0649],
        [-0.0788, -0.0953]], device='cuda:0')
1631 tensor([[ 0.0585,  0.0771],
        [ 0.0504,  0.0966],
        [-0.0742, -0.0649],
        [-0.0790, -0.0953]], device='cuda:0')
1632 tensor([[ 0.0585,  0.0770],
        [ 0.0506,  0.0966],
        [-0.0742, -0.0648],
        [-0.0791, -0.0954]], device='cuda:0')
1633 tensor([[ 0.0585,  0.0769],
        [ 0.0507,  0.0967],
        [-0.0742, -0.0648],
        [-0.0792, -0.0955]], device='cuda:0')
1634 tensor([[ 0.0585,  0.0769],
        [ 0.0508,  0.0968],
        [-0.0741, -0.0647],
        [-0.0794, -0.0955]], device='cuda:0')
1635 tensor([[ 0.0584,  0.0768],
        [ 0.0510,  0.0968],
        [-0.0741, -0.0646],
        [-0.0795, -0.0956]], device='cuda:0')
1636 tensor([[ 0.0584,  0.0767],
        [ 0.0511,  0.0969],
        [-0.0741, -0.0646],
        [-0.0796, -0.0957]], device='cuda:0')
1637 tensor([[ 0.0584,  0.0767],
        [ 0.0513,  0.0969],
        [-0.0740, -0.0645],
        [-0.0797, -0.0957]], device='cuda:0')
1638 tensor([[ 0.0584,  0.0766],
        [ 0.0514,  0.0970],
        [-0.0740, -0.0645],
        [-0.0799, -0.0958]], device='cuda:0')
1639 tensor([[ 0.0583,  0.0765],
        [ 0.0515,  0.0971],
        [-0.0740, -0.0644],
        [-0.0800, -0.0959]], device='cuda:0')
1640 tensor([[ 0.0583,  0.0765],
        [ 0.0516,  0.0971],
        [-0.0739, -0.0644],
        [-0.0801, -0.0960]], device='cuda:0')
1641 tensor([[ 0.0583,  0.0764],
        [ 0.0518,  0.0972],
        [-0.0739, -0.0643],
        [-0.0802, -0.0960]], device='cuda:0')
1642 tensor([[ 0.0583,  0.0763],
        [ 0.0519,  0.0972],
        [-0.0739, -0.0642],
        [-0.0804, -0.0961]], device='cuda:0')
1643 tensor([[ 0.0582,  0.0763],
        [ 0.0520,  0.0973],
        [-0.0738, -0.0642],
        [-0.0805, -0.0961]], device='cuda:0')
1644 tensor([[ 0.0582,  0.0762],
        [ 0.0522,  0.0973],
        [-0.0738, -0.0641],
        [-0.0806, -0.0961]], device='cuda:0')
1645 tensor([[ 0.0582,  0.0762],
        [ 0.0523,  0.0973],
        [-0.0738, -0.0641],
        [-0.0807, -0.0962]], device='cuda:0')
1646 tensor([[ 0.0581,  0.0761],
        [ 0.0524,  0.0974],
        [-0.0738, -0.0640],
        [-0.0809, -0.0962]], device='cuda:0')
1647 tensor([[ 0.0581,  0.0760],
        [ 0.0525,  0.0974],
        [-0.0737, -0.0639],
        [-0.0810, -0.0962]], device='cuda:0')
1648 tensor([[ 0.0581,  0.0760],
        [ 0.0526,  0.0974],
        [-0.0737, -0.0639],
        [-0.0811, -0.0962]], device='cuda:0')
1649 tensor([[ 0.0580,  0.0759],
        [ 0.0528,  0.0974],
        [-0.0737, -0.0638],
        [-0.0812, -0.0962]], device='cuda:0')
1650 tensor([[ 0.0580,  0.0759],
        [ 0.0529,  0.0975],
        [-0.0737, -0.0638],
        [-0.0814, -0.0963]], device='cuda:0')
1651 tensor([[ 0.0580,  0.0758],
        [ 0.0530,  0.0975],
        [-0.0736, -0.0637],
        [-0.0815, -0.0963]], device='cuda:0')
1652 tensor([[ 0.0580,  0.0758],
        [ 0.0531,  0.0975],
        [-0.0736, -0.0636],
        [-0.0816, -0.0963]], device='cuda:0')
1653 tensor([[ 0.0579,  0.0757],
        [ 0.0532,  0.0975],
        [-0.0736, -0.0636],
        [-0.0817, -0.0963]], device='cuda:0')
1654 tensor([[ 0.0579,  0.0757],
        [ 0.0534,  0.0976],
        [-0.0736, -0.0635],
        [-0.0818, -0.0963]], device='cuda:0')
1655 tensor([[ 0.0579,  0.0756],
        [ 0.0535,  0.0976],
        [-0.0735, -0.0635],
        [-0.0820, -0.0964]], device='cuda:0')
1656 tensor([[ 0.0578,  0.0756],
        [ 0.0536,  0.0976],
        [-0.0735, -0.0634],
        [-0.0821, -0.0964]], device='cuda:0')
1657 tensor([[ 0.0578,  0.0755],
        [ 0.0537,  0.0976],
        [-0.0735, -0.0633],
        [-0.0822, -0.0964]], device='cuda:0')
1658 tensor([[ 0.0578,  0.0754],
        [ 0.0538,  0.0976],
        [-0.0735, -0.0633],
        [-0.0823, -0.0964]], device='cuda:0')
1659 tensor([[ 0.0578,  0.0754],
        [ 0.0539,  0.0977],
        [-0.0735, -0.0632],
        [-0.0824, -0.0965]], device='cuda:0')
1660 tensor([[ 0.0577,  0.0753],
        [ 0.0540,  0.0977],
        [-0.0734, -0.0632],
        [-0.0826, -0.0965]], device='cuda:0')
1661 tensor([[ 0.0577,  0.0753],
        [ 0.0542,  0.0977],
        [-0.0734, -0.0631],
        [-0.0827, -0.0965]], device='cuda:0')
1662 tensor([[ 0.0577,  0.0752],
        [ 0.0543,  0.0977],
        [-0.0734, -0.0631],
        [-0.0828, -0.0965]], device='cuda:0')
1663 tensor([[ 0.0576,  0.0752],
        [ 0.0544,  0.0978],
        [-0.0734, -0.0630],
        [-0.0829, -0.0965]], device='cuda:0')
1664 tensor([[ 0.0576,  0.0751],
        [ 0.0545,  0.0978],
        [-0.0733, -0.0629],
        [-0.0830, -0.0966]], device='cuda:0')
1665 tensor([[ 0.0576,  0.0751],
        [ 0.0546,  0.0978],
        [-0.0733, -0.0629],
        [-0.0831, -0.0966]], device='cuda:0')
1666 tensor([[ 0.0576,  0.0750],
        [ 0.0547,  0.0978],
        [-0.0733, -0.0628],
        [-0.0832, -0.0966]], device='cuda:0')
1667 tensor([[ 0.0575,  0.0750],
        [ 0.0548,  0.0979],
        [-0.0733, -0.0628],
        [-0.0834, -0.0966]], device='cuda:0')
1668 tensor([[ 0.0575,  0.0749],
        [ 0.0549,  0.0979],
        [-0.0733, -0.0627],
        [-0.0835, -0.0966]], device='cuda:0')
1669 tensor([[ 0.0575,  0.0749],
        [ 0.0550,  0.0979],
        [-0.0732, -0.0627],
        [-0.0836, -0.0967]], device='cuda:0')
1670 tensor([[ 0.0574,  0.0748],
        [ 0.0551,  0.0979],
        [-0.0732, -0.0626],
        [-0.0837, -0.0967]], device='cuda:0')
1671 tensor([[ 0.0574,  0.0748],
        [ 0.0552,  0.0979],
        [-0.0732, -0.0626],
        [-0.0838, -0.0967]], device='cuda:0')
1672 tensor([[ 0.0574,  0.0747],
        [ 0.0553,  0.0980],
        [-0.0732, -0.0625],
        [-0.0839, -0.0967]], device='cuda:0')
1673 tensor([[ 0.0574,  0.0747],
        [ 0.0554,  0.0980],
        [-0.0731, -0.0624],
        [-0.0840, -0.0967]], device='cuda:0')
1674 tensor([[ 0.0573,  0.0746],
        [ 0.0556,  0.0981],
        [-0.0731, -0.0624],
        [-0.0841, -0.0968]], device='cuda:0')
1675 tensor([[ 0.0573,  0.0746],
        [ 0.0557,  0.0981],
        [-0.0731, -0.0623],
        [-0.0842, -0.0968]], device='cuda:0')
1676 tensor([[ 0.0573,  0.0745],
        [ 0.0558,  0.0982],
        [-0.0731, -0.0623],
        [-0.0843, -0.0969]], device='cuda:0')
1677 tensor([[ 0.0573,  0.0745],
        [ 0.0559,  0.0983],
        [-0.0731, -0.0622],
        [-0.0844, -0.0969]], device='cuda:0')
1678 tensor([[ 0.0572,  0.0744],
        [ 0.0560,  0.0983],
        [-0.0730, -0.0622],
        [-0.0846, -0.0970]], device='cuda:0')
1679 tensor([[ 0.0572,  0.0744],
        [ 0.0561,  0.0984],
        [-0.0730, -0.0621],
        [-0.0847, -0.0971]], device='cuda:0')
1680 tensor([[ 0.0572,  0.0744],
        [ 0.0562,  0.0984],
        [-0.0730, -0.0621],
        [-0.0848, -0.0971]], device='cuda:0')
1681 tensor([[ 0.0571,  0.0743],
        [ 0.0563,  0.0985],
        [-0.0730, -0.0620],
        [-0.0849, -0.0972]], device='cuda:0')
1682 tensor([[ 0.0571,  0.0743],
        [ 0.0564,  0.0985],
        [-0.0730, -0.0620],
        [-0.0850, -0.0972]], device='cuda:0')
1683 tensor([[ 0.0571,  0.0742],
        [ 0.0565,  0.0986],
        [-0.0729, -0.0619],
        [-0.0851, -0.0973]], device='cuda:0')
1684 tensor([[ 0.0571,  0.0742],
        [ 0.0566,  0.0987],
        [-0.0729, -0.0619],
        [-0.0852, -0.0973]], device='cuda:0')
1685 tensor([[ 0.0570,  0.0741],
        [ 0.0567,  0.0987],
        [-0.0729, -0.0618],
        [-0.0853, -0.0974]], device='cuda:0')
1686 tensor([[ 0.0570,  0.0741],
        [ 0.0568,  0.0988],
        [-0.0729, -0.0618],
        [-0.0854, -0.0974]], device='cuda:0')
1687 tensor([[ 0.0570,  0.0740],
        [ 0.0568,  0.0988],
        [-0.0729, -0.0617],
        [-0.0855, -0.0975]], device='cuda:0')
1688 tensor([[ 0.0570,  0.0740],
        [ 0.0570,  0.0989],
        [-0.0728, -0.0617],
        [-0.0856, -0.0975]], device='cuda:0')
1689 tensor([[ 0.0570,  0.0739],
        [ 0.0571,  0.0989],
        [-0.0728, -0.0616],
        [-0.0857, -0.0976]], device='cuda:0')
1690 tensor([[ 0.0569,  0.0739],
        [ 0.0573,  0.0990],
        [-0.0728, -0.0616],
        [-0.0858, -0.0976]], device='cuda:0')
1691 tensor([[ 0.0569,  0.0738],
        [ 0.0574,  0.0990],
        [-0.0728, -0.0616],
        [-0.0859, -0.0977]], device='cuda:0')
1692 tensor([[ 0.0569,  0.0738],
        [ 0.0575,  0.0990],
        [-0.0727, -0.0615],
        [-0.0860, -0.0978]], device='cuda:0')
1693 tensor([[ 0.0569,  0.0737],
        [ 0.0576,  0.0991],
        [-0.0727, -0.0615],
        [-0.0862, -0.0978]], device='cuda:0')
1694 tensor([[ 0.0569,  0.0737],
        [ 0.0578,  0.0991],
        [-0.0727, -0.0614],
        [-0.0863, -0.0979]], device='cuda:0')
1695 tensor([[ 0.0568,  0.0736],
        [ 0.0579,  0.0992],
        [-0.0727, -0.0614],
        [-0.0864, -0.0979]], device='cuda:0')
1696 tensor([[ 0.0568,  0.0736],
        [ 0.0580,  0.0992],
        [-0.0726, -0.0613],
        [-0.0865, -0.0980]], device='cuda:0')
1697 tensor([[ 0.0568,  0.0735],
        [ 0.0582,  0.0993],
        [-0.0726, -0.0613],
        [-0.0867, -0.0980]], device='cuda:0')
1698 tensor([[ 0.0568,  0.0735],
        [ 0.0583,  0.0993],
        [-0.0726, -0.0613],
        [-0.0868, -0.0981]], device='cuda:0')
1699 tensor([[ 0.0568,  0.0734],
        [ 0.0584,  0.0994],
        [-0.0726, -0.0612],
        [-0.0869, -0.0981]], device='cuda:0')
1700 tensor([[ 0.0568,  0.0734],
        [ 0.0585,  0.0994],
        [-0.0725, -0.0612],
        [-0.0870, -0.0982]], device='cuda:0')
1701 tensor([[ 0.0567,  0.0733],
        [ 0.0587,  0.0995],
        [-0.0725, -0.0611],
        [-0.0871, -0.0982]], device='cuda:0')
1702 tensor([[ 0.0567,  0.0733],
        [ 0.0588,  0.0995],
        [-0.0725, -0.0611],
        [-0.0873, -0.0983]], device='cuda:0')
1703 tensor([[ 0.0567,  0.0733],
        [ 0.0589,  0.0995],
        [-0.0725, -0.0611],
        [-0.0874, -0.0984]], device='cuda:0')
1704 tensor([[ 0.0567,  0.0732],
        [ 0.0591,  0.0996],
        [-0.0725, -0.0610],
        [-0.0875, -0.0984]], device='cuda:0')
1705 tensor([[ 0.0567,  0.0732],
        [ 0.0593,  0.0996],
        [-0.0724, -0.0610],
        [-0.0877, -0.0985]], device='cuda:0')
1706 tensor([[ 0.0567,  0.0731],
        [ 0.0594,  0.0997],
        [-0.0724, -0.0609],
        [-0.0878, -0.0985]], device='cuda:0')
1707 tensor([[ 0.0566,  0.0731],
        [ 0.0596,  0.0997],
        [-0.0724, -0.0609],
        [-0.0880, -0.0986]], device='cuda:0')
1708 tensor([[ 0.0566,  0.0730],
        [ 0.0597,  0.0997],
        [-0.0724, -0.0609],
        [-0.0881, -0.0986]], device='cuda:0')
1709 tensor([[ 0.0566,  0.0730],
        [ 0.0599,  0.0998],
        [-0.0723, -0.0608],
        [-0.0883, -0.0987]], device='cuda:0')
1710 tensor([[ 0.0566,  0.0729],
        [ 0.0600,  0.0998],
        [-0.0723, -0.0608],
        [-0.0884, -0.0987]], device='cuda:0')
1711 tensor([[ 0.0566,  0.0729],
        [ 0.0602,  0.0999],
        [-0.0723, -0.0608],
        [-0.0886, -0.0988]], device='cuda:0')
1712 tensor([[ 0.0566,  0.0728],
        [ 0.0604,  0.0999],
        [-0.0723, -0.0607],
        [-0.0887, -0.0988]], device='cuda:0')
1713 tensor([[ 0.0565,  0.0728],
        [ 0.0605,  0.1000],
        [-0.0722, -0.0607],
        [-0.0888, -0.0989]], device='cuda:0')
1714 tensor([[ 0.0565,  0.0728],
        [ 0.0607,  0.1000],
        [-0.0722, -0.0606],
        [-0.0890, -0.0989]], device='cuda:0')
1715 tensor([[ 0.0565,  0.0727],
        [ 0.0608,  0.1000],
        [-0.0722, -0.0606],
        [-0.0891, -0.0990]], device='cuda:0')
1716 tensor([[ 0.0565,  0.0727],
        [ 0.0610,  0.1001],
        [-0.0722, -0.0606],
        [-0.0893, -0.0990]], device='cuda:0')
1717 tensor([[ 0.0565,  0.0726],
        [ 0.0611,  0.1001],
        [-0.0722, -0.0605],
        [-0.0894, -0.0991]], device='cuda:0')
1718 tensor([[ 0.0565,  0.0726],
        [ 0.0613,  0.1002],
        [-0.0721, -0.0605],
        [-0.0896, -0.0991]], device='cuda:0')
1719 tensor([[ 0.0565,  0.0725],
        [ 0.0614,  0.1002],
        [-0.0721, -0.0605],
        [-0.0897, -0.0992]], device='cuda:0')
1720 tensor([[ 0.0565,  0.0725],
        [ 0.0615,  0.1002],
        [-0.0722, -0.0604],
        [-0.0898, -0.0992]], device='cuda:0')
1721 tensor([[ 0.0566,  0.0724],
        [ 0.0617,  0.1003],
        [-0.0722, -0.0604],
        [-0.0900, -0.0993]], device='cuda:0')
1722 tensor([[ 0.0566,  0.0724],
        [ 0.0618,  0.1003],
        [-0.0722, -0.0604],
        [-0.0901, -0.0993]], device='cuda:0')
1723 tensor([[ 0.0566,  0.0724],
        [ 0.0620,  0.1003],
        [-0.0722, -0.0603],
        [-0.0902, -0.0994]], device='cuda:0')
1724 tensor([[ 0.0566,  0.0723],
        [ 0.0621,  0.1004],
        [-0.0722, -0.0603],
        [-0.0904, -0.0994]], device='cuda:0')
1725 tensor([[ 0.0566,  0.0723],
        [ 0.0623,  0.1004],
        [-0.0722, -0.0602],
        [-0.0905, -0.0994]], device='cuda:0')
1726 tensor([[ 0.0567,  0.0722],
        [ 0.0624,  0.1005],
        [-0.0723, -0.0602],
        [-0.0906, -0.0995]], device='cuda:0')
1727 tensor([[ 0.0567,  0.0722],
        [ 0.0625,  0.1005],
        [-0.0723, -0.0602],
        [-0.0908, -0.0995]], device='cuda:0')
1728 tensor([[ 0.0567,  0.0722],
        [ 0.0627,  0.1005],
        [-0.0723, -0.0601],
        [-0.0909, -0.0996]], device='cuda:0')
1729 tensor([[ 0.0567,  0.0721],
        [ 0.0628,  0.1006],
        [-0.0723, -0.0601],
        [-0.0910, -0.0996]], device='cuda:0')
1730 tensor([[ 0.0568,  0.0721],
        [ 0.0630,  0.1006],
        [-0.0723, -0.0601],
        [-0.0912, -0.0997]], device='cuda:0')
1731 tensor([[ 0.0568,  0.0720],
        [ 0.0631,  0.1006],
        [-0.0723, -0.0600],
        [-0.0913, -0.0997]], device='cuda:0')
1732 tensor([[ 0.0568,  0.0720],
        [ 0.0632,  0.1007],
        [-0.0723, -0.0600],
        [-0.0914, -0.0998]], device='cuda:0')
1733 tensor([[ 0.0568,  0.0720],
        [ 0.0634,  0.1007],
        [-0.0724, -0.0600],
        [-0.0915, -0.0998]], device='cuda:0')
1734 tensor([[ 0.0569,  0.0719],
        [ 0.0635,  0.1008],
        [-0.0724, -0.0599],
        [-0.0916, -0.0999]], device='cuda:0')
1735 tensor([[ 0.0570,  0.0719],
        [ 0.0636,  0.1008],
        [-0.0725, -0.0599],
        [-0.0917, -0.0999]], device='cuda:0')
1736 tensor([[ 0.0570,  0.0718],
        [ 0.0637,  0.1008],
        [-0.0725, -0.0599],
        [-0.0918, -0.0999]], device='cuda:0')
1737 tensor([[ 0.0571,  0.0718],
        [ 0.0638,  0.1009],
        [-0.0726, -0.0598],
        [-0.0919, -0.1000]], device='cuda:0')
1738 tensor([[ 0.0571,  0.0718],
        [ 0.0639,  0.1009],
        [-0.0726, -0.0598],
        [-0.0920, -0.1000]], device='cuda:0')
1739 tensor([[ 0.0572,  0.0717],
        [ 0.0639,  0.1009],
        [-0.0727, -0.0598],
        [-0.0921, -0.1001]], device='cuda:0')
1740 tensor([[ 0.0572,  0.0717],
        [ 0.0640,  0.1010],
        [-0.0727, -0.0597],
        [-0.0921, -0.1001]], device='cuda:0')
1741 tensor([[ 0.0573,  0.0716],
        [ 0.0641,  0.1010],
        [-0.0728, -0.0597],
        [-0.0922, -0.1002]], device='cuda:0')
1742 tensor([[ 0.0573,  0.0716],
        [ 0.0642,  0.1010],
        [-0.0728, -0.0597],
        [-0.0923, -0.1002]], device='cuda:0')
1743 tensor([[ 0.0574,  0.0716],
        [ 0.0643,  0.1011],
        [-0.0729, -0.0597],
        [-0.0924, -0.1003]], device='cuda:0')
1744 tensor([[ 0.0575,  0.0715],
        [ 0.0644,  0.1011],
        [-0.0729, -0.0596],
        [-0.0925, -0.1003]], device='cuda:0')
1745 tensor([[ 0.0575,  0.0715],
        [ 0.0645,  0.1011],
        [-0.0730, -0.0596],
        [-0.0926, -0.1003]], device='cuda:0')
1746 tensor([[ 0.0576,  0.0714],
        [ 0.0646,  0.1012],
        [-0.0730, -0.0596],
        [-0.0927, -0.1004]], device='cuda:0')
1747 tensor([[ 0.0576,  0.0714],
        [ 0.0647,  0.1012],
        [-0.0730, -0.0595],
        [-0.0928, -0.1004]], device='cuda:0')
1748 tensor([[ 0.0577,  0.0714],
        [ 0.0648,  0.1012],
        [-0.0731, -0.0595],
        [-0.0928, -0.1004]], device='cuda:0')
1749 tensor([[ 0.0577,  0.0713],
        [ 0.0649,  0.1013],
        [-0.0732, -0.0595],
        [-0.0929, -0.1004]], device='cuda:0')
1750 tensor([[ 0.0578,  0.0713],
        [ 0.0649,  0.1013],
        [-0.0732, -0.0594],
        [-0.0930, -0.1004]], device='cuda:0')
1751 tensor([[ 0.0578,  0.0713],
        [ 0.0650,  0.1013],
        [-0.0733, -0.0594],
        [-0.0931, -0.1004]], device='cuda:0')
1752 tensor([[ 0.0579,  0.0713],
        [ 0.0651,  0.1013],
        [-0.0733, -0.0593],
        [-0.0932, -0.1004]], device='cuda:0')
1753 tensor([[ 0.0579,  0.0712],
        [ 0.0652,  0.1013],
        [-0.0734, -0.0593],
        [-0.0933, -0.1004]], device='cuda:0')
1754 tensor([[ 0.0579,  0.0712],
        [ 0.0653,  0.1013],
        [-0.0734, -0.0593],
        [-0.0934, -0.1004]], device='cuda:0')
1755 tensor([[ 0.0580,  0.0712],
        [ 0.0654,  0.1013],
        [-0.0735, -0.0592],
        [-0.0935, -0.1004]], device='cuda:0')
1756 tensor([[ 0.0580,  0.0711],
        [ 0.0654,  0.1013],
        [-0.0735, -0.0592],
        [-0.0936, -0.1004]], device='cuda:0')
1757 tensor([[ 0.0581,  0.0711],
        [ 0.0655,  0.1013],
        [-0.0736, -0.0592],
        [-0.0936, -0.1004]], device='cuda:0')
1758 tensor([[ 0.0581,  0.0711],
        [ 0.0656,  0.1013],
        [-0.0736, -0.0591],
        [-0.0937, -0.1004]], device='cuda:0')
1759 tensor([[ 0.0582,  0.0710],
        [ 0.0657,  0.1013],
        [-0.0737, -0.0591],
        [-0.0938, -0.1004]], device='cuda:0')
1760 tensor([[ 0.0582,  0.0710],
        [ 0.0658,  0.1013],
        [-0.0737, -0.0591],
        [-0.0939, -0.1005]], device='cuda:0')
1761 tensor([[ 0.0583,  0.0710],
        [ 0.0658,  0.1014],
        [-0.0738, -0.0590],
        [-0.0940, -0.1005]], device='cuda:0')
1762 tensor([[ 0.0583,  0.0710],
        [ 0.0659,  0.1014],
        [-0.0738, -0.0590],
        [-0.0941, -0.1005]], device='cuda:0')
1763 tensor([[ 0.0583,  0.0709],
        [ 0.0660,  0.1014],
        [-0.0739, -0.0590],
        [-0.0941, -0.1005]], device='cuda:0')
1764 tensor([[ 0.0584,  0.0709],
        [ 0.0661,  0.1014],
        [-0.0739, -0.0589],
        [-0.0942, -0.1005]], device='cuda:0')
1765 tensor([[ 0.0584,  0.0709],
        [ 0.0661,  0.1014],
        [-0.0740, -0.0589],
        [-0.0942, -0.1005]], device='cuda:0')
1766 tensor([[ 0.0585,  0.0708],
        [ 0.0661,  0.1014],
        [-0.0740, -0.0589],
        [-0.0942, -0.1005]], device='cuda:0')
1767 tensor([[ 0.0585,  0.0708],
        [ 0.0662,  0.1014],
        [-0.0740, -0.0588],
        [-0.0943, -0.1005]], device='cuda:0')
1768 tensor([[ 0.0586,  0.0707],
        [ 0.0662,  0.1014],
        [-0.0741, -0.0588],
        [-0.0943, -0.1005]], device='cuda:0')
1769 tensor([[ 0.0586,  0.0707],
        [ 0.0663,  0.1014],
        [-0.0741, -0.0588],
        [-0.0944, -0.1005]], device='cuda:0')
1770 tensor([[ 0.0587,  0.0707],
        [ 0.0663,  0.1014],
        [-0.0742, -0.0588],
        [-0.0944, -0.1005]], device='cuda:0')
1771 tensor([[ 0.0587,  0.0707],
        [ 0.0664,  0.1014],
        [-0.0742, -0.0587],
        [-0.0944, -0.1005]], device='cuda:0')
1772 tensor([[ 0.0588,  0.0706],
        [ 0.0664,  0.1014],
        [-0.0742, -0.0587],
        [-0.0945, -0.1005]], device='cuda:0')
1773 tensor([[ 0.0588,  0.0706],
        [ 0.0665,  0.1014],
        [-0.0743, -0.0587],
        [-0.0945, -0.1006]], device='cuda:0')
1774 tensor([[ 0.0589,  0.0706],
        [ 0.0665,  0.1014],
        [-0.0743, -0.0587],
        [-0.0946, -0.1006]], device='cuda:0')
1775 tensor([[ 0.0589,  0.0705],
        [ 0.0666,  0.1014],
        [-0.0744, -0.0586],
        [-0.0946, -0.1006]], device='cuda:0')
1776 tensor([[ 0.0589,  0.0705],
        [ 0.0666,  0.1014],
        [-0.0744, -0.0586],
        [-0.0946, -0.1006]], device='cuda:0')
1777 tensor([[ 0.0590,  0.0705],
        [ 0.0666,  0.1014],
        [-0.0745, -0.0586],
        [-0.0947, -0.1006]], device='cuda:0')
1778 tensor([[ 0.0590,  0.0704],
        [ 0.0667,  0.1014],
        [-0.0745, -0.0585],
        [-0.0947, -0.1006]], device='cuda:0')
1779 tensor([[ 0.0591,  0.0704],
        [ 0.0667,  0.1014],
        [-0.0745, -0.0585],
        [-0.0948, -0.1005]], device='cuda:0')
1780 tensor([[ 0.0591,  0.0704],
        [ 0.0668,  0.1014],
        [-0.0746, -0.0585],
        [-0.0948, -0.1005]], device='cuda:0')
1781 tensor([[ 0.0591,  0.0704],
        [ 0.0668,  0.1013],
        [-0.0746, -0.0584],
        [-0.0949, -0.1005]], device='cuda:0')
1782 tensor([[ 0.0592,  0.0703],
        [ 0.0668,  0.1013],
        [-0.0747, -0.0584],
        [-0.0949, -0.1004]], device='cuda:0')
1783 tensor([[ 0.0592,  0.0703],
        [ 0.0669,  0.1013],
        [-0.0747, -0.0584],
        [-0.0950, -0.1004]], device='cuda:0')
1784 tensor([[ 0.0593,  0.0703],
        [ 0.0669,  0.1013],
        [-0.0748, -0.0583],
        [-0.0950, -0.1004]], device='cuda:0')
1785 tensor([[ 0.0593,  0.0702],
        [ 0.0670,  0.1012],
        [-0.0748, -0.0583],
        [-0.0950, -0.1004]], device='cuda:0')
1786 tensor([[ 0.0593,  0.0702],
        [ 0.0670,  0.1012],
        [-0.0749, -0.0583],
        [-0.0951, -0.1003]], device='cuda:0')
1787 tensor([[ 0.0594,  0.0702],
        [ 0.0670,  0.1012],
        [-0.0749, -0.0583],
        [-0.0951, -0.1003]], device='cuda:0')
1788 tensor([[ 0.0594,  0.0702],
        [ 0.0671,  0.1012],
        [-0.0749, -0.0582],
        [-0.0952, -0.1003]], device='cuda:0')
1789 tensor([[ 0.0595,  0.0701],
        [ 0.0671,  0.1011],
        [-0.0750, -0.0582],
        [-0.0952, -0.1002]], device='cuda:0')
1790 tensor([[ 0.0595,  0.0701],
        [ 0.0671,  0.1011],
        [-0.0750, -0.0582],
        [-0.0953, -0.1002]], device='cuda:0')
1791 tensor([[ 0.0595,  0.0701],
        [ 0.0672,  0.1011],
        [-0.0751, -0.0581],
        [-0.0953, -0.1002]], device='cuda:0')
1792 tensor([[ 0.0596,  0.0701],
        [ 0.0672,  0.1011],
        [-0.0751, -0.0581],
        [-0.0953, -0.1002]], device='cuda:0')
1793 tensor([[ 0.0596,  0.0700],
        [ 0.0673,  0.1010],
        [-0.0752, -0.0581],
        [-0.0953, -0.1001]], device='cuda:0')
1794 tensor([[ 0.0596,  0.0700],
        [ 0.0673,  0.1010],
        [-0.0752, -0.0581],
        [-0.0953, -0.1001]], device='cuda:0')
1795 tensor([[ 0.0597,  0.0700],
        [ 0.0673,  0.1010],
        [-0.0752, -0.0580],
        [-0.0953, -0.1001]], device='cuda:0')
1796 tensor([[ 0.0597,  0.0700],
        [ 0.0673,  0.1010],
        [-0.0753, -0.0580],
        [-0.0953, -0.1001]], device='cuda:0')
1797 tensor([[ 0.0598,  0.0699],
        [ 0.0673,  0.1009],
        [-0.0753, -0.0580],
        [-0.0953, -0.1001]], device='cuda:0')
1798 tensor([[ 0.0598,  0.0699],
        [ 0.0673,  0.1009],
        [-0.0753, -0.0580],
        [-0.0953, -0.1000]], device='cuda:0')
1799 tensor([[ 0.0598,  0.0699],
        [ 0.0673,  0.1009],
        [-0.0754, -0.0579],
        [-0.0953, -0.1000]], device='cuda:0')
1800 tensor([[ 0.0599,  0.0698],
        [ 0.0673,  0.1008],
        [-0.0754, -0.0579],
        [-0.0953, -0.1000]], device='cuda:0')
1801 tensor([[ 0.0599,  0.0698],
        [ 0.0673,  0.1008],
        [-0.0754, -0.0579],
        [-0.0953, -0.1000]], device='cuda:0')
1802 tensor([[ 0.0600,  0.0698],
        [ 0.0673,  0.1008],
        [-0.0755, -0.0579],
        [-0.0953, -0.1000]], device='cuda:0')
1803 tensor([[ 0.0600,  0.0698],
        [ 0.0673,  0.1008],
        [-0.0755, -0.0578],
        [-0.0953, -0.0999]], device='cuda:0')
1804 tensor([[ 0.0600,  0.0697],
        [ 0.0673,  0.1007],
        [-0.0755, -0.0578],
        [-0.0953, -0.0999]], device='cuda:0')
1805 tensor([[ 0.0601,  0.0697],
        [ 0.0673,  0.1007],
        [-0.0756, -0.0578],
        [-0.0953, -0.0999]], device='cuda:0')
1806 tensor([[ 0.0601,  0.0697],
        [ 0.0673,  0.1007],
        [-0.0756, -0.0578],
        [-0.0953, -0.0999]], device='cuda:0')
1807 tensor([[ 0.0602,  0.0696],
        [ 0.0673,  0.1007],
        [-0.0756, -0.0578],
        [-0.0953, -0.0999]], device='cuda:0')
1808 tensor([[ 0.0602,  0.0696],
        [ 0.0673,  0.1006],
        [-0.0757, -0.0577],
        [-0.0953, -0.0998]], device='cuda:0')
1809 tensor([[ 0.0602,  0.0696],
        [ 0.0673,  0.1006],
        [-0.0757, -0.0577],
        [-0.0953, -0.0998]], device='cuda:0')
1810 tensor([[ 0.0603,  0.0696],
        [ 0.0673,  0.1006],
        [-0.0757, -0.0577],
        [-0.0952, -0.0998]], device='cuda:0')
1811 tensor([[ 0.0603,  0.0695],
        [ 0.0673,  0.1006],
        [-0.0758, -0.0577],
        [-0.0952, -0.0998]], device='cuda:0')
1812 tensor([[ 0.0603,  0.0695],
        [ 0.0673,  0.1005],
        [-0.0758, -0.0576],
        [-0.0952, -0.0998]], device='cuda:0')
1813 tensor([[ 0.0604,  0.0695],
        [ 0.0672,  0.1005],
        [-0.0758, -0.0576],
        [-0.0951, -0.0997]], device='cuda:0')
1814 tensor([[ 0.0604,  0.0695],
        [ 0.0672,  0.1005],
        [-0.0759, -0.0576],
        [-0.0951, -0.0997]], device='cuda:0')
1815 tensor([[ 0.0605,  0.0694],
        [ 0.0672,  0.1004],
        [-0.0759, -0.0576],
        [-0.0951, -0.0997]], device='cuda:0')
1816 tensor([[ 0.0605,  0.0694],
        [ 0.0671,  0.1004],
        [-0.0759, -0.0576],
        [-0.0951, -0.0997]], device='cuda:0')
1817 tensor([[ 0.0605,  0.0694],
        [ 0.0671,  0.1004],
        [-0.0760, -0.0575],
        [-0.0950, -0.0997]], device='cuda:0')
1818 tensor([[ 0.0606,  0.0694],
        [ 0.0671,  0.1004],
        [-0.0760, -0.0575],
        [-0.0950, -0.0997]], device='cuda:0')
1819 tensor([[ 0.0606,  0.0693],
        [ 0.0671,  0.1003],
        [-0.0760, -0.0575],
        [-0.0950, -0.0996]], device='cuda:0')
1820 tensor([[ 0.0606,  0.0693],
        [ 0.0670,  0.1003],
        [-0.0761, -0.0575],
        [-0.0949, -0.0996]], device='cuda:0')
1821 tensor([[ 0.0607,  0.0693],
        [ 0.0670,  0.1003],
        [-0.0761, -0.0575],
        [-0.0949, -0.0996]], device='cuda:0')
1822 tensor([[ 0.0607,  0.0692],
        [ 0.0670,  0.1003],
        [-0.0761, -0.0574],
        [-0.0949, -0.0996]], device='cuda:0')
1823 tensor([[ 0.0607,  0.0692],
        [ 0.0670,  0.1002],
        [-0.0762, -0.0574],
        [-0.0948, -0.0996]], device='cuda:0')
1824 tensor([[ 0.0608,  0.0692],
        [ 0.0670,  0.1002],
        [-0.0762, -0.0574],
        [-0.0948, -0.0995]], device='cuda:0')
1825 tensor([[ 0.0608,  0.0692],
        [ 0.0669,  0.1002],
        [-0.0762, -0.0574],
        [-0.0947, -0.0995]], device='cuda:0')
1826 tensor([[ 0.0609,  0.0691],
        [ 0.0669,  0.1002],
        [-0.0762, -0.0574],
        [-0.0947, -0.0995]], device='cuda:0')
1827 tensor([[ 0.0609,  0.0691],
        [ 0.0668,  0.1001],
        [-0.0763, -0.0573],
        [-0.0946, -0.0995]], device='cuda:0')
1828 tensor([[ 0.0609,  0.0691],
        [ 0.0668,  0.1001],
        [-0.0763, -0.0573],
        [-0.0946, -0.0995]], device='cuda:0')
1829 tensor([[ 0.0610,  0.0691],
        [ 0.0667,  0.1001],
        [-0.0763, -0.0573],
        [-0.0945, -0.0995]], device='cuda:0')
1830 tensor([[ 0.0610,  0.0690],
        [ 0.0667,  0.1001],
        [-0.0764, -0.0573],
        [-0.0945, -0.0994]], device='cuda:0')
1831 tensor([[ 0.0610,  0.0690],
        [ 0.0667,  0.1001],
        [-0.0764, -0.0573],
        [-0.0944, -0.0994]], device='cuda:0')
1832 tensor([[ 0.0611,  0.0690],
        [ 0.0666,  0.1000],
        [-0.0764, -0.0572],
        [-0.0944, -0.0994]], device='cuda:0')
1833 tensor([[ 0.0611,  0.0690],
        [ 0.0666,  0.1000],
        [-0.0765, -0.0572],
        [-0.0943, -0.0994]], device='cuda:0')
1834 tensor([[ 0.0611,  0.0689],
        [ 0.0665,  0.1000],
        [-0.0765, -0.0572],
        [-0.0943, -0.0994]], device='cuda:0')
1835 tensor([[ 0.0612,  0.0689],
        [ 0.0665,  0.1000],
        [-0.0765, -0.0572],
        [-0.0942, -0.0994]], device='cuda:0')
1836 tensor([[ 0.0612,  0.0689],
        [ 0.0664,  0.0999],
        [-0.0765, -0.0572],
        [-0.0942, -0.0994]], device='cuda:0')
1837 tensor([[ 0.0612,  0.0689],
        [ 0.0664,  0.0999],
        [-0.0766, -0.0572],
        [-0.0942, -0.0993]], device='cuda:0')
1838 tensor([[ 0.0613,  0.0689],
        [ 0.0663,  0.0999],
        [-0.0766, -0.0571],
        [-0.0941, -0.0993]], device='cuda:0')
1839 tensor([[ 0.0613,  0.0688],
        [ 0.0663,  0.0999],
        [-0.0766, -0.0571],
        [-0.0940, -0.0993]], device='cuda:0')
1840 tensor([[ 0.0613,  0.0688],
        [ 0.0663,  0.0998],
        [-0.0765, -0.0571],
        [-0.0940, -0.0993]], device='cuda:0')
1841 tensor([[ 0.0613,  0.0688],
        [ 0.0662,  0.0998],
        [-0.0765, -0.0571],
        [-0.0939, -0.0993]], device='cuda:0')
1842 tensor([[ 0.0612,  0.0688],
        [ 0.0662,  0.0998],
        [-0.0765, -0.0571],
        [-0.0938, -0.0993]], device='cuda:0')
1843 tensor([[ 0.0612,  0.0687],
        [ 0.0661,  0.0998],
        [-0.0765, -0.0570],
        [-0.0938, -0.0992]], device='cuda:0')
1844 tensor([[ 0.0612,  0.0687],
        [ 0.0660,  0.0998],
        [-0.0765, -0.0570],
        [-0.0937, -0.0992]], device='cuda:0')
1845 tensor([[ 0.0612,  0.0687],
        [ 0.0660,  0.0997],
        [-0.0765, -0.0570],
        [-0.0936, -0.0992]], device='cuda:0')
1846 tensor([[ 0.0612,  0.0687],
        [ 0.0659,  0.0997],
        [-0.0765, -0.0570],
        [-0.0936, -0.0992]], device='cuda:0')
1847 tensor([[ 0.0612,  0.0686],
        [ 0.0658,  0.0997],
        [-0.0765, -0.0570],
        [-0.0935, -0.0992]], device='cuda:0')
1848 tensor([[ 0.0612,  0.0686],
        [ 0.0658,  0.0997],
        [-0.0765, -0.0570],
        [-0.0934, -0.0992]], device='cuda:0')
1849 tensor([[ 0.0612,  0.0686],
        [ 0.0657,  0.0996],
        [-0.0765, -0.0569],
        [-0.0934, -0.0992]], device='cuda:0')
1850 tensor([[ 0.0612,  0.0686],
        [ 0.0656,  0.0996],
        [-0.0765, -0.0569],
        [-0.0933, -0.0991]], device='cuda:0')
1851 tensor([[ 0.0612,  0.0686],
        [ 0.0656,  0.0996],
        [-0.0764, -0.0569],
        [-0.0933, -0.0991]], device='cuda:0')
1852 tensor([[ 0.0612,  0.0685],
        [ 0.0655,  0.0996],
        [-0.0764, -0.0569],
        [-0.0932, -0.0991]], device='cuda:0')
1853 tensor([[ 0.0612,  0.0685],
        [ 0.0655,  0.0996],
        [-0.0764, -0.0569],
        [-0.0931, -0.0991]], device='cuda:0')
1854 tensor([[ 0.0612,  0.0685],
        [ 0.0654,  0.0995],
        [-0.0764, -0.0569],
        [-0.0931, -0.0991]], device='cuda:0')
1855 tensor([[ 0.0611,  0.0685],
        [ 0.0654,  0.0995],
        [-0.0763, -0.0568],
        [-0.0930, -0.0991]], device='cuda:0')
1856 tensor([[ 0.0611,  0.0684],
        [ 0.0653,  0.0995],
        [-0.0763, -0.0568],
        [-0.0929, -0.0990]], device='cuda:0')
1857 tensor([[ 0.0610,  0.0684],
        [ 0.0653,  0.0995],
        [-0.0762, -0.0568],
        [-0.0928, -0.0990]], device='cuda:0')
1858 tensor([[ 0.0610,  0.0684],
        [ 0.0652,  0.0995],
        [-0.0762, -0.0568],
        [-0.0928, -0.0990]], device='cuda:0')
1859 tensor([[ 0.0610,  0.0684],
        [ 0.0651,  0.0994],
        [-0.0761, -0.0568],
        [-0.0927, -0.0990]], device='cuda:0')
1860 tensor([[ 0.0609,  0.0684],
        [ 0.0651,  0.0994],
        [-0.0761, -0.0568],
        [-0.0926, -0.0990]], device='cuda:0')
1861 tensor([[ 0.0609,  0.0683],
        [ 0.0650,  0.0994],
        [-0.0760, -0.0567],
        [-0.0926, -0.0990]], device='cuda:0')
1862 tensor([[ 0.0608,  0.0683],
        [ 0.0649,  0.0994],
        [-0.0760, -0.0567],
        [-0.0925, -0.0990]], device='cuda:0')
1863 tensor([[ 0.0608,  0.0683],
        [ 0.0648,  0.0994],
        [-0.0760, -0.0567],
        [-0.0924, -0.0989]], device='cuda:0')
1864 tensor([[ 0.0608,  0.0683],
        [ 0.0648,  0.0993],
        [-0.0759, -0.0567],
        [-0.0924, -0.0989]], device='cuda:0')
1865 tensor([[ 0.0607,  0.0683],
        [ 0.0647,  0.0993],
        [-0.0759, -0.0567],
        [-0.0923, -0.0989]], device='cuda:0')
1866 tensor([[ 0.0607,  0.0682],
        [ 0.0646,  0.0993],
        [-0.0758, -0.0567],
        [-0.0923, -0.0989]], device='cuda:0')
1867 tensor([[ 0.0606,  0.0682],
        [ 0.0646,  0.0993],
        [-0.0758, -0.0566],
        [-0.0922, -0.0989]], device='cuda:0')
1868 tensor([[ 0.0606,  0.0682],
        [ 0.0645,  0.0993],
        [-0.0757, -0.0566],
        [-0.0921, -0.0989]], device='cuda:0')
1869 tensor([[ 0.0606,  0.0682],
        [ 0.0644,  0.0992],
        [-0.0757, -0.0566],
        [-0.0920, -0.0989]], device='cuda:0')
1870 tensor([[ 0.0605,  0.0682],
        [ 0.0644,  0.0992],
        [-0.0756, -0.0566],
        [-0.0920, -0.0989]], device='cuda:0')
1871 tensor([[ 0.0604,  0.0681],
        [ 0.0643,  0.0992],
        [-0.0755, -0.0566],
        [-0.0919, -0.0988]], device='cuda:0')
1872 tensor([[ 0.0604,  0.0681],
        [ 0.0643,  0.0992],
        [-0.0754, -0.0566],
        [-0.0918, -0.0988]], device='cuda:0')
1873 tensor([[ 0.0603,  0.0681],
        [ 0.0642,  0.0992],
        [-0.0754, -0.0566],
        [-0.0917, -0.0988]], device='cuda:0')
1874 tensor([[ 0.0602,  0.0681],
        [ 0.0641,  0.0991],
        [-0.0753, -0.0565],
        [-0.0917, -0.0988]], device='cuda:0')
1875 tensor([[ 0.0602,  0.0681],
        [ 0.0641,  0.0991],
        [-0.0752, -0.0565],
        [-0.0916, -0.0988]], device='cuda:0')
1876 tensor([[ 0.0601,  0.0680],
        [ 0.0640,  0.0991],
        [-0.0752, -0.0565],
        [-0.0915, -0.0988]], device='cuda:0')
1877 tensor([[ 0.0600,  0.0680],
        [ 0.0639,  0.0991],
        [-0.0751, -0.0565],
        [-0.0915, -0.0988]], device='cuda:0')
1878 tensor([[ 0.0600,  0.0680],
        [ 0.0638,  0.0991],
        [-0.0750, -0.0565],
        [-0.0914, -0.0988]], device='cuda:0')
1879 tensor([[ 0.0599,  0.0680],
        [ 0.0637,  0.0991],
        [-0.0749, -0.0565],
        [-0.0913, -0.0987]], device='cuda:0')
1880 tensor([[ 0.0598,  0.0680],
        [ 0.0637,  0.0990],
        [-0.0749, -0.0565],
        [-0.0913, -0.0987]], device='cuda:0')
1881 tensor([[ 0.0598,  0.0680],
        [ 0.0636,  0.0990],
        [-0.0748, -0.0564],
        [-0.0912, -0.0987]], device='cuda:0')
1882 tensor([[ 0.0597,  0.0679],
        [ 0.0635,  0.0990],
        [-0.0748, -0.0564],
        [-0.0912, -0.0987]], device='cuda:0')
1883 tensor([[ 0.0596,  0.0679],
        [ 0.0634,  0.0990],
        [-0.0747, -0.0564],
        [-0.0911, -0.0987]], device='cuda:0')
1884 tensor([[ 0.0596,  0.0679],
        [ 0.0634,  0.0990],
        [-0.0746, -0.0563],
        [-0.0911, -0.0986]], device='cuda:0')
1885 tensor([[ 0.0595,  0.0679],
        [ 0.0633,  0.0990],
        [-0.0746, -0.0563],
        [-0.0910, -0.0986]], device='cuda:0')
1886 tensor([[ 0.0594,  0.0678],
        [ 0.0632,  0.0990],
        [-0.0745, -0.0562],
        [-0.0909, -0.0986]], device='cuda:0')
1887 tensor([[ 0.0594,  0.0678],
        [ 0.0632,  0.0990],
        [-0.0745, -0.0562],
        [-0.0909, -0.0985]], device='cuda:0')
1888 tensor([[ 0.0593,  0.0677],
        [ 0.0631,  0.0990],
        [-0.0744, -0.0561],
        [-0.0908, -0.0985]], device='cuda:0')
1889 tensor([[ 0.0592,  0.0677],
        [ 0.0630,  0.0990],
        [-0.0744, -0.0561],
        [-0.0908, -0.0985]], device='cuda:0')
1890 tensor([[ 0.0592,  0.0677],
        [ 0.0629,  0.0990],
        [-0.0743, -0.0560],
        [-0.0907, -0.0985]], device='cuda:0')
1891 tensor([[ 0.0591,  0.0676],
        [ 0.0629,  0.0989],
        [-0.0742, -0.0560],
        [-0.0907, -0.0984]], device='cuda:0')
1892 tensor([[ 0.0590,  0.0676],
        [ 0.0628,  0.0989],
        [-0.0742, -0.0559],
        [-0.0906, -0.0984]], device='cuda:0')
1893 tensor([[ 0.0590,  0.0675],
        [ 0.0627,  0.0989],
        [-0.0741, -0.0559],
        [-0.0906, -0.0984]], device='cuda:0')
1894 tensor([[ 0.0589,  0.0675],
        [ 0.0627,  0.0989],
        [-0.0741, -0.0558],
        [-0.0905, -0.0984]], device='cuda:0')
1895 tensor([[ 0.0588,  0.0674],
        [ 0.0626,  0.0989],
        [-0.0740, -0.0558],
        [-0.0905, -0.0984]], device='cuda:0')
1896 tensor([[ 0.0588,  0.0674],
        [ 0.0625,  0.0988],
        [-0.0740, -0.0557],
        [-0.0904, -0.0984]], device='cuda:0')
1897 tensor([[ 0.0587,  0.0674],
        [ 0.0624,  0.0988],
        [-0.0739, -0.0557],
        [-0.0904, -0.0983]], device='cuda:0')
1898 tensor([[ 0.0587,  0.0673],
        [ 0.0624,  0.0988],
        [-0.0738, -0.0557],
        [-0.0903, -0.0983]], device='cuda:0')
1899 tensor([[ 0.0586,  0.0673],
        [ 0.0623,  0.0988],
        [-0.0737, -0.0556],
        [-0.0902, -0.0983]], device='cuda:0')
1900 tensor([[ 0.0585,  0.0672],
        [ 0.0623,  0.0988],
        [-0.0736, -0.0556],
        [-0.0902, -0.0983]], device='cuda:0')
1901 tensor([[ 0.0585,  0.0672],
        [ 0.0622,  0.0987],
        [-0.0736, -0.0555],
        [-0.0901, -0.0983]], device='cuda:0')
1902 tensor([[ 0.0584,  0.0671],
        [ 0.0622,  0.0987],
        [-0.0735, -0.0555],
        [-0.0900, -0.0983]], device='cuda:0')
1903 tensor([[ 0.0583,  0.0671],
        [ 0.0621,  0.0987],
        [-0.0734, -0.0555],
        [-0.0900, -0.0983]], device='cuda:0')
1904 tensor([[ 0.0582,  0.0671],
        [ 0.0621,  0.0987],
        [-0.0733, -0.0554],
        [-0.0899, -0.0982]], device='cuda:0')
1905 tensor([[ 0.0581,  0.0670],
        [ 0.0620,  0.0987],
        [-0.0732, -0.0554],
        [-0.0898, -0.0982]], device='cuda:0')
1906 tensor([[ 0.0581,  0.0670],
        [ 0.0619,  0.0986],
        [-0.0731, -0.0553],
        [-0.0898, -0.0982]], device='cuda:0')
1907 tensor([[ 0.0580,  0.0669],
        [ 0.0619,  0.0986],
        [-0.0731, -0.0553],
        [-0.0897, -0.0982]], device='cuda:0')
1908 tensor([[ 0.0579,  0.0669],
        [ 0.0618,  0.0986],
        [-0.0730, -0.0553],
        [-0.0897, -0.0982]], device='cuda:0')
1909 tensor([[ 0.0578,  0.0669],
        [ 0.0617,  0.0986],
        [-0.0729, -0.0552],
        [-0.0896, -0.0982]], device='cuda:0')
1910 tensor([[ 0.0577,  0.0668],
        [ 0.0617,  0.0986],
        [-0.0728, -0.0552],
        [-0.0896, -0.0982]], device='cuda:0')
1911 tensor([[ 0.0576,  0.0668],
        [ 0.0616,  0.0985],
        [-0.0728, -0.0552],
        [-0.0895, -0.0982]], device='cuda:0')
1912 tensor([[ 0.0576,  0.0667],
        [ 0.0615,  0.0985],
        [-0.0727, -0.0551],
        [-0.0895, -0.0981]], device='cuda:0')
1913 tensor([[ 0.0575,  0.0667],
        [ 0.0615,  0.0985],
        [-0.0726, -0.0551],
        [-0.0894, -0.0981]], device='cuda:0')
1914 tensor([[ 0.0574,  0.0666],
        [ 0.0614,  0.0985],
        [-0.0725, -0.0550],
        [-0.0893, -0.0981]], device='cuda:0')
1915 tensor([[ 0.0574,  0.0666],
        [ 0.0614,  0.0985],
        [-0.0724, -0.0550],
        [-0.0893, -0.0981]], device='cuda:0')
1916 tensor([[ 0.0573,  0.0666],
        [ 0.0613,  0.0984],
        [-0.0723, -0.0550],
        [-0.0892, -0.0981]], device='cuda:0')
1917 tensor([[ 0.0572,  0.0665],
        [ 0.0613,  0.0984],
        [-0.0722, -0.0549],
        [-0.0891, -0.0981]], device='cuda:0')
1918 tensor([[ 0.0571,  0.0665],
        [ 0.0612,  0.0984],
        [-0.0721, -0.0549],
        [-0.0891, -0.0981]], device='cuda:0')
1919 tensor([[ 0.0570,  0.0664],
        [ 0.0612,  0.0984],
        [-0.0720, -0.0549],
        [-0.0890, -0.0981]], device='cuda:0')
