5467 0
5467 1
5467 2
5467 3
5467 5
5481 1
5482 0
5482 2
5482 5
5483 3
5495 1
5497 0
5497 2
5497 4
5499 3
5511 0
5511 1
5512 4
5513 2
5513 3
5526 0
5527 1
5527 3
5527 5
5528 2
5541 0
5541 1
5542 5
5543 2
5543 3
5555 1
5556 0
5557 4
5558 2
5559 3
5571 0
5571 1
5572 4
5573 2
5573 3
5586 0
5587 1
5587 3
5587 4
5588 2
5601 0
5601 3
5602 5
5603 1
5603 2
5616 0
5617 1
5617 3
5617 4
5618 2
5631 0
5631 3
5632 4
5633 1
5633 2
5645 3
5646 0
5647 5
5648 2
5649 1
5661 0
5662 1
5662 3
5662 4
5663 2
5676 0
5676 3
5677 4
5678 1
5678 2
5690 3
5691 0
5692 4
5693 2
5694 1
5704 3
5707 0
5707 2
5707 5
5710 1
5720 3
5722 0
5722 2
5722 5
5724 1
5736 3
5737 0
5737 2
5737 4
5738 1
5750 3
5752 0
5752 2
5752 5
5754 1
5766 3
5767 0
5767 2
5767 5
5768 1
5781 2
5782 1
5782 3
5782 5
5783 0
5796 1
5796 2
5797 5
5798 0
5798 3
5810 1
5811 2
5812 4
5813 0
5814 3
5826 1
5827 0
5827 2
5827 4
5828 3
5842 0
5842 1
5842 2
5842 3
5842 4
5855 3
5857 0
5857 2
5857 4
5859 1
5869 3
5871 2
5872 4
5873 0
5875 1
5883 3
5886 2
5887 5
5888 0
5891 1
5899 3
5901 2
5902 4
5903 0
5905 1
5913 3
5916 2
5917 5
5918 0
5921 1
5929 3
5930 2
5932 4
5934 0
5935 1
5943 3
5945 2
5947 5
5949 0
5951 1
5959 3
5960 2
5962 5
5964 0
5965 1
5974 2
5975 3
5977 4
5979 1
5980 0
5989 2
5989 3
5992 4
5995 0
5995 1
6002 3
6004 2
6007 4
6010 0
6012 1
6016 3
6018 2
6022 4
6026 0
6028 1
