32595 tensor([[ 1.0000, -0.1350],
        [ 1.0000, -0.8411],
        [-0.9873,  0.1490],
        [-0.9555,  0.8481]], device='cuda:0')
32596 tensor([[ 1.0000, -0.1352],
        [ 1.0000, -0.8412],
        [-0.9872,  0.1491],
        [-0.9553,  0.8483]], device='cuda:0')
32597 tensor([[ 1.0000, -0.1353],
        [ 1.0000, -0.8414],
        [-0.9871,  0.1492],
        [-0.9552,  0.8484]], device='cuda:0')
32598 tensor([[ 1.0000, -0.1354],
        [ 1.0000, -0.8415],
        [-0.9870,  0.1494],
        [-0.9551,  0.8486]], device='cuda:0')
32599 tensor([[ 1.0000, -0.1356],
        [ 1.0000, -0.8417],
        [-0.9869,  0.1495],
        [-0.9550,  0.8487]], device='cuda:0')
32600 tensor([[ 1.0000, -0.1357],
        [ 1.0000, -0.8418],
        [-0.9868,  0.1496],
        [-0.9549,  0.8489]], device='cuda:0')
32601 tensor([[ 1.0000, -0.1358],
        [ 1.0000, -0.8419],
        [-0.9867,  0.1498],
        [-0.9548,  0.8490]], device='cuda:0')
32602 tensor([[ 1.0000, -0.1360],
        [ 1.0000, -0.8421],
        [-0.9866,  0.1499],
        [-0.9547,  0.8492]], device='cuda:0')
32603 tensor([[ 1.0000, -0.1361],
        [ 1.0000, -0.8422],
        [-0.9865,  0.1500],
        [-0.9546,  0.8493]], device='cuda:0')
32604 tensor([[ 1.0000, -0.1362],
        [ 1.0000, -0.8424],
        [-0.9865,  0.1501],
        [-0.9545,  0.8494]], device='cuda:0')
32605 tensor([[ 1.0000, -0.1364],
        [ 1.0000, -0.8425],
        [-0.9864,  0.1503],
        [-0.9544,  0.8496]], device='cuda:0')
32606 tensor([[ 1.0000, -0.1365],
        [ 1.0000, -0.8427],
        [-0.9864,  0.1504],
        [-0.9543,  0.8497]], device='cuda:0')
32607 tensor([[ 1.0000, -0.1366],
        [ 1.0000, -0.8428],
        [-0.9864,  0.1505],
        [-0.9542,  0.8498]], device='cuda:0')
32608 tensor([[ 1.0000, -0.1368],
        [ 1.0000, -0.8429],
        [-0.9863,  0.1506],
        [-0.9541,  0.8500]], device='cuda:0')
32609 tensor([[ 1.0000, -0.1369],
        [ 1.0000, -0.8431],
        [-0.9863,  0.1508],
        [-0.9540,  0.8501]], device='cuda:0')
32610 tensor([[ 1.0000, -0.1370],
        [ 1.0000, -0.8432],
        [-0.9862,  0.1509],
        [-0.9539,  0.8503]], device='cuda:0')
32611 tensor([[ 1.0000, -0.1372],
        [ 1.0000, -0.8434],
        [-0.9862,  0.1510],
        [-0.9538,  0.8504]], device='cuda:0')
32612 tensor([[ 1.0000, -0.1373],
        [ 1.0000, -0.8435],
        [-0.9862,  0.1511],
        [-0.9537,  0.8505]], device='cuda:0')
32613 tensor([[ 1.0000, -0.1374],
        [ 1.0000, -0.8436],
        [-0.9861,  0.1512],
        [-0.9536,  0.8507]], device='cuda:0')
32614 tensor([[ 1.0000, -0.1375],
        [ 1.0000, -0.8438],
        [-0.9861,  0.1514],
        [-0.9535,  0.8508]], device='cuda:0')
32615 tensor([[ 1.0000, -0.1377],
        [ 1.0000, -0.8439],
        [-0.9860,  0.1515],
        [-0.9534,  0.8509]], device='cuda:0')
32616 tensor([[ 1.0000, -0.1378],
        [ 1.0000, -0.8441],
        [-0.9860,  0.1516],
        [-0.9533,  0.8511]], device='cuda:0')
32617 tensor([[ 1.0000, -0.1379],
        [ 1.0000, -0.8442],
        [-0.9860,  0.1517],
        [-0.9532,  0.8512]], device='cuda:0')
32618 tensor([[ 1.0000, -0.1380],
        [ 1.0000, -0.8443],
        [-0.9859,  0.1518],
        [-0.9531,  0.8513]], device='cuda:0')
32619 tensor([[ 1.0000, -0.1382],
        [ 1.0000, -0.8445],
        [-0.9859,  0.1519],
        [-0.9529,  0.8514]], device='cuda:0')
32620 tensor([[ 1.0000, -0.1383],
        [ 1.0000, -0.8446],
        [-0.9859,  0.1521],
        [-0.9528,  0.8516]], device='cuda:0')
32621 tensor([[ 1.0000, -0.1384],
        [ 1.0000, -0.8447],
        [-0.9859,  0.1522],
        [-0.9527,  0.8517]], device='cuda:0')
32622 tensor([[ 1.0000, -0.1385],
        [ 1.0000, -0.8449],
        [-0.9859,  0.1523],
        [-0.9525,  0.8518]], device='cuda:0')
32623 tensor([[ 1.0000, -0.1387],
        [ 1.0000, -0.8450],
        [-0.9859,  0.1524],
        [-0.9524,  0.8519]], device='cuda:0')
32624 tensor([[ 1.0000, -0.1388],
        [ 1.0000, -0.8451],
        [-0.9859,  0.1525],
        [-0.9523,  0.8521]], device='cuda:0')
32625 tensor([[ 1.0000, -0.1389],
        [ 1.0000, -0.8453],
        [-0.9859,  0.1526],
        [-0.9522,  0.8522]], device='cuda:0')
32626 tensor([[ 1.0000, -0.1390],
        [ 1.0000, -0.8454],
        [-0.9859,  0.1527],
        [-0.9520,  0.8523]], device='cuda:0')
32627 tensor([[ 1.0000, -0.1391],
        [ 1.0000, -0.8455],
        [-0.9859,  0.1528],
        [-0.9519,  0.8524]], device='cuda:0')
32628 tensor([[ 1.0000, -0.1392],
        [ 1.0000, -0.8456],
        [-0.9859,  0.1529],
        [-0.9518,  0.8526]], device='cuda:0')
32629 tensor([[ 1.0000, -0.1394],
        [ 1.0000, -0.8458],
        [-0.9859,  0.1531],
        [-0.9517,  0.8527]], device='cuda:0')
32630 tensor([[ 1.0000, -0.1395],
        [ 1.0000, -0.8459],
        [-0.9859,  0.1532],
        [-0.9515,  0.8528]], device='cuda:0')
32631 tensor([[ 1.0000, -0.1396],
        [ 1.0000, -0.8460],
        [-0.9859,  0.1533],
        [-0.9514,  0.8529]], device='cuda:0')
32632 tensor([[ 1.0000, -0.1397],
        [ 1.0000, -0.8462],
        [-0.9859,  0.1534],
        [-0.9513,  0.8530]], device='cuda:0')
32633 tensor([[ 1.0000, -0.1398],
        [ 1.0000, -0.8463],
        [-0.9859,  0.1535],
        [-0.9512,  0.8532]], device='cuda:0')
32634 tensor([[ 1.0000, -0.1399],
        [ 1.0000, -0.8464],
        [-0.9859,  0.1536],
        [-0.9511,  0.8533]], device='cuda:0')
32635 tensor([[ 1.0000, -0.1399],
        [ 1.0000, -0.8465],
        [-0.9859,  0.1536],
        [-0.9510,  0.8535]], device='cuda:0')
32636 tensor([[ 1.0000, -0.1400],
        [ 1.0000, -0.8467],
        [-0.9859,  0.1537],
        [-0.9509,  0.8537]], device='cuda:0')
32637 tensor([[ 1.0000, -0.1401],
        [ 1.0000, -0.8468],
        [-0.9859,  0.1538],
        [-0.9507,  0.8538]], device='cuda:0')
32638 tensor([[ 1.0000, -0.1401],
        [ 1.0000, -0.8470],
        [-0.9859,  0.1538],
        [-0.9506,  0.8540]], device='cuda:0')
32639 tensor([[ 1.0000, -0.1402],
        [ 1.0000, -0.8471],
        [-0.9859,  0.1539],
        [-0.9505,  0.8541]], device='cuda:0')
32640 tensor([[ 1.0000, -0.1403],
        [ 1.0000, -0.8473],
        [-0.9859,  0.1540],
        [-0.9504,  0.8543]], device='cuda:0')
32641 tensor([[ 1.0000, -0.1403],
        [ 1.0000, -0.8474],
        [-0.9859,  0.1541],
        [-0.9503,  0.8544]], device='cuda:0')
32642 tensor([[ 1.0000, -0.1404],
        [ 1.0000, -0.8476],
        [-0.9859,  0.1541],
        [-0.9502,  0.8546]], device='cuda:0')
32643 tensor([[ 1.0000, -0.1405],
        [ 1.0000, -0.8477],
        [-0.9859,  0.1542],
        [-0.9501,  0.8547]], device='cuda:0')
32644 tensor([[ 1.0000, -0.1405],
        [ 1.0000, -0.8479],
        [-0.9859,  0.1543],
        [-0.9500,  0.8549]], device='cuda:0')
32645 tensor([[ 1.0000, -0.1406],
        [ 1.0000, -0.8480],
        [-0.9859,  0.1543],
        [-0.9499,  0.8550]], device='cuda:0')
32646 tensor([[ 1.0000, -0.1407],
        [ 1.0000, -0.8481],
        [-0.9859,  0.1544],
        [-0.9498,  0.8552]], device='cuda:0')
32647 tensor([[ 1.0000, -0.1407],
        [ 1.0000, -0.8483],
        [-0.9859,  0.1545],
        [-0.9497,  0.8553]], device='cuda:0')
32648 tensor([[ 1.0000, -0.1408],
        [ 1.0000, -0.8484],
        [-0.9859,  0.1545],
        [-0.9495,  0.8554]], device='cuda:0')
32649 tensor([[ 1.0000, -0.1409],
        [ 1.0000, -0.8486],
        [-0.9859,  0.1546],
        [-0.9494,  0.8556]], device='cuda:0')
32650 tensor([[ 1.0000, -0.1409],
        [ 1.0000, -0.8487],
        [-0.9859,  0.1547],
        [-0.9492,  0.8557]], device='cuda:0')
32651 tensor([[ 1.0000, -0.1410],
        [ 1.0000, -0.8488],
        [-0.9859,  0.1547],
        [-0.9491,  0.8558]], device='cuda:0')
32652 tensor([[ 1.0000, -0.1411],
        [ 1.0000, -0.8490],
        [-0.9859,  0.1548],
        [-0.9490,  0.8560]], device='cuda:0')
32653 tensor([[ 1.0000, -0.1412],
        [ 1.0000, -0.8491],
        [-0.9859,  0.1549],
        [-0.9488,  0.8561]], device='cuda:0')
32654 tensor([[ 1.0000, -0.1412],
        [ 1.0000, -0.8493],
        [-0.9859,  0.1549],
        [-0.9487,  0.8562]], device='cuda:0')
32655 tensor([[ 1.0000, -0.1413],
        [ 1.0000, -0.8494],
        [-0.9859,  0.1550],
        [-0.9485,  0.8564]], device='cuda:0')
32656 tensor([[ 1.0000, -0.1414],
        [ 1.0000, -0.8495],
        [-0.9859,  0.1550],
        [-0.9484,  0.8565]], device='cuda:0')
32657 tensor([[ 1.0000, -0.1414],
        [ 1.0000, -0.8497],
        [-0.9859,  0.1551],
        [-0.9482,  0.8566]], device='cuda:0')
32658 tensor([[ 1.0000, -0.1415],
        [ 1.0000, -0.8498],
        [-0.9859,  0.1552],
        [-0.9481,  0.8568]], device='cuda:0')
32659 tensor([[ 1.0000, -0.1416],
        [ 1.0000, -0.8500],
        [-0.9859,  0.1552],
        [-0.9480,  0.8569]], device='cuda:0')
32660 tensor([[ 1.0000, -0.1416],
        [ 1.0000, -0.8501],
        [-0.9859,  0.1553],
        [-0.9478,  0.8570]], device='cuda:0')
32661 tensor([[ 1.0000, -0.1417],
        [ 1.0000, -0.8502],
        [-0.9859,  0.1553],
        [-0.9477,  0.8572]], device='cuda:0')
32662 tensor([[ 1.0000, -0.1418],
        [ 1.0000, -0.8504],
        [-0.9859,  0.1554],
        [-0.9476,  0.8573]], device='cuda:0')
32663 tensor([[ 1.0000, -0.1418],
        [ 1.0000, -0.8505],
        [-0.9859,  0.1554],
        [-0.9475,  0.8575]], device='cuda:0')
32664 tensor([[ 1.0000, -0.1419],
        [ 1.0000, -0.8506],
        [-0.9859,  0.1555],
        [-0.9473,  0.8576]], device='cuda:0')
32665 tensor([[ 1.0000, -0.1419],
        [ 1.0000, -0.8508],
        [-0.9859,  0.1556],
        [-0.9472,  0.8578]], device='cuda:0')
32666 tensor([[ 1.0000, -0.1420],
        [ 1.0000, -0.8509],
        [-0.9859,  0.1556],
        [-0.9471,  0.8579]], device='cuda:0')
32667 tensor([[ 1.0000, -0.1421],
        [ 1.0000, -0.8511],
        [-0.9859,  0.1557],
        [-0.9469,  0.8581]], device='cuda:0')
32668 tensor([[ 1.0000, -0.1421],
        [ 1.0000, -0.8512],
        [-0.9859,  0.1558],
        [-0.9468,  0.8583]], device='cuda:0')
32669 tensor([[ 1.0000, -0.1422],
        [ 1.0000, -0.8514],
        [-0.9859,  0.1558],
        [-0.9467,  0.8584]], device='cuda:0')
32670 tensor([[ 1.0000, -0.1422],
        [ 1.0000, -0.8515],
        [-0.9859,  0.1559],
        [-0.9466,  0.8586]], device='cuda:0')
32671 tensor([[ 1.0000, -0.1423],
        [ 1.0000, -0.8517],
        [-0.9859,  0.1559],
        [-0.9465,  0.8587]], device='cuda:0')
32672 tensor([[ 1.0000, -0.1423],
        [ 1.0000, -0.8518],
        [-0.9859,  0.1560],
        [-0.9463,  0.8589]], device='cuda:0')
32673 tensor([[ 1.0000, -0.1424],
        [ 1.0000, -0.8520],
        [-0.9859,  0.1561],
        [-0.9462,  0.8591]], device='cuda:0')
32674 tensor([[ 1.0000, -0.1425],
        [ 1.0000, -0.8521],
        [-0.9859,  0.1561],
        [-0.9461,  0.8592]], device='cuda:0')
32675 tensor([[ 1.0000, -0.1425],
        [ 1.0000, -0.8523],
        [-0.9859,  0.1562],
        [-0.9460,  0.8594]], device='cuda:0')
32676 tensor([[ 1.0000, -0.1426],
        [ 1.0000, -0.8524],
        [-0.9859,  0.1562],
        [-0.9459,  0.8595]], device='cuda:0')
32677 tensor([[ 1.0000, -0.1426],
        [ 1.0000, -0.8526],
        [-0.9859,  0.1563],
        [-0.9457,  0.8597]], device='cuda:0')
32678 tensor([[ 1.0000, -0.1427],
        [ 1.0000, -0.8527],
        [-0.9859,  0.1563],
        [-0.9456,  0.8598]], device='cuda:0')
32679 tensor([[ 1.0000, -0.1427],
        [ 1.0000, -0.8529],
        [-0.9859,  0.1564],
        [-0.9454,  0.8599]], device='cuda:0')
32680 tensor([[ 1.0000, -0.1428],
        [ 1.0000, -0.8530],
        [-0.9859,  0.1565],
        [-0.9453,  0.8601]], device='cuda:0')
32681 tensor([[ 1.0000, -0.1429],
        [ 1.0000, -0.8532],
        [-0.9859,  0.1565],
        [-0.9451,  0.8602]], device='cuda:0')
32682 tensor([[ 1.0000, -0.1429],
        [ 1.0000, -0.8533],
        [-0.9859,  0.1566],
        [-0.9449,  0.8604]], device='cuda:0')
32683 tensor([[ 1.0000, -0.1430],
        [ 1.0000, -0.8535],
        [-0.9859,  0.1566],
        [-0.9448,  0.8605]], device='cuda:0')
32684 tensor([[ 1.0000, -0.1430],
        [ 1.0000, -0.8536],
        [-0.9859,  0.1567],
        [-0.9446,  0.8607]], device='cuda:0')
32685 tensor([[ 1.0000, -0.1431],
        [ 1.0000, -0.8538],
        [-0.9859,  0.1567],
        [-0.9445,  0.8608]], device='cuda:0')
32686 tensor([[ 1.0000, -0.1431],
        [ 1.0000, -0.8539],
        [-0.9859,  0.1568],
        [-0.9443,  0.8609]], device='cuda:0')
32687 tensor([[ 1.0000, -0.1432],
        [ 1.0000, -0.8541],
        [-0.9859,  0.1568],
        [-0.9442,  0.8611]], device='cuda:0')
32688 tensor([[ 1.0000, -0.1433],
        [ 1.0000, -0.8542],
        [-0.9859,  0.1569],
        [-0.9440,  0.8612]], device='cuda:0')
32689 tensor([[ 1.0000, -0.1433],
        [ 1.0000, -0.8544],
        [-0.9859,  0.1569],
        [-0.9439,  0.8614]], device='cuda:0')
32690 tensor([[ 1.0000, -0.1434],
        [ 1.0000, -0.8545],
        [-0.9859,  0.1570],
        [-0.9437,  0.8615]], device='cuda:0')
32691 tensor([[ 1.0000, -0.1434],
        [ 1.0000, -0.8546],
        [-0.9859,  0.1570],
        [-0.9436,  0.8616]], device='cuda:0')
32692 tensor([[ 1.0000, -0.1435],
        [ 1.0000, -0.8548],
        [-0.9859,  0.1571],
        [-0.9434,  0.8618]], device='cuda:0')
32693 tensor([[ 1.0000, -0.1435],
        [ 1.0000, -0.8549],
        [-0.9859,  0.1571],
        [-0.9433,  0.8619]], device='cuda:0')
32694 tensor([[ 1.0000, -0.1436],
        [ 1.0000, -0.8550],
        [-0.9859,  0.1572],
        [-0.9432,  0.8621]], device='cuda:0')
32695 tensor([[ 1.0000, -0.1436],
        [ 1.0000, -0.8552],
        [-0.9859,  0.1572],
        [-0.9430,  0.8623]], device='cuda:0')
32696 tensor([[ 1.0000, -0.1437],
        [ 1.0000, -0.8554],
        [-0.9859,  0.1573],
        [-0.9429,  0.8624]], device='cuda:0')
32697 tensor([[ 1.0000, -0.1437],
        [ 1.0000, -0.8555],
        [-0.9859,  0.1573],
        [-0.9428,  0.8626]], device='cuda:0')
32698 tensor([[ 1.0000, -0.1438],
        [ 1.0000, -0.8557],
        [-0.9859,  0.1574],
        [-0.9426,  0.8628]], device='cuda:0')
32699 tensor([[ 1.0000, -0.1438],
        [ 1.0000, -0.8559],
        [-0.9859,  0.1574],
        [-0.9425,  0.8629]], device='cuda:0')
32700 tensor([[ 1.0000, -0.1439],
        [ 1.0000, -0.8560],
        [-0.9859,  0.1575],
        [-0.9423,  0.8631]], device='cuda:0')
32701 tensor([[ 1.0000, -0.1439],
        [ 1.0000, -0.8562],
        [-0.9859,  0.1575],
        [-0.9422,  0.8633]], device='cuda:0')
32702 tensor([[ 1.0000, -0.1440],
        [ 1.0000, -0.8563],
        [-0.9859,  0.1576],
        [-0.9421,  0.8634]], device='cuda:0')
32703 tensor([[ 1.0000, -0.1440],
        [ 1.0000, -0.8565],
        [-0.9859,  0.1576],
        [-0.9419,  0.8636]], device='cuda:0')
32704 tensor([[ 1.0000, -0.1441],
        [ 1.0000, -0.8567],
        [-0.9859,  0.1577],
        [-0.9418,  0.8638]], device='cuda:0')
32705 tensor([[ 1.0000, -0.1441],
        [ 1.0000, -0.8568],
        [-0.9859,  0.1577],
        [-0.9417,  0.8639]], device='cuda:0')
32706 tensor([[ 1.0000, -0.1442],
        [ 1.0000, -0.8570],
        [-0.9859,  0.1578],
        [-0.9416,  0.8641]], device='cuda:0')
32707 tensor([[ 1.0000, -0.1442],
        [ 1.0000, -0.8571],
        [-0.9859,  0.1578],
        [-0.9414,  0.8642]], device='cuda:0')
32708 tensor([[ 1.0000, -0.1443],
        [ 1.0000, -0.8573],
        [-0.9859,  0.1579],
        [-0.9413,  0.8644]], device='cuda:0')
32709 tensor([[ 1.0000, -0.1443],
        [ 1.0000, -0.8575],
        [-0.9859,  0.1579],
        [-0.9412,  0.8646]], device='cuda:0')
32710 tensor([[ 1.0000, -0.1443],
        [ 1.0000, -0.8576],
        [-0.9859,  0.1580],
        [-0.9410,  0.8648]], device='cuda:0')
32711 tensor([[ 1.0000, -0.1444],
        [ 1.0000, -0.8578],
        [-0.9859,  0.1580],
        [-0.9409,  0.8650]], device='cuda:0')
32712 tensor([[ 1.0000, -0.1444],
        [ 1.0000, -0.8580],
        [-0.9859,  0.1581],
        [-0.9408,  0.8652]], device='cuda:0')
32713 tensor([[ 1.0000, -0.1445],
        [ 1.0000, -0.8582],
        [-0.9859,  0.1581],
        [-0.9407,  0.8654]], device='cuda:0')
32714 tensor([[ 1.0000, -0.1445],
        [ 1.0000, -0.8584],
        [-0.9859,  0.1582],
        [-0.9405,  0.8656]], device='cuda:0')
32715 tensor([[ 1.0000, -0.1446],
        [ 1.0000, -0.8586],
        [-0.9860,  0.1582],
        [-0.9404,  0.8658]], device='cuda:0')
32716 tensor([[ 1.0000, -0.1446],
        [ 1.0000, -0.8587],
        [-0.9860,  0.1583],
        [-0.9403,  0.8659]], device='cuda:0')
32717 tensor([[ 1.0000, -0.1447],
        [ 1.0000, -0.8589],
        [-0.9860,  0.1583],
        [-0.9402,  0.8661]], device='cuda:0')
32718 tensor([[ 1.0000, -0.1447],
        [ 1.0000, -0.8591],
        [-0.9860,  0.1584],
        [-0.9401,  0.8663]], device='cuda:0')
32719 tensor([[ 1.0000, -0.1447],
        [ 1.0000, -0.8593],
        [-0.9860,  0.1584],
        [-0.9399,  0.8665]], device='cuda:0')
32720 tensor([[ 1.0000, -0.1448],
        [ 1.0000, -0.8595],
        [-0.9860,  0.1585],
        [-0.9398,  0.8667]], device='cuda:0')
32721 tensor([[ 1.0000, -0.1448],
        [ 1.0000, -0.8596],
        [-0.9860,  0.1585],
        [-0.9397,  0.8669]], device='cuda:0')
32722 tensor([[ 1.0000, -0.1449],
        [ 1.0000, -0.8598],
        [-0.9860,  0.1586],
        [-0.9396,  0.8670]], device='cuda:0')
32723 tensor([[ 1.0000, -0.1449],
        [ 1.0000, -0.8600],
        [-0.9860,  0.1586],
        [-0.9395,  0.8672]], device='cuda:0')
32724 tensor([[ 1.0000, -0.1450],
        [ 1.0000, -0.8602],
        [-0.9860,  0.1586],
        [-0.9393,  0.8674]], device='cuda:0')
32725 tensor([[ 1.0000, -0.1450],
        [ 1.0000, -0.8604],
        [-0.9860,  0.1587],
        [-0.9392,  0.8676]], device='cuda:0')
32726 tensor([[ 1.0000, -0.1451],
        [ 1.0000, -0.8605],
        [-0.9860,  0.1587],
        [-0.9391,  0.8677]], device='cuda:0')
32727 tensor([[ 1.0000, -0.1451],
        [ 1.0000, -0.8607],
        [-0.9860,  0.1588],
        [-0.9390,  0.8679]], device='cuda:0')
32728 tensor([[ 1.0000, -0.1451],
        [ 1.0000, -0.8609],
        [-0.9860,  0.1588],
        [-0.9388,  0.8681]], device='cuda:0')
32729 tensor([[ 1.0000, -0.1452],
        [ 1.0000, -0.8611],
        [-0.9860,  0.1588],
        [-0.9387,  0.8682]], device='cuda:0')
32730 tensor([[ 1.0000, -0.1452],
        [ 1.0000, -0.8612],
        [-0.9859,  0.1589],
        [-0.9386,  0.8684]], device='cuda:0')
32731 tensor([[ 1.0000, -0.1453],
        [ 1.0000, -0.8614],
        [-0.9859,  0.1589],
        [-0.9385,  0.8686]], device='cuda:0')
32732 tensor([[ 1.0000, -0.1453],
        [ 1.0000, -0.8616],
        [-0.9859,  0.1590],
        [-0.9384,  0.8687]], device='cuda:0')
32733 tensor([[ 1.0000, -0.1454],
        [ 1.0000, -0.8617],
        [-0.9859,  0.1590],
        [-0.9383,  0.8689]], device='cuda:0')
32734 tensor([[ 1.0000, -0.1454],
        [ 1.0000, -0.8619],
        [-0.9859,  0.1590],
        [-0.9381,  0.8691]], device='cuda:0')
32735 tensor([[ 1.0000, -0.1455],
        [ 1.0000, -0.8621],
        [-0.9859,  0.1591],
        [-0.9380,  0.8692]], device='cuda:0')
32736 tensor([[ 1.0000, -0.1455],
        [ 1.0000, -0.8622],
        [-0.9859,  0.1591],
        [-0.9379,  0.8694]], device='cuda:0')
32737 tensor([[ 1.0000, -0.1456],
        [ 1.0000, -0.8624],
        [-0.9859,  0.1591],
        [-0.9378,  0.8695]], device='cuda:0')
32738 tensor([[ 1.0000, -0.1456],
        [ 1.0000, -0.8626],
        [-0.9859,  0.1592],
        [-0.9377,  0.8697]], device='cuda:0')
32739 tensor([[ 1.0000, -0.1456],
        [ 1.0000, -0.8628],
        [-0.9859,  0.1592],
        [-0.9376,  0.8699]], device='cuda:0')
32740 tensor([[ 1.0000, -0.1457],
        [ 1.0000, -0.8630],
        [-0.9859,  0.1593],
        [-0.9375,  0.8701]], device='cuda:0')
32741 tensor([[ 1.0000, -0.1457],
        [ 1.0000, -0.8632],
        [-0.9859,  0.1593],
        [-0.9374,  0.8703]], device='cuda:0')
32742 tensor([[ 1.0000, -0.1457],
        [ 1.0000, -0.8634],
        [-0.9859,  0.1594],
        [-0.9373,  0.8705]], device='cuda:0')
32743 tensor([[ 1.0000, -0.1458],
        [ 1.0000, -0.8635],
        [-0.9859,  0.1594],
        [-0.9372,  0.8707]], device='cuda:0')
32744 tensor([[ 1.0000, -0.1458],
        [ 1.0000, -0.8637],
        [-0.9859,  0.1594],
        [-0.9371,  0.8709]], device='cuda:0')
32745 tensor([[ 1.0000, -0.1459],
        [ 1.0000, -0.8639],
        [-0.9859,  0.1595],
        [-0.9370,  0.8711]], device='cuda:0')
32746 tensor([[ 1.0000, -0.1459],
        [ 1.0000, -0.8641],
        [-0.9860,  0.1595],
        [-0.9369,  0.8713]], device='cuda:0')
32747 tensor([[ 1.0000, -0.1459],
        [ 1.0000, -0.8643],
        [-0.9860,  0.1596],
        [-0.9368,  0.8715]], device='cuda:0')
32748 tensor([[ 1.0000, -0.1460],
        [ 1.0000, -0.8645],
        [-0.9860,  0.1596],
        [-0.9367,  0.8717]], device='cuda:0')
32749 tensor([[ 1.0000, -0.1460],
        [ 1.0000, -0.8647],
        [-0.9860,  0.1596],
        [-0.9366,  0.8719]], device='cuda:0')
32750 tensor([[ 1.0000, -0.1460],
        [ 1.0000, -0.8649],
        [-0.9860,  0.1597],
        [-0.9365,  0.8721]], device='cuda:0')
32751 tensor([[ 1.0000, -0.1461],
        [ 1.0000, -0.8651],
        [-0.9860,  0.1597],
        [-0.9364,  0.8723]], device='cuda:0')
32752 tensor([[ 1.0000, -0.1461],
        [ 1.0000, -0.8652],
        [-0.9860,  0.1598],
        [-0.9363,  0.8725]], device='cuda:0')
32753 tensor([[ 1.0000, -0.1462],
        [ 1.0000, -0.8654],
        [-0.9860,  0.1598],
        [-0.9362,  0.8727]], device='cuda:0')
32754 tensor([[ 1.0000, -0.1462],
        [ 1.0000, -0.8656],
        [-0.9860,  0.1598],
        [-0.9361,  0.8728]], device='cuda:0')
32755 tensor([[ 1.0000, -0.1462],
        [ 1.0000, -0.8658],
        [-0.9860,  0.1599],
        [-0.9360,  0.8730]], device='cuda:0')
32756 tensor([[ 1.0000, -0.1463],
        [ 1.0000, -0.8660],
        [-0.9860,  0.1599],
        [-0.9359,  0.8732]], device='cuda:0')
32757 tensor([[ 1.0000, -0.1463],
        [ 1.0000, -0.8662],
        [-0.9860,  0.1599],
        [-0.9358,  0.8734]], device='cuda:0')
32758 tensor([[ 1.0000, -0.1464],
        [ 1.0000, -0.8664],
        [-0.9859,  0.1600],
        [-0.9357,  0.8735]], device='cuda:0')
32759 tensor([[ 1.0000, -0.1464],
        [ 1.0000, -0.8665],
        [-0.9859,  0.1600],
        [-0.9356,  0.8737]], device='cuda:0')
32760 tensor([[ 1.0000, -0.1464],
        [ 1.0000, -0.8667],
        [-0.9859,  0.1600],
        [-0.9355,  0.8739]], device='cuda:0')
32761 tensor([[ 1.0000, -0.1465],
        [ 1.0000, -0.8669],
        [-0.9859,  0.1601],
        [-0.9354,  0.8741]], device='cuda:0')
32762 tensor([[ 1.0000, -0.1465],
        [ 1.0000, -0.8671],
        [-0.9859,  0.1601],
        [-0.9353,  0.8742]], device='cuda:0')
32763 tensor([[ 1.0000, -0.1466],
        [ 1.0000, -0.8673],
        [-0.9859,  0.1601],
        [-0.9352,  0.8744]], device='cuda:0')
32764 tensor([[ 1.0000, -0.1466],
        [ 1.0000, -0.8674],
        [-0.9859,  0.1601],
        [-0.9351,  0.8746]], device='cuda:0')
32765 tensor([[ 1.0000, -0.1466],
        [ 1.0000, -0.8676],
        [-0.9859,  0.1602],
        [-0.9350,  0.8748]], device='cuda:0')
32766 tensor([[ 1.0000, -0.1467],
        [ 1.0000, -0.8678],
        [-0.9859,  0.1602],
        [-0.9349,  0.8749]], device='cuda:0')
32767 tensor([[ 1.0000, -0.1467],
        [ 1.0000, -0.8680],
        [-0.9859,  0.1602],
        [-0.9348,  0.8751]], device='cuda:0')
32768 tensor([[ 1.0000, -0.1467],
        [ 1.0000, -0.8681],
        [-0.9859,  0.1603],
        [-0.9346,  0.8753]], device='cuda:0')
32769 tensor([[ 1.0000, -0.1468],
        [ 1.0000, -0.8683],
        [-0.9859,  0.1603],
        [-0.9345,  0.8754]], device='cuda:0')
32770 tensor([[ 1.0000, -0.1468],
        [ 1.0000, -0.8685],
        [-0.9859,  0.1603],
        [-0.9344,  0.8756]], device='cuda:0')
32771 tensor([[ 1.0000, -0.1469],
        [ 0.9999, -0.8686],
        [-0.9859,  0.1604],
        [-0.9343,  0.8758]], device='cuda:0')
32772 tensor([[ 1.0000, -0.1469],
        [ 0.9999, -0.8688],
        [-0.9859,  0.1604],
        [-0.9341,  0.8759]], device='cuda:0')
32773 tensor([[ 1.0000, -0.1469],
        [ 0.9999, -0.8690],
        [-0.9859,  0.1604],
        [-0.9340,  0.8761]], device='cuda:0')
32774 tensor([[ 1.0000, -0.1470],
        [ 0.9999, -0.8692],
        [-0.9859,  0.1605],
        [-0.9339,  0.8762]], device='cuda:0')
32775 tensor([[ 1.0000, -0.1470],
        [ 0.9998, -0.8693],
        [-0.9859,  0.1605],
        [-0.9337,  0.8764]], device='cuda:0')
32776 tensor([[ 1.0000, -0.1470],
        [ 0.9998, -0.8695],
        [-0.9859,  0.1605],
        [-0.9336,  0.8766]], device='cuda:0')
32777 tensor([[ 1.0000, -0.1471],
        [ 0.9998, -0.8697],
        [-0.9859,  0.1605],
        [-0.9335,  0.8767]], device='cuda:0')
32778 tensor([[ 1.0000, -0.1471],
        [ 0.9998, -0.8698],
        [-0.9859,  0.1606],
        [-0.9334,  0.8769]], device='cuda:0')
32779 tensor([[ 1.0000, -0.1471],
        [ 0.9997, -0.8700],
        [-0.9859,  0.1606],
        [-0.9332,  0.8770]], device='cuda:0')
32780 tensor([[ 1.0000, -0.1472],
        [ 0.9997, -0.8701],
        [-0.9859,  0.1606],
        [-0.9331,  0.8772]], device='cuda:0')
32781 tensor([[ 1.0000, -0.1472],
        [ 0.9997, -0.8703],
        [-0.9859,  0.1607],
        [-0.9330,  0.8773]], device='cuda:0')
32782 tensor([[ 1.0000, -0.1473],
        [ 0.9997, -0.8705],
        [-0.9859,  0.1607],
        [-0.9329,  0.8775]], device='cuda:0')
32783 tensor([[ 1.0000, -0.1473],
        [ 0.9997, -0.8706],
        [-0.9859,  0.1607],
        [-0.9328,  0.8777]], device='cuda:0')
32784 tensor([[ 1.0000, -0.1473],
        [ 0.9996, -0.8708],
        [-0.9859,  0.1607],
        [-0.9326,  0.8779]], device='cuda:0')
32785 tensor([[ 1.0000, -0.1473],
        [ 0.9996, -0.8710],
        [-0.9859,  0.1608],
        [-0.9325,  0.8781]], device='cuda:0')
32786 tensor([[ 1.0000, -0.1474],
        [ 0.9996, -0.8711],
        [-0.9859,  0.1608],
        [-0.9324,  0.8783]], device='cuda:0')
32787 tensor([[ 1.0000, -0.1474],
        [ 0.9996, -0.8713],
        [-0.9859,  0.1608],
        [-0.9323,  0.8784]], device='cuda:0')
32788 tensor([[ 1.0000, -0.1474],
        [ 0.9995, -0.8715],
        [-0.9859,  0.1609],
        [-0.9322,  0.8786]], device='cuda:0')
32789 tensor([[ 1.0000, -0.1475],
        [ 0.9995, -0.8717],
        [-0.9859,  0.1609],
        [-0.9321,  0.8788]], device='cuda:0')
32790 tensor([[ 1.0000, -0.1475],
        [ 0.9995, -0.8719],
        [-0.9859,  0.1609],
        [-0.9320,  0.8790]], device='cuda:0')
32791 tensor([[ 1.0000, -0.1475],
        [ 0.9995, -0.8720],
        [-0.9859,  0.1610],
        [-0.9319,  0.8792]], device='cuda:0')
32792 tensor([[ 1.0000, -0.1475],
        [ 0.9994, -0.8722],
        [-0.9859,  0.1610],
        [-0.9318,  0.8794]], device='cuda:0')
32793 tensor([[ 1.0000, -0.1476],
        [ 0.9994, -0.8724],
        [-0.9859,  0.1610],
        [-0.9316,  0.8795]], device='cuda:0')
32794 tensor([[ 1.0000, -0.1476],
        [ 0.9994, -0.8726],
        [-0.9859,  0.1611],
        [-0.9315,  0.8797]], device='cuda:0')
32795 tensor([[ 1.0000, -0.1476],
        [ 0.9994, -0.8728],
        [-0.9859,  0.1611],
        [-0.9314,  0.8799]], device='cuda:0')
32796 tensor([[ 1.0000, -0.1477],
        [ 0.9993, -0.8729],
        [-0.9859,  0.1611],
        [-0.9313,  0.8801]], device='cuda:0')
32797 tensor([[ 1.0000, -0.1477],
        [ 0.9993, -0.8731],
        [-0.9859,  0.1612],
        [-0.9312,  0.8803]], device='cuda:0')
32798 tensor([[ 1.0000, -0.1477],
        [ 0.9993, -0.8733],
        [-0.9859,  0.1612],
        [-0.9311,  0.8804]], device='cuda:0')
32799 tensor([[ 1.0000, -0.1477],
        [ 0.9992, -0.8734],
        [-0.9859,  0.1612],
        [-0.9309,  0.8806]], device='cuda:0')
32800 tensor([[ 1.0000, -0.1478],
        [ 0.9992, -0.8736],
        [-0.9859,  0.1612],
        [-0.9308,  0.8808]], device='cuda:0')
32801 tensor([[ 1.0000, -0.1478],
        [ 0.9991, -0.8738],
        [-0.9859,  0.1613],
        [-0.9306,  0.8809]], device='cuda:0')
32802 tensor([[ 1.0000, -0.1478],
        [ 0.9991, -0.8740],
        [-0.9859,  0.1613],
        [-0.9305,  0.8811]], device='cuda:0')
32803 tensor([[ 1.0000, -0.1479],
        [ 0.9990, -0.8741],
        [-0.9859,  0.1613],
        [-0.9303,  0.8813]], device='cuda:0')
32804 tensor([[ 1.0000, -0.1479],
        [ 0.9990, -0.8743],
        [-0.9859,  0.1613],
        [-0.9302,  0.8814]], device='cuda:0')
32805 tensor([[ 1.0000, -0.1479],
        [ 0.9989, -0.8745],
        [-0.9859,  0.1614],
        [-0.9301,  0.8816]], device='cuda:0')
32806 tensor([[ 1.0000, -0.1480],
        [ 0.9989, -0.8746],
        [-0.9859,  0.1614],
        [-0.9299,  0.8817]], device='cuda:0')
32807 tensor([[ 1.0000, -0.1480],
        [ 0.9988, -0.8748],
        [-0.9859,  0.1614],
        [-0.9298,  0.8819]], device='cuda:0')
32808 tensor([[ 1.0000, -0.1480],
        [ 0.9988, -0.8750],
        [-0.9859,  0.1614],
        [-0.9296,  0.8821]], device='cuda:0')
32809 tensor([[ 1.0000, -0.1481],
        [ 0.9987, -0.8752],
        [-0.9859,  0.1615],
        [-0.9295,  0.8822]], device='cuda:0')
32810 tensor([[ 1.0000, -0.1481],
        [ 0.9987, -0.8753],
        [-0.9859,  0.1615],
        [-0.9294,  0.8824]], device='cuda:0')
32811 tensor([[ 1.0000, -0.1481],
        [ 0.9986, -0.8755],
        [-0.9859,  0.1615],
        [-0.9292,  0.8825]], device='cuda:0')
32812 tensor([[ 1.0000, -0.1481],
        [ 0.9985, -0.8756],
        [-0.9859,  0.1615],
        [-0.9291,  0.8827]], device='cuda:0')
32813 tensor([[ 1.0000, -0.1482],
        [ 0.9985, -0.8758],
        [-0.9859,  0.1616],
        [-0.9289,  0.8829]], device='cuda:0')
32814 tensor([[ 1.0000, -0.1482],
        [ 0.9985, -0.8760],
        [-0.9859,  0.1616],
        [-0.9288,  0.8830]], device='cuda:0')
32815 tensor([[ 1.0000, -0.1482],
        [ 0.9984, -0.8761],
        [-0.9859,  0.1616],
        [-0.9286,  0.8832]], device='cuda:0')
32816 tensor([[ 1.0000, -0.1483],
        [ 0.9983, -0.8763],
        [-0.9859,  0.1616],
        [-0.9284,  0.8833]], device='cuda:0')
32817 tensor([[ 1.0000, -0.1483],
        [ 0.9982, -0.8764],
        [-0.9859,  0.1617],
        [-0.9283,  0.8835]], device='cuda:0')
32818 tensor([[ 1.0000, -0.1483],
        [ 0.9981, -0.8766],
        [-0.9859,  0.1617],
        [-0.9281,  0.8836]], device='cuda:0')
32819 tensor([[ 1.0000, -0.1484],
        [ 0.9981, -0.8768],
        [-0.9859,  0.1617],
        [-0.9279,  0.8838]], device='cuda:0')
32820 tensor([[ 1.0000, -0.1484],
        [ 0.9980, -0.8769],
        [-0.9858,  0.1617],
        [-0.9278,  0.8839]], device='cuda:0')
32821 tensor([[ 1.0000, -0.1484],
        [ 0.9979, -0.8771],
        [-0.9858,  0.1617],
        [-0.9276,  0.8841]], device='cuda:0')
32822 tensor([[ 1.0000, -0.1484],
        [ 0.9978, -0.8772],
        [-0.9858,  0.1618],
        [-0.9275,  0.8842]], device='cuda:0')
32823 tensor([[ 1.0000, -0.1485],
        [ 0.9977, -0.8774],
        [-0.9858,  0.1618],
        [-0.9273,  0.8844]], device='cuda:0')
32824 tensor([[ 1.0000, -0.1485],
        [ 0.9977, -0.8775],
        [-0.9858,  0.1618],
        [-0.9272,  0.8845]], device='cuda:0')
32825 tensor([[ 1.0000, -0.1485],
        [ 0.9976, -0.8777],
        [-0.9858,  0.1618],
        [-0.9270,  0.8847]], device='cuda:0')
32826 tensor([[ 1.0000, -0.1486],
        [ 0.9975, -0.8778],
        [-0.9858,  0.1619],
        [-0.9269,  0.8848]], device='cuda:0')
32827 tensor([[ 1.0000, -0.1486],
        [ 0.9974, -0.8780],
        [-0.9858,  0.1619],
        [-0.9267,  0.8850]], device='cuda:0')
32828 tensor([[ 1.0000, -0.1486],
        [ 0.9974, -0.8781],
        [-0.9858,  0.1619],
        [-0.9266,  0.8851]], device='cuda:0')
32829 tensor([[ 1.0000, -0.1487],
        [ 0.9973, -0.8783],
        [-0.9858,  0.1620],
        [-0.9264,  0.8853]], device='cuda:0')
32830 tensor([[ 1.0000, -0.1487],
        [ 0.9972, -0.8784],
        [-0.9858,  0.1621],
        [-0.9263,  0.8855]], device='cuda:0')
32831 tensor([[ 1.0000, -0.1488],
        [ 0.9971, -0.8786],
        [-0.9859,  0.1621],
        [-0.9261,  0.8857]], device='cuda:0')
32832 tensor([[ 1.0000, -0.1488],
        [ 0.9971, -0.8788],
        [-0.9858,  0.1622],
        [-0.9260,  0.8858]], device='cuda:0')
32833 tensor([[ 1.0000, -0.1489],
        [ 0.9971, -0.8789],
        [-0.9858,  0.1623],
        [-0.9258,  0.8860]], device='cuda:0')
32834 tensor([[ 1.0000, -0.1490],
        [ 0.9970, -0.8791],
        [-0.9858,  0.1623],
        [-0.9257,  0.8862]], device='cuda:0')
32835 tensor([[ 1.0000, -0.1490],
        [ 0.9970, -0.8793],
        [-0.9858,  0.1624],
        [-0.9255,  0.8863]], device='cuda:0')
32836 tensor([[ 1.0000, -0.1491],
        [ 0.9970, -0.8794],
        [-0.9857,  0.1625],
        [-0.9253,  0.8865]], device='cuda:0')
32837 tensor([[ 1.0000, -0.1491],
        [ 0.9969, -0.8796],
        [-0.9857,  0.1625],
        [-0.9252,  0.8867]], device='cuda:0')
32838 tensor([[ 1.0000, -0.1492],
        [ 0.9969, -0.8797],
        [-0.9857,  0.1626],
        [-0.9250,  0.8868]], device='cuda:0')
32839 tensor([[ 1.0000, -0.1492],
        [ 0.9969, -0.8799],
        [-0.9857,  0.1626],
        [-0.9249,  0.8870]], device='cuda:0')
32840 tensor([[ 1.0000, -0.1493],
        [ 0.9968, -0.8801],
        [-0.9857,  0.1627],
        [-0.9247,  0.8872]], device='cuda:0')
32841 tensor([[ 1.0000, -0.1494],
        [ 0.9968, -0.8802],
        [-0.9856,  0.1628],
        [-0.9246,  0.8873]], device='cuda:0')
32842 tensor([[ 1.0000, -0.1494],
        [ 0.9968, -0.8804],
        [-0.9856,  0.1628],
        [-0.9244,  0.8875]], device='cuda:0')
32843 tensor([[ 1.0000, -0.1495],
        [ 0.9967, -0.8805],
        [-0.9856,  0.1629],
        [-0.9243,  0.8876]], device='cuda:0')
32844 tensor([[ 1.0000, -0.1495],
        [ 0.9967, -0.8807],
        [-0.9855,  0.1629],
        [-0.9241,  0.8878]], device='cuda:0')
32845 tensor([[ 1.0000, -0.1496],
        [ 0.9967, -0.8809],
        [-0.9855,  0.1630],
        [-0.9239,  0.8880]], device='cuda:0')
32846 tensor([[ 1.0000, -0.1497],
        [ 0.9966, -0.8810],
        [-0.9854,  0.1630],
        [-0.9237,  0.8881]], device='cuda:0')
32847 tensor([[ 1.0000, -0.1497],
        [ 0.9966, -0.8812],
        [-0.9853,  0.1631],
        [-0.9235,  0.8883]], device='cuda:0')
32848 tensor([[ 1.0000, -0.1498],
        [ 0.9966, -0.8813],
        [-0.9852,  0.1631],
        [-0.9233,  0.8884]], device='cuda:0')
32849 tensor([[ 1.0000, -0.1498],
        [ 0.9966, -0.8815],
        [-0.9852,  0.1632],
        [-0.9231,  0.8886]], device='cuda:0')
32850 tensor([[ 1.0000, -0.1499],
        [ 0.9966, -0.8816],
        [-0.9851,  0.1632],
        [-0.9229,  0.8887]], device='cuda:0')
32851 tensor([[ 1.0000, -0.1499],
        [ 0.9965, -0.8818],
        [-0.9850,  0.1633],
        [-0.9227,  0.8889]], device='cuda:0')
32852 tensor([[ 1.0000, -0.1500],
        [ 0.9965, -0.8820],
        [-0.9849,  0.1633],
        [-0.9226,  0.8890]], device='cuda:0')
32853 tensor([[ 1.0000, -0.1501],
        [ 0.9965, -0.8821],
        [-0.9848,  0.1634],
        [-0.9224,  0.8892]], device='cuda:0')
32854 tensor([[ 1.0000, -0.1501],
        [ 0.9965, -0.8823],
        [-0.9848,  0.1635],
        [-0.9222,  0.8893]], device='cuda:0')
32855 tensor([[ 1.0000, -0.1502],
        [ 0.9965, -0.8824],
        [-0.9847,  0.1635],
        [-0.9220,  0.8894]], device='cuda:0')
32856 tensor([[ 1.0000, -0.1502],
        [ 0.9964, -0.8826],
        [-0.9846,  0.1636],
        [-0.9218,  0.8896]], device='cuda:0')
32857 tensor([[ 1.0000, -0.1503],
        [ 0.9964, -0.8827],
        [-0.9846,  0.1636],
        [-0.9217,  0.8897]], device='cuda:0')
32858 tensor([[ 1.0000, -0.1503],
        [ 0.9964, -0.8829],
        [-0.9845,  0.1637],
        [-0.9215,  0.8899]], device='cuda:0')
32859 tensor([[ 1.0000, -0.1504],
        [ 0.9964, -0.8830],
        [-0.9844,  0.1638],
        [-0.9214,  0.8901]], device='cuda:0')
32860 tensor([[ 1.0000, -0.1505],
        [ 0.9964, -0.8831],
        [-0.9844,  0.1639],
        [-0.9212,  0.8903]], device='cuda:0')
32861 tensor([[ 1.0000, -0.1506],
        [ 0.9963, -0.8833],
        [-0.9843,  0.1640],
        [-0.9210,  0.8904]], device='cuda:0')
32862 tensor([[ 1.0000, -0.1507],
        [ 0.9964, -0.8835],
        [-0.9842,  0.1641],
        [-0.9209,  0.8906]], device='cuda:0')
32863 tensor([[ 1.0000, -0.1508],
        [ 0.9964, -0.8836],
        [-0.9842,  0.1642],
        [-0.9207,  0.8908]], device='cuda:0')
32864 tensor([[ 1.0000, -0.1509],
        [ 0.9964, -0.8838],
        [-0.9841,  0.1642],
        [-0.9205,  0.8909]], device='cuda:0')
32865 tensor([[ 1.0000, -0.1509],
        [ 0.9964, -0.8840],
        [-0.9840,  0.1643],
        [-0.9203,  0.8911]], device='cuda:0')
32866 tensor([[ 1.0000, -0.1510],
        [ 0.9964, -0.8841],
        [-0.9839,  0.1644],
        [-0.9202,  0.8913]], device='cuda:0')
32867 tensor([[ 1.0000, -0.1511],
        [ 0.9964, -0.8843],
        [-0.9838,  0.1645],
        [-0.9200,  0.8914]], device='cuda:0')
32868 tensor([[ 1.0000, -0.1512],
        [ 0.9964, -0.8845],
        [-0.9838,  0.1646],
        [-0.9198,  0.8916]], device='cuda:0')
32869 tensor([[ 1.0000, -0.1513],
        [ 0.9965, -0.8846],
        [-0.9837,  0.1647],
        [-0.9196,  0.8918]], device='cuda:0')
32870 tensor([[ 1.0000, -0.1514],
        [ 0.9965, -0.8848],
        [-0.9836,  0.1648],
        [-0.9195,  0.8919]], device='cuda:0')
32871 tensor([[ 1.0000, -0.1514],
        [ 0.9965, -0.8849],
        [-0.9835,  0.1649],
        [-0.9193,  0.8921]], device='cuda:0')
32872 tensor([[ 1.0000, -0.1515],
        [ 0.9965, -0.8851],
        [-0.9835,  0.1649],
        [-0.9192,  0.8923]], device='cuda:0')
32873 tensor([[ 1.0000, -0.1516],
        [ 0.9965, -0.8852],
        [-0.9834,  0.1651],
        [-0.9190,  0.8924]], device='cuda:0')
32874 tensor([[ 1.0000, -0.1517],
        [ 0.9965, -0.8854],
        [-0.9833,  0.1652],
        [-0.9189,  0.8926]], device='cuda:0')
32875 tensor([[ 1.0000, -0.1518],
        [ 0.9965, -0.8856],
        [-0.9833,  0.1653],
        [-0.9187,  0.8928]], device='cuda:0')
32876 tensor([[ 1.0000, -0.1519],
        [ 0.9966, -0.8858],
        [-0.9832,  0.1654],
        [-0.9185,  0.8930]], device='cuda:0')
32877 tensor([[ 1.0000, -0.1521],
        [ 0.9966, -0.8859],
        [-0.9831,  0.1655],
        [-0.9184,  0.8932]], device='cuda:0')
32878 tensor([[ 1.0000, -0.1522],
        [ 0.9967, -0.8861],
        [-0.9830,  0.1657],
        [-0.9182,  0.8934]], device='cuda:0')
32879 tensor([[ 1.0000, -0.1523],
        [ 0.9967, -0.8863],
        [-0.9829,  0.1658],
        [-0.9180,  0.8936]], device='cuda:0')
32880 tensor([[ 1.0000, -0.1524],
        [ 0.9968, -0.8865],
        [-0.9828,  0.1659],
        [-0.9178,  0.8938]], device='cuda:0')
32881 tensor([[ 1.0000, -0.1525],
        [ 0.9968, -0.8866],
        [-0.9827,  0.1660],
        [-0.9177,  0.8939]], device='cuda:0')
32882 tensor([[ 1.0000, -0.1526],
        [ 0.9969, -0.8868],
        [-0.9826,  0.1661],
        [-0.9175,  0.8941]], device='cuda:0')
32883 tensor([[ 1.0000, -0.1527],
        [ 0.9969, -0.8870],
        [-0.9826,  0.1663],
        [-0.9173,  0.8943]], device='cuda:0')
32884 tensor([[ 1.0000, -0.1528],
        [ 0.9970, -0.8872],
        [-0.9825,  0.1664],
        [-0.9172,  0.8945]], device='cuda:0')
32885 tensor([[ 1.0000, -0.1530],
        [ 0.9970, -0.8874],
        [-0.9824,  0.1665],
        [-0.9170,  0.8947]], device='cuda:0')
32886 tensor([[ 1.0000, -0.1531],
        [ 0.9971, -0.8875],
        [-0.9823,  0.1666],
        [-0.9168,  0.8948]], device='cuda:0')
32887 tensor([[ 1.0000, -0.1532],
        [ 0.9971, -0.8877],
        [-0.9822,  0.1667],
        [-0.9167,  0.8950]], device='cuda:0')
32888 tensor([[ 1.0000, -0.1533],
        [ 0.9972, -0.8879],
        [-0.9821,  0.1668],
        [-0.9165,  0.8952]], device='cuda:0')
32889 tensor([[ 1.0000, -0.1534],
        [ 0.9972, -0.8880],
        [-0.9820,  0.1669],
        [-0.9163,  0.8954]], device='cuda:0')
32890 tensor([[ 1.0000, -0.1535],
        [ 0.9972, -0.8882],
        [-0.9819,  0.1670],
        [-0.9161,  0.8955]], device='cuda:0')
32891 tensor([[ 1.0000, -0.1536],
        [ 0.9973, -0.8884],
        [-0.9818,  0.1671],
        [-0.9159,  0.8957]], device='cuda:0')
32892 tensor([[ 1.0000, -0.1537],
        [ 0.9973, -0.8886],
        [-0.9816,  0.1672],
        [-0.9157,  0.8959]], device='cuda:0')
32893 tensor([[ 1.0000, -0.1538],
        [ 0.9973, -0.8887],
        [-0.9815,  0.1673],
        [-0.9154,  0.8960]], device='cuda:0')
32894 tensor([[ 1.0000, -0.1539],
        [ 0.9974, -0.8889],
        [-0.9814,  0.1674],
        [-0.9152,  0.8962]], device='cuda:0')
32895 tensor([[ 1.0000, -0.1540],
        [ 0.9974, -0.8891],
        [-0.9812,  0.1675],
        [-0.9150,  0.8964]], device='cuda:0')
32896 tensor([[ 1.0000, -0.1542],
        [ 0.9975, -0.8892],
        [-0.9811,  0.1676],
        [-0.9148,  0.8965]], device='cuda:0')
32897 tensor([[ 1.0000, -0.1543],
        [ 0.9975, -0.8894],
        [-0.9810,  0.1677],
        [-0.9146,  0.8967]], device='cuda:0')
32898 tensor([[ 1.0000, -0.1544],
        [ 0.9976, -0.8896],
        [-0.9808,  0.1678],
        [-0.9144,  0.8968]], device='cuda:0')
32899 tensor([[ 1.0000, -0.1545],
        [ 0.9976, -0.8897],
        [-0.9807,  0.1679],
        [-0.9142,  0.8970]], device='cuda:0')
32900 tensor([[ 1.0000, -0.1546],
        [ 0.9977, -0.8899],
        [-0.9806,  0.1680],
        [-0.9139,  0.8972]], device='cuda:0')
32901 tensor([[ 1.0000, -0.1547],
        [ 0.9977, -0.8901],
        [-0.9805,  0.1681],
        [-0.9138,  0.8973]], device='cuda:0')
32902 tensor([[ 1.0000, -0.1548],
        [ 0.9978, -0.8902],
        [-0.9804,  0.1683],
        [-0.9136,  0.8975]], device='cuda:0')
32903 tensor([[ 1.0000, -0.1549],
        [ 0.9978, -0.8904],
        [-0.9803,  0.1684],
        [-0.9134,  0.8978]], device='cuda:0')
32904 tensor([[ 1.0000, -0.1550],
        [ 0.9978, -0.8905],
        [-0.9801,  0.1686],
        [-0.9132,  0.8980]], device='cuda:0')
32905 tensor([[ 1.0000, -0.1551],
        [ 0.9979, -0.8907],
        [-0.9800,  0.1688],
        [-0.9130,  0.8982]], device='cuda:0')
32906 tensor([[ 1.0000, -0.1552],
        [ 0.9980, -0.8909],
        [-0.9799,  0.1690],
        [-0.9128,  0.8985]], device='cuda:0')
32907 tensor([[ 1.0000, -0.1554],
        [ 0.9980, -0.8911],
        [-0.9798,  0.1691],
        [-0.9126,  0.8987]], device='cuda:0')
32908 tensor([[ 1.0000, -0.1555],
        [ 0.9981, -0.8913],
        [-0.9796,  0.1693],
        [-0.9124,  0.8989]], device='cuda:0')
32909 tensor([[ 1.0000, -0.1557],
        [ 0.9982, -0.8916],
        [-0.9795,  0.1695],
        [-0.9122,  0.8992]], device='cuda:0')
32910 tensor([[ 1.0000, -0.1558],
        [ 0.9982, -0.8918],
        [-0.9794,  0.1697],
        [-0.9120,  0.8994]], device='cuda:0')
32911 tensor([[ 1.0000, -0.1560],
        [ 0.9983, -0.8920],
        [-0.9793,  0.1698],
        [-0.9118,  0.8996]], device='cuda:0')
32912 tensor([[ 1.0000, -0.1561],
        [ 0.9984, -0.8922],
        [-0.9791,  0.1700],
        [-0.9116,  0.8998]], device='cuda:0')
32913 tensor([[ 1.0000, -0.1563],
        [ 0.9985, -0.8924],
        [-0.9790,  0.1702],
        [-0.9114,  0.9001]], device='cuda:0')
32914 tensor([[ 1.0000, -0.1564],
        [ 0.9985, -0.8926],
        [-0.9789,  0.1703],
        [-0.9112,  0.9003]], device='cuda:0')
32915 tensor([[ 1.0000, -0.1565],
        [ 0.9986, -0.8928],
        [-0.9788,  0.1705],
        [-0.9110,  0.9005]], device='cuda:0')
32916 tensor([[ 1.0000, -0.1567],
        [ 0.9987, -0.8929],
        [-0.9787,  0.1707],
        [-0.9108,  0.9007]], device='cuda:0')
32917 tensor([[ 1.0000, -0.1568],
        [ 0.9988, -0.8931],
        [-0.9785,  0.1708],
        [-0.9106,  0.9009]], device='cuda:0')
32918 tensor([[ 1.0000, -0.1570],
        [ 0.9988, -0.8933],
        [-0.9784,  0.1710],
        [-0.9104,  0.9012]], device='cuda:0')
32919 tensor([[ 1.0000, -0.1571],
        [ 0.9989, -0.8936],
        [-0.9783,  0.1712],
        [-0.9102,  0.9014]], device='cuda:0')
32920 tensor([[ 1.0000, -0.1573],
        [ 0.9990, -0.8938],
        [-0.9782,  0.1714],
        [-0.9100,  0.9017]], device='cuda:0')
32921 tensor([[ 1.0000, -0.1574],
        [ 0.9990, -0.8940],
        [-0.9781,  0.1716],
        [-0.9098,  0.9019]], device='cuda:0')
32922 tensor([[ 1.0000, -0.1576],
        [ 0.9991, -0.8942],
        [-0.9780,  0.1717],
        [-0.9096,  0.9022]], device='cuda:0')
32923 tensor([[ 1.0000, -0.1578],
        [ 0.9992, -0.8945],
        [-0.9778,  0.1719],
        [-0.9094,  0.9024]], device='cuda:0')
32924 tensor([[ 1.0000, -0.1579],
        [ 0.9993, -0.8947],
        [-0.9777,  0.1721],
        [-0.9092,  0.9027]], device='cuda:0')
32925 tensor([[ 1.0000, -0.1581],
        [ 0.9994, -0.8949],
        [-0.9776,  0.1723],
        [-0.9090,  0.9029]], device='cuda:0')
32926 tensor([[ 1.0000, -0.1583],
        [ 0.9995, -0.8951],
        [-0.9774,  0.1725],
        [-0.9088,  0.9031]], device='cuda:0')
32927 tensor([[ 1.0000, -0.1584],
        [ 0.9996, -0.8954],
        [-0.9773,  0.1726],
        [-0.9086,  0.9034]], device='cuda:0')
32928 tensor([[ 1.0000, -0.1586],
        [ 0.9997, -0.8956],
        [-0.9772,  0.1728],
        [-0.9084,  0.9036]], device='cuda:0')
32929 tensor([[ 1.0000, -0.1587],
        [ 0.9998, -0.8958],
        [-0.9770,  0.1730],
        [-0.9082,  0.9039]], device='cuda:0')
32930 tensor([[ 1.0000, -0.1589],
        [ 0.9999, -0.8960],
        [-0.9769,  0.1732],
        [-0.9080,  0.9041]], device='cuda:0')
32931 tensor([[ 1.0000, -0.1591],
        [ 1.0000, -0.8962],
        [-0.9768,  0.1733],
        [-0.9078,  0.9043]], device='cuda:0')
32932 tensor([[ 1.0000, -0.1592],
        [ 1.0000, -0.8965],
        [-0.9767,  0.1735],
        [-0.9076,  0.9046]], device='cuda:0')
32933 tensor([[ 1.0000, -0.1594],
        [ 1.0000, -0.8967],
        [-0.9766,  0.1737],
        [-0.9074,  0.9048]], device='cuda:0')
32934 tensor([[ 1.0000, -0.1595],
        [ 1.0000, -0.8969],
        [-0.9765,  0.1739],
        [-0.9072,  0.9050]], device='cuda:0')
32935 tensor([[ 1.0000, -0.1597],
        [ 1.0000, -0.8971],
        [-0.9764,  0.1741],
        [-0.9070,  0.9052]], device='cuda:0')
32936 tensor([[ 1.0000, -0.1599],
        [ 1.0000, -0.8973],
        [-0.9763,  0.1743],
        [-0.9068,  0.9055]], device='cuda:0')
32937 tensor([[ 1.0000, -0.1601],
        [ 1.0000, -0.8975],
        [-0.9761,  0.1745],
        [-0.9067,  0.9057]], device='cuda:0')
32938 tensor([[ 1.0000, -0.1603],
        [ 1.0000, -0.8977],
        [-0.9760,  0.1747],
        [-0.9065,  0.9059]], device='cuda:0')
32939 tensor([[ 1.0000, -0.1604],
        [ 1.0000, -0.8979],
        [-0.9759,  0.1749],
        [-0.9063,  0.9061]], device='cuda:0')
32940 tensor([[ 1.0000, -0.1606],
        [ 1.0000, -0.8981],
        [-0.9758,  0.1751],
        [-0.9061,  0.9064]], device='cuda:0')
32941 tensor([[ 1.0000, -0.1608],
        [ 1.0000, -0.8984],
        [-0.9757,  0.1753],
        [-0.9059,  0.9066]], device='cuda:0')
32942 tensor([[ 1.0000, -0.1610],
        [ 1.0000, -0.8986],
        [-0.9756,  0.1755],
        [-0.9058,  0.9068]], device='cuda:0')
32943 tensor([[ 1.0000, -0.1612],
        [ 1.0000, -0.8988],
        [-0.9755,  0.1757],
        [-0.9056,  0.9070]], device='cuda:0')
32944 tensor([[ 1.0000, -0.1613],
        [ 1.0000, -0.8990],
        [-0.9754,  0.1759],
        [-0.9054,  0.9072]], device='cuda:0')
32945 tensor([[ 1.0000, -0.1615],
        [ 1.0000, -0.8992],
        [-0.9753,  0.1761],
        [-0.9052,  0.9074]], device='cuda:0')
32946 tensor([[ 1.0000, -0.1617],
        [ 1.0000, -0.8994],
        [-0.9752,  0.1762],
        [-0.9051,  0.9077]], device='cuda:0')
32947 tensor([[ 1.0000, -0.1619],
        [ 1.0000, -0.8996],
        [-0.9751,  0.1764],
        [-0.9049,  0.9079]], device='cuda:0')
32948 tensor([[ 1.0000, -0.1620],
        [ 1.0000, -0.8998],
        [-0.9749,  0.1766],
        [-0.9047,  0.9081]], device='cuda:0')
32949 tensor([[ 1.0000, -0.1622],
        [ 1.0000, -0.9000],
        [-0.9748,  0.1768],
        [-0.9045,  0.9083]], device='cuda:0')
32950 tensor([[ 1.0000, -0.1624],
        [ 1.0000, -0.9002],
        [-0.9747,  0.1770],
        [-0.9044,  0.9085]], device='cuda:0')
32951 tensor([[ 1.0000, -0.1626],
        [ 1.0000, -0.9004],
        [-0.9745,  0.1771],
        [-0.9042,  0.9087]], device='cuda:0')
32952 tensor([[ 1.0000, -0.1627],
        [ 1.0000, -0.9006],
        [-0.9744,  0.1773],
        [-0.9040,  0.9089]], device='cuda:0')
32953 tensor([[ 1.0000, -0.1629],
        [ 1.0000, -0.9008],
        [-0.9743,  0.1775],
        [-0.9038,  0.9091]], device='cuda:0')
32954 tensor([[ 1.0000, -0.1631],
        [ 1.0000, -0.9010],
        [-0.9741,  0.1777],
        [-0.9037,  0.9093]], device='cuda:0')
32955 tensor([[ 1.0000, -0.1633],
        [ 1.0000, -0.9011],
        [-0.9740,  0.1778],
        [-0.9035,  0.9095]], device='cuda:0')
32956 tensor([[ 1.0000, -0.1634],
        [ 1.0000, -0.9013],
        [-0.9739,  0.1780],
        [-0.9033,  0.9097]], device='cuda:0')
32957 tensor([[ 1.0000, -0.1636],
        [ 1.0000, -0.9015],
        [-0.9737,  0.1782],
        [-0.9032,  0.9099]], device='cuda:0')
32958 tensor([[ 1.0000, -0.1638],
        [ 1.0000, -0.9017],
        [-0.9736,  0.1783],
        [-0.9030,  0.9101]], device='cuda:0')
32959 tensor([[ 1.0000, -0.1639],
        [ 1.0000, -0.9019],
        [-0.9735,  0.1785],
        [-0.9028,  0.9103]], device='cuda:0')
32960 tensor([[ 1.0000, -0.1641],
        [ 1.0000, -0.9021],
        [-0.9733,  0.1787],
        [-0.9027,  0.9104]], device='cuda:0')
32961 tensor([[ 1.0000, -0.1643],
        [ 1.0000, -0.9023],
        [-0.9732,  0.1788],
        [-0.9025,  0.9106]], device='cuda:0')
32962 tensor([[ 1.0000, -0.1644],
        [ 1.0000, -0.9025],
        [-0.9731,  0.1790],
        [-0.9023,  0.9108]], device='cuda:0')
32963 tensor([[ 1.0000, -0.1646],
        [ 1.0000, -0.9027],
        [-0.9730,  0.1792],
        [-0.9022,  0.9111]], device='cuda:0')
32964 tensor([[ 1.0000, -0.1647],
        [ 1.0000, -0.9029],
        [-0.9728,  0.1794],
        [-0.9020,  0.9113]], device='cuda:0')
32965 tensor([[ 1.0000, -0.1649],
        [ 1.0000, -0.9031],
        [-0.9727,  0.1796],
        [-0.9019,  0.9115]], device='cuda:0')
32966 tensor([[ 1.0000, -0.1651],
        [ 1.0000, -0.9033],
        [-0.9726,  0.1798],
        [-0.9017,  0.9117]], device='cuda:0')
32967 tensor([[ 1.0000, -0.1653],
        [ 1.0000, -0.9035],
        [-0.9724,  0.1800],
        [-0.9015,  0.9120]], device='cuda:0')
32968 tensor([[ 1.0000, -0.1655],
        [ 1.0000, -0.9038],
        [-0.9723,  0.1802],
        [-0.9013,  0.9122]], device='cuda:0')
32969 tensor([[ 1.0000, -0.1657],
        [ 1.0000, -0.9040],
        [-0.9722,  0.1804],
        [-0.9011,  0.9124]], device='cuda:0')
32970 tensor([[ 1.0000, -0.1659],
        [ 1.0000, -0.9042],
        [-0.9720,  0.1806],
        [-0.9010,  0.9126]], device='cuda:0')
32971 tensor([[ 1.0000, -0.1660],
        [ 1.0000, -0.9044],
        [-0.9719,  0.1808],
        [-0.9008,  0.9129]], device='cuda:0')
32972 tensor([[ 1.0000, -0.1662],
        [ 1.0000, -0.9046],
        [-0.9717,  0.1810],
        [-0.9006,  0.9131]], device='cuda:0')
32973 tensor([[ 1.0000, -0.1664],
        [ 1.0000, -0.9048],
        [-0.9716,  0.1812],
        [-0.9004,  0.9133]], device='cuda:0')
32974 tensor([[ 1.0000, -0.1666],
        [ 1.0000, -0.9050],
        [-0.9715,  0.1813],
        [-0.9003,  0.9135]], device='cuda:0')
32975 tensor([[ 1.0000, -0.1668],
        [ 1.0000, -0.9052],
        [-0.9713,  0.1815],
        [-0.9001,  0.9137]], device='cuda:0')
32976 tensor([[ 1.0000, -0.1669],
        [ 1.0000, -0.9054],
        [-0.9712,  0.1817],
        [-0.8999,  0.9140]], device='cuda:0')
32977 tensor([[ 1.0000, -0.1671],
        [ 1.0000, -0.9056],
        [-0.9711,  0.1819],
        [-0.8997,  0.9142]], device='cuda:0')
32978 tensor([[ 1.0000, -0.1673],
        [ 1.0000, -0.9058],
        [-0.9709,  0.1821],
        [-0.8996,  0.9144]], device='cuda:0')
32979 tensor([[ 1.0000, -0.1675],
        [ 1.0000, -0.9060],
        [-0.9708,  0.1822],
        [-0.8994,  0.9146]], device='cuda:0')
32980 tensor([[ 1.0000, -0.1676],
        [ 1.0000, -0.9062],
        [-0.9706,  0.1824],
        [-0.8992,  0.9148]], device='cuda:0')
32981 tensor([[ 1.0000, -0.1678],
        [ 1.0000, -0.9065],
        [-0.9704,  0.1826],
        [-0.8991,  0.9150]], device='cuda:0')
32982 tensor([[ 1.0000, -0.1680],
        [ 1.0000, -0.9067],
        [-0.9703,  0.1828],
        [-0.8989,  0.9152]], device='cuda:0')
32983 tensor([[ 1.0000, -0.1682],
        [ 1.0000, -0.9069],
        [-0.9701,  0.1829],
        [-0.8987,  0.9154]], device='cuda:0')
32984 tensor([[ 1.0000, -0.1683],
        [ 1.0000, -0.9071],
        [-0.9700,  0.1831],
        [-0.8986,  0.9156]], device='cuda:0')
32985 tensor([[ 1.0000, -0.1685],
        [ 1.0000, -0.9073],
        [-0.9698,  0.1833],
        [-0.8984,  0.9158]], device='cuda:0')
32986 tensor([[ 1.0000, -0.1687],
        [ 1.0000, -0.9075],
        [-0.9697,  0.1835],
        [-0.8983,  0.9160]], device='cuda:0')
32987 tensor([[ 1.0000, -0.1689],
        [ 1.0000, -0.9077],
        [-0.9695,  0.1836],
        [-0.8981,  0.9162]], device='cuda:0')
32988 tensor([[ 1.0000, -0.1690],
        [ 1.0000, -0.9079],
        [-0.9694,  0.1838],
        [-0.8979,  0.9164]], device='cuda:0')
32989 tensor([[ 1.0000, -0.1692],
        [ 1.0000, -0.9080],
        [-0.9692,  0.1840],
        [-0.8978,  0.9166]], device='cuda:0')
32990 tensor([[ 1.0000, -0.1694],
        [ 1.0000, -0.9082],
        [-0.9691,  0.1841],
        [-0.8976,  0.9168]], device='cuda:0')
32991 tensor([[ 1.0000, -0.1695],
        [ 1.0000, -0.9084],
        [-0.9689,  0.1843],
        [-0.8975,  0.9170]], device='cuda:0')
32992 tensor([[ 1.0000, -0.1697],
        [ 1.0000, -0.9086],
        [-0.9688,  0.1845],
        [-0.8973,  0.9172]], device='cuda:0')
32993 tensor([[ 1.0000, -0.1699],
        [ 1.0000, -0.9088],
        [-0.9686,  0.1847],
        [-0.8972,  0.9174]], device='cuda:0')
32994 tensor([[ 1.0000, -0.1700],
        [ 1.0000, -0.9090],
        [-0.9685,  0.1849],
        [-0.8970,  0.9177]], device='cuda:0')
32995 tensor([[ 1.0000, -0.1702],
        [ 1.0000, -0.9093],
        [-0.9684,  0.1851],
        [-0.8969,  0.9179]], device='cuda:0')
32996 tensor([[ 1.0000, -0.1704],
        [ 1.0000, -0.9095],
        [-0.9682,  0.1853],
        [-0.8967,  0.9181]], device='cuda:0')
32997 tensor([[ 1.0000, -0.1706],
        [ 1.0000, -0.9097],
        [-0.9680,  0.1855],
        [-0.8965,  0.9183]], device='cuda:0')
32998 tensor([[ 1.0000, -0.1708],
        [ 1.0000, -0.9099],
        [-0.9679,  0.1857],
        [-0.8964,  0.9186]], device='cuda:0')
32999 tensor([[ 1.0000, -0.1709],
        [ 1.0000, -0.9101],
        [-0.9677,  0.1858],
        [-0.8962,  0.9188]], device='cuda:0')
33000 tensor([[ 1.0000, -0.1711],
        [ 1.0000, -0.9104],
        [-0.9675,  0.1860],
        [-0.8960,  0.9190]], device='cuda:0')
33001 tensor([[ 1.0000, -0.1713],
        [ 1.0000, -0.9106],
        [-0.9674,  0.1862],
        [-0.8959,  0.9193]], device='cuda:0')
33002 tensor([[ 1.0000, -0.1715],
        [ 1.0000, -0.9108],
        [-0.9672,  0.1864],
        [-0.8957,  0.9195]], device='cuda:0')
33003 tensor([[ 1.0000, -0.1717],
        [ 1.0000, -0.9110],
        [-0.9671,  0.1866],
        [-0.8955,  0.9197]], device='cuda:0')
33004 tensor([[ 1.0000, -0.1719],
        [ 1.0000, -0.9112],
        [-0.9669,  0.1868],
        [-0.8954,  0.9199]], device='cuda:0')
33005 tensor([[ 1.0000, -0.1720],
        [ 1.0000, -0.9114],
        [-0.9668,  0.1870],
        [-0.8952,  0.9201]], device='cuda:0')
33006 tensor([[ 1.0000, -0.1722],
        [ 1.0000, -0.9116],
        [-0.9666,  0.1872],
        [-0.8950,  0.9204]], device='cuda:0')
33007 tensor([[ 1.0000, -0.1724],
        [ 1.0000, -0.9118],
        [-0.9665,  0.1874],
        [-0.8949,  0.9206]], device='cuda:0')
33008 tensor([[ 1.0000, -0.1726],
        [ 1.0000, -0.9120],
        [-0.9663,  0.1876],
        [-0.8947,  0.9208]], device='cuda:0')
33009 tensor([[ 1.0000, -0.1727],
        [ 1.0000, -0.9122],
        [-0.9662,  0.1878],
        [-0.8946,  0.9210]], device='cuda:0')
33010 tensor([[ 1.0000, -0.1729],
        [ 1.0000, -0.9124],
        [-0.9661,  0.1880],
        [-0.8944,  0.9212]], device='cuda:0')
33011 tensor([[ 1.0000, -0.1731],
        [ 1.0000, -0.9126],
        [-0.9659,  0.1882],
        [-0.8943,  0.9214]], device='cuda:0')
33012 tensor([[ 1.0000, -0.1733],
        [ 1.0000, -0.9128],
        [-0.9658,  0.1884],
        [-0.8941,  0.9217]], device='cuda:0')
33013 tensor([[ 1.0000, -0.1735],
        [ 1.0000, -0.9130],
        [-0.9657,  0.1886],
        [-0.8940,  0.9219]], device='cuda:0')
33014 tensor([[ 1.0000, -0.1737],
        [ 1.0000, -0.9132],
        [-0.9655,  0.1888],
        [-0.8938,  0.9221]], device='cuda:0')
33015 tensor([[ 1.0000, -0.1739],
        [ 1.0000, -0.9134],
        [-0.9654,  0.1890],
        [-0.8937,  0.9223]], device='cuda:0')
33016 tensor([[ 1.0000, -0.1741],
        [ 1.0000, -0.9136],
        [-0.9653,  0.1893],
        [-0.8935,  0.9225]], device='cuda:0')
33017 tensor([[ 1.0000, -0.1743],
        [ 1.0000, -0.9138],
        [-0.9651,  0.1895],
        [-0.8934,  0.9227]], device='cuda:0')
33018 tensor([[ 1.0000, -0.1745],
        [ 1.0000, -0.9140],
        [-0.9650,  0.1897],
        [-0.8932,  0.9229]], device='cuda:0')
33019 tensor([[ 1.0000, -0.1747],
        [ 1.0000, -0.9142],
        [-0.9649,  0.1899],
        [-0.8931,  0.9231]], device='cuda:0')
33020 tensor([[ 1.0000, -0.1749],
        [ 1.0000, -0.9144],
        [-0.9647,  0.1901],
        [-0.8929,  0.9233]], device='cuda:0')
33021 tensor([[ 1.0000, -0.1751],
        [ 1.0000, -0.9146],
        [-0.9646,  0.1903],
        [-0.8928,  0.9235]], device='cuda:0')
33022 tensor([[ 1.0000, -0.1753],
        [ 1.0000, -0.9148],
        [-0.9645,  0.1905],
        [-0.8926,  0.9237]], device='cuda:0')
33023 tensor([[ 1.0000, -0.1755],
        [ 1.0000, -0.9149],
        [-0.9643,  0.1907],
        [-0.8925,  0.9239]], device='cuda:0')
33024 tensor([[ 1.0000, -0.1756],
        [ 1.0000, -0.9151],
        [-0.9642,  0.1909],
        [-0.8924,  0.9241]], device='cuda:0')
33025 tensor([[ 1.0000, -0.1759],
        [ 1.0000, -0.9152],
        [-0.9641,  0.1911],
        [-0.8922,  0.9242]], device='cuda:0')
33026 tensor([[ 1.0000, -0.1761],
        [ 1.0000, -0.9154],
        [-0.9640,  0.1914],
        [-0.8921,  0.9244]], device='cuda:0')
33027 tensor([[ 1.0000, -0.1763],
        [ 1.0000, -0.9155],
        [-0.9638,  0.1916],
        [-0.8920,  0.9245]], device='cuda:0')
33028 tensor([[ 1.0000, -0.1765],
        [ 1.0000, -0.9157],
        [-0.9637,  0.1918],
        [-0.8918,  0.9247]], device='cuda:0')
33029 tensor([[ 1.0000, -0.1767],
        [ 1.0000, -0.9158],
        [-0.9636,  0.1920],
        [-0.8917,  0.9249]], device='cuda:0')
33030 tensor([[ 1.0000, -0.1769],
        [ 1.0000, -0.9160],
        [-0.9635,  0.1922],
        [-0.8915,  0.9250]], device='cuda:0')
33031 tensor([[ 1.0000, -0.1771],
        [ 1.0000, -0.9161],
        [-0.9633,  0.1925],
        [-0.8914,  0.9252]], device='cuda:0')
33032 tensor([[ 1.0000, -0.1774],
        [ 1.0000, -0.9163],
        [-0.9632,  0.1927],
        [-0.8913,  0.9253]], device='cuda:0')
33033 tensor([[ 1.0000, -0.1776],
        [ 1.0000, -0.9164],
        [-0.9631,  0.1929],
        [-0.8911,  0.9255]], device='cuda:0')
33034 tensor([[ 1.0000, -0.1778],
        [ 1.0000, -0.9166],
        [-0.9630,  0.1931],
        [-0.8910,  0.9256]], device='cuda:0')
33035 tensor([[ 1.0000, -0.1780],
        [ 1.0000, -0.9167],
        [-0.9629,  0.1933],
        [-0.8909,  0.9258]], device='cuda:0')
33036 tensor([[ 1.0000, -0.1782],
        [ 1.0000, -0.9168],
        [-0.9627,  0.1935],
        [-0.8907,  0.9259]], device='cuda:0')
33037 tensor([[ 1.0000, -0.1784],
        [ 1.0000, -0.9170],
        [-0.9626,  0.1937],
        [-0.8906,  0.9261]], device='cuda:0')
33038 tensor([[ 1.0000, -0.1786],
        [ 1.0000, -0.9171],
        [-0.9625,  0.1940],
        [-0.8905,  0.9262]], device='cuda:0')
33039 tensor([[ 1.0000, -0.1788],
        [ 1.0000, -0.9172],
        [-0.9624,  0.1942],
        [-0.8904,  0.9264]], device='cuda:0')
33040 tensor([[ 1.0000, -0.1790],
        [ 1.0000, -0.9173],
        [-0.9623,  0.1945],
        [-0.8902,  0.9265]], device='cuda:0')
33041 tensor([[ 1.0000, -0.1792],
        [ 1.0000, -0.9174],
        [-0.9622,  0.1947],
        [-0.8901,  0.9266]], device='cuda:0')
33042 tensor([[ 1.0000, -0.1795],
        [ 1.0000, -0.9175],
        [-0.9620,  0.1949],
        [-0.8900,  0.9267]], device='cuda:0')
33043 tensor([[ 1.0000, -0.1797],
        [ 1.0000, -0.9176],
        [-0.9619,  0.1952],
        [-0.8899,  0.9268]], device='cuda:0')
33044 tensor([[ 1.0000, -0.1799],
        [ 1.0000, -0.9177],
        [-0.9618,  0.1954],
        [-0.8897,  0.9270]], device='cuda:0')
33045 tensor([[ 1.0000, -0.1801],
        [ 1.0000, -0.9178],
        [-0.9617,  0.1956],
        [-0.8896,  0.9271]], device='cuda:0')
33046 tensor([[ 1.0000, -0.1804],
        [ 1.0000, -0.9179],
        [-0.9616,  0.1959],
        [-0.8895,  0.9272]], device='cuda:0')
33047 tensor([[ 1.0000, -0.1806],
        [ 1.0000, -0.9180],
        [-0.9615,  0.1961],
        [-0.8894,  0.9273]], device='cuda:0')
33048 tensor([[ 1.0000, -0.1808],
        [ 1.0000, -0.9181],
        [-0.9614,  0.1963],
        [-0.8892,  0.9274]], device='cuda:0')
33049 tensor([[ 1.0000, -0.1810],
        [ 1.0000, -0.9182],
        [-0.9613,  0.1965],
        [-0.8891,  0.9275]], device='cuda:0')
33050 tensor([[ 1.0000, -0.1812],
        [ 1.0000, -0.9184],
        [-0.9611,  0.1968],
        [-0.8890,  0.9276]], device='cuda:0')
33051 tensor([[ 1.0000, -0.1815],
        [ 1.0000, -0.9185],
        [-0.9610,  0.1970],
        [-0.8889,  0.9277]], device='cuda:0')
33052 tensor([[ 1.0000, -0.1817],
        [ 1.0000, -0.9186],
        [-0.9609,  0.1972],
        [-0.8887,  0.9278]], device='cuda:0')
33053 tensor([[ 1.0000, -0.1819],
        [ 1.0000, -0.9187],
        [-0.9608,  0.1974],
        [-0.8886,  0.9280]], device='cuda:0')
33054 tensor([[ 1.0000, -0.1821],
        [ 1.0000, -0.9187],
        [-0.9607,  0.1977],
        [-0.8885,  0.9281]], device='cuda:0')
33055 tensor([[ 1.0000, -0.1823],
        [ 1.0000, -0.9188],
        [-0.9606,  0.1979],
        [-0.8883,  0.9282]], device='cuda:0')
33056 tensor([[ 1.0000, -0.1826],
        [ 1.0000, -0.9189],
        [-0.9605,  0.1982],
        [-0.8882,  0.9283]], device='cuda:0')
33057 tensor([[ 1.0000, -0.1828],
        [ 1.0000, -0.9189],
        [-0.9604,  0.1984],
        [-0.8881,  0.9283]], device='cuda:0')
33058 tensor([[ 1.0000, -0.1830],
        [ 1.0000, -0.9190],
        [-0.9602,  0.1987],
        [-0.8880,  0.9284]], device='cuda:0')
33059 tensor([[ 1.0000, -0.1833],
        [ 1.0000, -0.9191],
        [-0.9601,  0.1989],
        [-0.8879,  0.9285]], device='cuda:0')
33060 tensor([[ 1.0000, -0.1835],
        [ 1.0000, -0.9192],
        [-0.9600,  0.1992],
        [-0.8878,  0.9286]], device='cuda:0')
33061 tensor([[ 1.0000, -0.1837],
        [ 1.0000, -0.9192],
        [-0.9599,  0.1994],
        [-0.8877,  0.9287]], device='cuda:0')
33062 tensor([[ 1.0000, -0.1840],
        [ 1.0000, -0.9193],
        [-0.9598,  0.1996],
        [-0.8876,  0.9287]], device='cuda:0')
33063 tensor([[ 1.0000, -0.1842],
        [ 1.0000, -0.9194],
        [-0.9597,  0.1999],
        [-0.8875,  0.9288]], device='cuda:0')
33064 tensor([[ 1.0000, -0.1844],
        [ 1.0000, -0.9194],
        [-0.9596,  0.2001],
        [-0.8874,  0.9289]], device='cuda:0')
33065 tensor([[ 1.0000, -0.1847],
        [ 1.0000, -0.9195],
        [-0.9595,  0.2004],
        [-0.8873,  0.9290]], device='cuda:0')
33066 tensor([[ 1.0000, -0.1849],
        [ 1.0000, -0.9196],
        [-0.9594,  0.2006],
        [-0.8872,  0.9290]], device='cuda:0')
33067 tensor([[ 1.0000, -0.1851],
        [ 1.0000, -0.9197],
        [-0.9593,  0.2008],
        [-0.8871,  0.9291]], device='cuda:0')
33068 tensor([[ 1.0000, -0.1853],
        [ 1.0000, -0.9197],
        [-0.9592,  0.2011],
        [-0.8870,  0.9292]], device='cuda:0')
33069 tensor([[ 1.0000, -0.1856],
        [ 1.0000, -0.9198],
        [-0.9591,  0.2013],
        [-0.8869,  0.9293]], device='cuda:0')
33070 tensor([[ 1.0000, -0.1858],
        [ 1.0000, -0.9198],
        [-0.9590,  0.2016],
        [-0.8868,  0.9294]], device='cuda:0')
33071 tensor([[ 1.0000, -0.1861],
        [ 1.0000, -0.9199],
        [-0.9589,  0.2018],
        [-0.8867,  0.9294]], device='cuda:0')
33072 tensor([[ 1.0000, -0.1863],
        [ 1.0000, -0.9199],
        [-0.9587,  0.2021],
        [-0.8866,  0.9295]], device='cuda:0')
33073 tensor([[ 1.0000, -0.1866],
        [ 1.0000, -0.9200],
        [-0.9586,  0.2024],
        [-0.8865,  0.9295]], device='cuda:0')
33074 tensor([[ 1.0000, -0.1868],
        [ 1.0000, -0.9200],
        [-0.9585,  0.2026],
        [-0.8864,  0.9296]], device='cuda:0')
33075 tensor([[ 1.0000, -0.1870],
        [ 1.0000, -0.9200],
        [-0.9584,  0.2029],
        [-0.8864,  0.9296]], device='cuda:0')
33076 tensor([[ 1.0000, -0.1873],
        [ 1.0000, -0.9201],
        [-0.9583,  0.2031],
        [-0.8863,  0.9297]], device='cuda:0')
33077 tensor([[ 1.0000, -0.1875],
        [ 1.0000, -0.9201],
        [-0.9582,  0.2034],
        [-0.8862,  0.9297]], device='cuda:0')
33078 tensor([[ 1.0000, -0.1878],
        [ 1.0000, -0.9202],
        [-0.9581,  0.2036],
        [-0.8861,  0.9298]], device='cuda:0')
33079 tensor([[ 1.0000, -0.1880],
        [ 1.0000, -0.9202],
        [-0.9580,  0.2038],
        [-0.8860,  0.9298]], device='cuda:0')
33080 tensor([[ 1.0000, -0.1883],
        [ 1.0000, -0.9203],
        [-0.9579,  0.2041],
        [-0.8859,  0.9299]], device='cuda:0')
33081 tensor([[ 1.0000, -0.1885],
        [ 1.0000, -0.9203],
        [-0.9578,  0.2043],
        [-0.8858,  0.9299]], device='cuda:0')
33082 tensor([[ 1.0000, -0.1887],
        [ 1.0000, -0.9204],
        [-0.9578,  0.2046],
        [-0.8858,  0.9299]], device='cuda:0')
33083 tensor([[ 1.0000, -0.1890],
        [ 1.0000, -0.9204],
        [-0.9577,  0.2048],
        [-0.8857,  0.9300]], device='cuda:0')
33084 tensor([[ 1.0000, -0.1892],
        [ 1.0000, -0.9205],
        [-0.9576,  0.2050],
        [-0.8856,  0.9300]], device='cuda:0')
33085 tensor([[ 1.0000, -0.1894],
        [ 1.0000, -0.9205],
        [-0.9574,  0.2053],
        [-0.8855,  0.9301]], device='cuda:0')
33086 tensor([[ 1.0000, -0.1897],
        [ 1.0000, -0.9206],
        [-0.9573,  0.2055],
        [-0.8854,  0.9301]], device='cuda:0')
33087 tensor([[ 1.0000, -0.1899],
        [ 1.0000, -0.9206],
        [-0.9572,  0.2057],
        [-0.8853,  0.9302]], device='cuda:0')
33088 tensor([[ 1.0000, -0.1901],
        [ 1.0000, -0.9207],
        [-0.9571,  0.2060],
        [-0.8852,  0.9302]], device='cuda:0')
33089 tensor([[ 1.0000, -0.1904],
        [ 1.0000, -0.9207],
        [-0.9570,  0.2062],
        [-0.8852,  0.9303]], device='cuda:0')
33090 tensor([[ 1.0000, -0.1906],
        [ 1.0000, -0.9208],
        [-0.9569,  0.2064],
        [-0.8851,  0.9303]], device='cuda:0')
33091 tensor([[ 1.0000, -0.1908],
        [ 1.0000, -0.9208],
        [-0.9568,  0.2066],
        [-0.8851,  0.9303]], device='cuda:0')
33092 tensor([[ 1.0000, -0.1911],
        [ 1.0000, -0.9209],
        [-0.9567,  0.2069],
        [-0.8850,  0.9304]], device='cuda:0')
33093 tensor([[ 1.0000, -0.1913],
        [ 1.0000, -0.9209],
        [-0.9566,  0.2071],
        [-0.8850,  0.9304]], device='cuda:0')
33094 tensor([[ 1.0000, -0.1915],
        [ 1.0000, -0.9210],
        [-0.9565,  0.2073],
        [-0.8849,  0.9305]], device='cuda:0')
33095 tensor([[ 1.0000, -0.1917],
        [ 1.0000, -0.9210],
        [-0.9564,  0.2075],
        [-0.8849,  0.9305]], device='cuda:0')
33096 tensor([[ 1.0000, -0.1920],
        [ 1.0000, -0.9211],
        [-0.9563,  0.2077],
        [-0.8848,  0.9305]], device='cuda:0')
33097 tensor([[ 1.0000, -0.1922],
        [ 1.0000, -0.9211],
        [-0.9562,  0.2079],
        [-0.8847,  0.9306]], device='cuda:0')
33098 tensor([[ 1.0000, -0.1924],
        [ 1.0000, -0.9212],
        [-0.9561,  0.2082],
        [-0.8847,  0.9306]], device='cuda:0')
33099 tensor([[ 0.9999, -0.1926],
        [ 1.0000, -0.9212],
        [-0.9560,  0.2084],
        [-0.8846,  0.9307]], device='cuda:0')
33100 tensor([[ 0.9999, -0.1928],
        [ 1.0000, -0.9213],
        [-0.9559,  0.2086],
        [-0.8845,  0.9307]], device='cuda:0')
33101 tensor([[ 0.9998, -0.1931],
        [ 1.0000, -0.9213],
        [-0.9558,  0.2088],
        [-0.8845,  0.9307]], device='cuda:0')
33102 tensor([[ 0.9998, -0.1933],
        [ 1.0000, -0.9214],
        [-0.9557,  0.2090],
        [-0.8845,  0.9308]], device='cuda:0')
33103 tensor([[ 0.9997, -0.1935],
        [ 1.0000, -0.9214],
        [-0.9556,  0.2092],
        [-0.8845,  0.9308]], device='cuda:0')
33104 tensor([[ 0.9996, -0.1937],
        [ 1.0000, -0.9215],
        [-0.9555,  0.2094],
        [-0.8844,  0.9309]], device='cuda:0')
33105 tensor([[ 0.9996, -0.1939],
        [ 1.0000, -0.9215],
        [-0.9554,  0.2096],
        [-0.8844,  0.9309]], device='cuda:0')
33106 tensor([[ 0.9995, -0.1941],
        [ 1.0000, -0.9215],
        [-0.9553,  0.2098],
        [-0.8844,  0.9309]], device='cuda:0')
33107 tensor([[ 0.9995, -0.1943],
        [ 1.0000, -0.9216],
        [-0.9553,  0.2100],
        [-0.8844,  0.9310]], device='cuda:0')
33108 tensor([[ 0.9994, -0.1946],
        [ 1.0000, -0.9216],
        [-0.9552,  0.2102],
        [-0.8844,  0.9310]], device='cuda:0')
33109 tensor([[ 0.9993, -0.1948],
        [ 1.0000, -0.9217],
        [-0.9551,  0.2104],
        [-0.8844,  0.9310]], device='cuda:0')
33110 tensor([[ 0.9993, -0.1950],
        [ 1.0000, -0.9217],
        [-0.9550,  0.2106],
        [-0.8843,  0.9311]], device='cuda:0')
33111 tensor([[ 0.9992, -0.1952],
        [ 1.0000, -0.9218],
        [-0.9549,  0.2108],
        [-0.8843,  0.9311]], device='cuda:0')
33112 tensor([[ 0.9992, -0.1954],
        [ 1.0000, -0.9218],
        [-0.9548,  0.2110],
        [-0.8843,  0.9312]], device='cuda:0')
33113 tensor([[ 0.9991, -0.1956],
        [ 1.0000, -0.9218],
        [-0.9547,  0.2113],
        [-0.8843,  0.9312]], device='cuda:0')
33114 tensor([[ 0.9990, -0.1958],
        [ 1.0000, -0.9218],
        [-0.9546,  0.2115],
        [-0.8842,  0.9312]], device='cuda:0')
33115 tensor([[ 0.9990, -0.1960],
        [ 1.0000, -0.9218],
        [-0.9545,  0.2118],
        [-0.8842,  0.9313]], device='cuda:0')
33116 tensor([[ 0.9989, -0.1963],
        [ 1.0000, -0.9219],
        [-0.9544,  0.2120],
        [-0.8843,  0.9313]], device='cuda:0')
33117 tensor([[ 0.9988, -0.1965],
        [ 1.0000, -0.9219],
        [-0.9544,  0.2122],
        [-0.8843,  0.9313]], device='cuda:0')
33118 tensor([[ 0.9987, -0.1967],
        [ 1.0000, -0.9219],
        [-0.9543,  0.2125],
        [-0.8843,  0.9313]], device='cuda:0')
33119 tensor([[ 0.9986, -0.1970],
        [ 1.0000, -0.9219],
        [-0.9542,  0.2127],
        [-0.8843,  0.9313]], device='cuda:0')
33120 tensor([[ 0.9985, -0.1972],
        [ 1.0000, -0.9219],
        [-0.9541,  0.2129],
        [-0.8843,  0.9313]], device='cuda:0')
33121 tensor([[ 0.9984, -0.1974],
        [ 1.0000, -0.9219],
        [-0.9540,  0.2132],
        [-0.8843,  0.9313]], device='cuda:0')
33122 tensor([[ 0.9983, -0.1976],
        [ 1.0000, -0.9219],
        [-0.9539,  0.2134],
        [-0.8843,  0.9313]], device='cuda:0')
33123 tensor([[ 0.9983, -0.1979],
        [ 1.0000, -0.9219],
        [-0.9539,  0.2136],
        [-0.8843,  0.9313]], device='cuda:0')
33124 tensor([[ 0.9982, -0.1981],
        [ 1.0000, -0.9219],
        [-0.9538,  0.2138],
        [-0.8843,  0.9314]], device='cuda:0')
33125 tensor([[ 0.9981, -0.1983],
        [ 1.0000, -0.9219],
        [-0.9537,  0.2141],
        [-0.8843,  0.9314]], device='cuda:0')
33126 tensor([[ 0.9980, -0.1985],
        [ 1.0000, -0.9219],
        [-0.9536,  0.2143],
        [-0.8843,  0.9314]], device='cuda:0')
33127 tensor([[ 0.9979, -0.1987],
        [ 1.0000, -0.9220],
        [-0.9535,  0.2145],
        [-0.8843,  0.9314]], device='cuda:0')
33128 tensor([[ 0.9978, -0.1990],
        [ 1.0000, -0.9219],
        [-0.9535,  0.2147],
        [-0.8843,  0.9314]], device='cuda:0')
33129 tensor([[ 0.9977, -0.1992],
        [ 1.0000, -0.9219],
        [-0.9534,  0.2149],
        [-0.8843,  0.9314]], device='cuda:0')
33130 tensor([[ 0.9976, -0.1994],
        [ 1.0000, -0.9219],
        [-0.9534,  0.2152],
        [-0.8843,  0.9314]], device='cuda:0')
33131 tensor([[ 0.9975, -0.1996],
        [ 1.0000, -0.9219],
        [-0.9533,  0.2154],
        [-0.8844,  0.9314]], device='cuda:0')
33132 tensor([[ 0.9974, -0.1998],
        [ 1.0000, -0.9219],
        [-0.9533,  0.2156],
        [-0.8844,  0.9314]], device='cuda:0')
33133 tensor([[ 0.9973, -0.2000],
        [ 1.0000, -0.9218],
        [-0.9532,  0.2158],
        [-0.8844,  0.9314]], device='cuda:0')
33134 tensor([[ 0.9971, -0.2002],
        [ 1.0000, -0.9218],
        [-0.9532,  0.2160],
        [-0.8844,  0.9314]], device='cuda:0')
33135 tensor([[ 0.9970, -0.2004],
        [ 1.0000, -0.9218],
        [-0.9531,  0.2162],
        [-0.8845,  0.9314]], device='cuda:0')
33136 tensor([[ 0.9969, -0.2006],
        [ 1.0000, -0.9218],
        [-0.9531,  0.2165],
        [-0.8845,  0.9314]], device='cuda:0')
33137 tensor([[ 0.9968, -0.2008],
        [ 1.0000, -0.9218],
        [-0.9530,  0.2167],
        [-0.8845,  0.9314]], device='cuda:0')
33138 tensor([[ 0.9967, -0.2010],
        [ 1.0000, -0.9218],
        [-0.9530,  0.2169],
        [-0.8845,  0.9313]], device='cuda:0')
33139 tensor([[ 0.9966, -0.2013],
        [ 1.0000, -0.9217],
        [-0.9530,  0.2171],
        [-0.8845,  0.9313]], device='cuda:0')
33140 tensor([[ 0.9965, -0.2015],
        [ 1.0000, -0.9217],
        [-0.9529,  0.2173],
        [-0.8846,  0.9313]], device='cuda:0')
33141 tensor([[ 0.9964, -0.2017],
        [ 1.0000, -0.9217],
        [-0.9528,  0.2175],
        [-0.8846,  0.9313]], device='cuda:0')
33142 tensor([[ 0.9963, -0.2019],
        [ 1.0000, -0.9217],
        [-0.9528,  0.2177],
        [-0.8846,  0.9313]], device='cuda:0')
33143 tensor([[ 0.9962, -0.2021],
        [ 1.0000, -0.9217],
        [-0.9528,  0.2179],
        [-0.8846,  0.9313]], device='cuda:0')
33144 tensor([[ 0.9961, -0.2023],
        [ 1.0000, -0.9217],
        [-0.9527,  0.2181],
        [-0.8846,  0.9313]], device='cuda:0')
33145 tensor([[ 0.9959, -0.2025],
        [ 1.0000, -0.9217],
        [-0.9527,  0.2183],
        [-0.8846,  0.9312]], device='cuda:0')
33146 tensor([[ 0.9958, -0.2027],
        [ 1.0000, -0.9217],
        [-0.9527,  0.2185],
        [-0.8846,  0.9312]], device='cuda:0')
33147 tensor([[ 0.9957, -0.2029],
        [ 1.0000, -0.9217],
        [-0.9527,  0.2187],
        [-0.8846,  0.9312]], device='cuda:0')
33148 tensor([[ 0.9956, -0.2031],
        [ 1.0000, -0.9217],
        [-0.9526,  0.2189],
        [-0.8847,  0.9312]], device='cuda:0')
33149 tensor([[ 0.9955, -0.2033],
        [ 1.0000, -0.9217],
        [-0.9526,  0.2191],
        [-0.8847,  0.9312]], device='cuda:0')
33150 tensor([[ 0.9953, -0.2035],
        [ 1.0000, -0.9217],
        [-0.9526,  0.2193],
        [-0.8847,  0.9312]], device='cuda:0')
33151 tensor([[ 0.9952, -0.2036],
        [ 1.0000, -0.9217],
        [-0.9526,  0.2194],
        [-0.8848,  0.9312]], device='cuda:0')
33152 tensor([[ 0.9951, -0.2038],
        [ 1.0000, -0.9217],
        [-0.9525,  0.2196],
        [-0.8848,  0.9311]], device='cuda:0')
33153 tensor([[ 0.9950, -0.2040],
        [ 1.0000, -0.9217],
        [-0.9525,  0.2198],
        [-0.8849,  0.9311]], device='cuda:0')
33154 tensor([[ 0.9949, -0.2042],
        [ 1.0000, -0.9216],
        [-0.9525,  0.2200],
        [-0.8849,  0.9311]], device='cuda:0')
33155 tensor([[ 0.9948, -0.2044],
        [ 1.0000, -0.9216],
        [-0.9525,  0.2202],
        [-0.8850,  0.9311]], device='cuda:0')
33156 tensor([[ 0.9947, -0.2046],
        [ 1.0000, -0.9216],
        [-0.9524,  0.2204],
        [-0.8850,  0.9311]], device='cuda:0')
33157 tensor([[ 0.9946, -0.2048],
        [ 1.0000, -0.9216],
        [-0.9524,  0.2206],
        [-0.8850,  0.9311]], device='cuda:0')
33158 tensor([[ 0.9944, -0.2050],
        [ 1.0000, -0.9216],
        [-0.9524,  0.2207],
        [-0.8850,  0.9311]], device='cuda:0')
33159 tensor([[ 0.9943, -0.2052],
        [ 1.0000, -0.9216],
        [-0.9524,  0.2209],
        [-0.8851,  0.9311]], device='cuda:0')
33160 tensor([[ 0.9941, -0.2053],
        [ 1.0000, -0.9215],
        [-0.9525,  0.2211],
        [-0.8851,  0.9310]], device='cuda:0')
33161 tensor([[ 0.9940, -0.2055],
        [ 1.0000, -0.9215],
        [-0.9525,  0.2213],
        [-0.8852,  0.9310]], device='cuda:0')
33162 tensor([[ 0.9938, -0.2057],
        [ 1.0000, -0.9214],
        [-0.9525,  0.2215],
        [-0.8852,  0.9310]], device='cuda:0')
33163 tensor([[ 0.9937, -0.2059],
        [ 1.0000, -0.9214],
        [-0.9525,  0.2217],
        [-0.8853,  0.9309]], device='cuda:0')
33164 tensor([[ 0.9935, -0.2061],
        [ 1.0000, -0.9214],
        [-0.9525,  0.2218],
        [-0.8853,  0.9309]], device='cuda:0')
33165 tensor([[ 0.9934, -0.2062],
        [ 1.0000, -0.9213],
        [-0.9525,  0.2220],
        [-0.8854,  0.9309]], device='cuda:0')
33166 tensor([[ 0.9932, -0.2064],
        [ 1.0000, -0.9213],
        [-0.9525,  0.2222],
        [-0.8854,  0.9308]], device='cuda:0')
33167 tensor([[ 0.9931, -0.2066],
        [ 1.0000, -0.9213],
        [-0.9525,  0.2224],
        [-0.8855,  0.9308]], device='cuda:0')
33168 tensor([[ 0.9930, -0.2067],
        [ 1.0000, -0.9212],
        [-0.9525,  0.2226],
        [-0.8855,  0.9308]], device='cuda:0')
33169 tensor([[ 0.9928, -0.2069],
        [ 1.0000, -0.9212],
        [-0.9526,  0.2227],
        [-0.8856,  0.9307]], device='cuda:0')
33170 tensor([[ 0.9927, -0.2071],
        [ 1.0000, -0.9212],
        [-0.9526,  0.2229],
        [-0.8856,  0.9307]], device='cuda:0')
33171 tensor([[ 0.9926, -0.2073],
        [ 1.0000, -0.9211],
        [-0.9526,  0.2231],
        [-0.8857,  0.9307]], device='cuda:0')
33172 tensor([[ 0.9924, -0.2074],
        [ 1.0000, -0.9211],
        [-0.9526,  0.2233],
        [-0.8857,  0.9307]], device='cuda:0')
33173 tensor([[ 0.9923, -0.2076],
        [ 1.0000, -0.9211],
        [-0.9526,  0.2234],
        [-0.8857,  0.9306]], device='cuda:0')
33174 tensor([[ 0.9922, -0.2078],
        [ 1.0000, -0.9211],
        [-0.9526,  0.2236],
        [-0.8858,  0.9306]], device='cuda:0')
33175 tensor([[ 0.9920, -0.2080],
        [ 1.0000, -0.9210],
        [-0.9527,  0.2238],
        [-0.8858,  0.9306]], device='cuda:0')
33176 tensor([[ 0.9919, -0.2081],
        [ 1.0000, -0.9210],
        [-0.9527,  0.2239],
        [-0.8858,  0.9305]], device='cuda:0')
33177 tensor([[ 0.9918, -0.2083],
        [ 1.0000, -0.9210],
        [-0.9528,  0.2241],
        [-0.8859,  0.9305]], device='cuda:0')
33178 tensor([[ 0.9917, -0.2085],
        [ 1.0000, -0.9210],
        [-0.9529,  0.2243],
        [-0.8860,  0.9305]], device='cuda:0')
33179 tensor([[ 0.9916, -0.2086],
        [ 1.0000, -0.9209],
        [-0.9529,  0.2244],
        [-0.8860,  0.9304]], device='cuda:0')
33180 tensor([[ 0.9914, -0.2088],
        [ 1.0000, -0.9209],
        [-0.9530,  0.2246],
        [-0.8861,  0.9304]], device='cuda:0')
33181 tensor([[ 0.9913, -0.2090],
        [ 1.0000, -0.9209],
        [-0.9531,  0.2247],
        [-0.8862,  0.9304]], device='cuda:0')
33182 tensor([[ 0.9912, -0.2091],
        [ 1.0000, -0.9209],
        [-0.9531,  0.2249],
        [-0.8862,  0.9303]], device='cuda:0')
33183 tensor([[ 0.9911, -0.2093],
        [ 1.0000, -0.9208],
        [-0.9532,  0.2251],
        [-0.8863,  0.9303]], device='cuda:0')
33184 tensor([[ 0.9910, -0.2095],
        [ 1.0000, -0.9208],
        [-0.9532,  0.2252],
        [-0.8864,  0.9303]], device='cuda:0')
33185 tensor([[ 0.9909, -0.2096],
        [ 1.0000, -0.9208],
        [-0.9533,  0.2254],
        [-0.8864,  0.9302]], device='cuda:0')
33186 tensor([[ 0.9908, -0.2098],
        [ 1.0000, -0.9208],
        [-0.9533,  0.2255],
        [-0.8865,  0.9302]], device='cuda:0')
33187 tensor([[ 0.9906, -0.2099],
        [ 1.0000, -0.9208],
        [-0.9534,  0.2257],
        [-0.8866,  0.9302]], device='cuda:0')
33188 tensor([[ 0.9905, -0.2101],
        [ 1.0000, -0.9207],
        [-0.9534,  0.2258],
        [-0.8866,  0.9301]], device='cuda:0')
33189 tensor([[ 0.9903, -0.2102],
        [ 1.0000, -0.9206],
        [-0.9535,  0.2260],
        [-0.8867,  0.9301]], device='cuda:0')
33190 tensor([[ 0.9901, -0.2103],
        [ 1.0000, -0.9206],
        [-0.9536,  0.2261],
        [-0.8867,  0.9301]], device='cuda:0')
33191 tensor([[ 0.9900, -0.2104],
        [ 1.0000, -0.9205],
        [-0.9537,  0.2262],
        [-0.8868,  0.9300]], device='cuda:0')
33192 tensor([[ 0.9898, -0.2105],
        [ 1.0000, -0.9205],
        [-0.9538,  0.2263],
        [-0.8869,  0.9300]], device='cuda:0')
33193 tensor([[ 0.9897, -0.2106],
        [ 1.0000, -0.9204],
        [-0.9539,  0.2264],
        [-0.8870,  0.9299]], device='cuda:0')
33194 tensor([[ 0.9895, -0.2107],
        [ 1.0000, -0.9204],
        [-0.9540,  0.2266],
        [-0.8870,  0.9299]], device='cuda:0')
33195 tensor([[ 0.9894, -0.2109],
        [ 1.0000, -0.9203],
        [-0.9540,  0.2267],
        [-0.8871,  0.9298]], device='cuda:0')
33196 tensor([[ 0.9892, -0.2110],
        [ 1.0000, -0.9203],
        [-0.9541,  0.2268],
        [-0.8872,  0.9298]], device='cuda:0')
33197 tensor([[ 0.9891, -0.2111],
        [ 1.0000, -0.9202],
        [-0.9542,  0.2269],
        [-0.8873,  0.9297]], device='cuda:0')
33198 tensor([[ 0.9890, -0.2112],
        [ 1.0000, -0.9202],
        [-0.9543,  0.2270],
        [-0.8874,  0.9297]], device='cuda:0')
33199 tensor([[ 0.9888, -0.2113],
        [ 1.0000, -0.9201],
        [-0.9544,  0.2271],
        [-0.8874,  0.9296]], device='cuda:0')
33200 tensor([[ 0.9887, -0.2114],
        [ 1.0000, -0.9201],
        [-0.9545,  0.2272],
        [-0.8875,  0.9296]], device='cuda:0')
33201 tensor([[ 0.9885, -0.2115],
        [ 1.0000, -0.9200],
        [-0.9545,  0.2274],
        [-0.8876,  0.9295]], device='cuda:0')
33202 tensor([[ 0.9884, -0.2116],
        [ 1.0000, -0.9200],
        [-0.9546,  0.2275],
        [-0.8876,  0.9295]], device='cuda:0')
33203 tensor([[ 0.9882, -0.2118],
        [ 1.0000, -0.9200],
        [-0.9547,  0.2276],
        [-0.8877,  0.9295]], device='cuda:0')
33204 tensor([[ 0.9881, -0.2119],
        [ 1.0000, -0.9199],
        [-0.9548,  0.2277],
        [-0.8877,  0.9294]], device='cuda:0')
33205 tensor([[ 0.9880, -0.2120],
        [ 1.0000, -0.9199],
        [-0.9549,  0.2278],
        [-0.8878,  0.9294]], device='cuda:0')
33206 tensor([[ 0.9879, -0.2121],
        [ 1.0000, -0.9198],
        [-0.9550,  0.2279],
        [-0.8878,  0.9293]], device='cuda:0')
33207 tensor([[ 0.9877, -0.2122],
        [ 1.0000, -0.9198],
        [-0.9552,  0.2280],
        [-0.8879,  0.9293]], device='cuda:0')
33208 tensor([[ 0.9876, -0.2123],
        [ 1.0000, -0.9198],
        [-0.9553,  0.2281],
        [-0.8880,  0.9292]], device='cuda:0')
33209 tensor([[ 0.9875, -0.2124],
        [ 1.0000, -0.9197],
        [-0.9554,  0.2282],
        [-0.8881,  0.9292]], device='cuda:0')
33210 tensor([[ 0.9873, -0.2125],
        [ 1.0000, -0.9197],
        [-0.9556,  0.2283],
        [-0.8882,  0.9291]], device='cuda:0')
33211 tensor([[ 0.9872, -0.2126],
        [ 1.0000, -0.9196],
        [-0.9557,  0.2284],
        [-0.8883,  0.9291]], device='cuda:0')
33212 tensor([[ 0.9871, -0.2127],
        [ 1.0000, -0.9196],
        [-0.9558,  0.2285],
        [-0.8884,  0.9290]], device='cuda:0')
33213 tensor([[ 0.9870, -0.2129],
        [ 1.0000, -0.9196],
        [-0.9559,  0.2286],
        [-0.8885,  0.9290]], device='cuda:0')
33214 tensor([[ 0.9869, -0.2130],
        [ 1.0000, -0.9195],
        [-0.9561,  0.2287],
        [-0.8886,  0.9289]], device='cuda:0')
33215 tensor([[ 0.9867, -0.2131],
        [ 1.0000, -0.9195],
        [-0.9562,  0.2288],
        [-0.8887,  0.9289]], device='cuda:0')
33216 tensor([[ 0.9866, -0.2132],
        [ 1.0000, -0.9194],
        [-0.9563,  0.2289],
        [-0.8888,  0.9288]], device='cuda:0')
33217 tensor([[ 0.9865, -0.2133],
        [ 1.0000, -0.9194],
        [-0.9564,  0.2290],
        [-0.8888,  0.9288]], device='cuda:0')
33218 tensor([[ 0.9864, -0.2133],
        [ 1.0000, -0.9193],
        [-0.9565,  0.2291],
        [-0.8889,  0.9287]], device='cuda:0')
33219 tensor([[ 0.9862, -0.2134],
        [ 1.0000, -0.9193],
        [-0.9566,  0.2292],
        [-0.8890,  0.9287]], device='cuda:0')
33220 tensor([[ 0.9861, -0.2135],
        [ 1.0000, -0.9192],
        [-0.9568,  0.2293],
        [-0.8891,  0.9287]], device='cuda:0')
33221 tensor([[ 0.9860, -0.2135],
        [ 1.0000, -0.9191],
        [-0.9569,  0.2294],
        [-0.8892,  0.9286]], device='cuda:0')
33222 tensor([[ 0.9859, -0.2136],
        [ 1.0000, -0.9191],
        [-0.9571,  0.2294],
        [-0.8893,  0.9285]], device='cuda:0')
33223 tensor([[ 0.9858, -0.2137],
        [ 1.0000, -0.9190],
        [-0.9572,  0.2295],
        [-0.8894,  0.9285]], device='cuda:0')
33224 tensor([[ 0.9856, -0.2137],
        [ 1.0000, -0.9189],
        [-0.9573,  0.2296],
        [-0.8895,  0.9284]], device='cuda:0')
33225 tensor([[ 0.9855, -0.2138],
        [ 1.0000, -0.9189],
        [-0.9575,  0.2297],
        [-0.8896,  0.9284]], device='cuda:0')
33226 tensor([[ 0.9854, -0.2139],
        [ 1.0000, -0.9188],
        [-0.9576,  0.2297],
        [-0.8897,  0.9283]], device='cuda:0')
33227 tensor([[ 0.9853, -0.2139],
        [ 1.0000, -0.9187],
        [-0.9578,  0.2298],
        [-0.8898,  0.9282]], device='cuda:0')
33228 tensor([[ 0.9852, -0.2140],
        [ 1.0000, -0.9187],
        [-0.9579,  0.2299],
        [-0.8899,  0.9282]], device='cuda:0')
33229 tensor([[ 0.9850, -0.2141],
        [ 1.0000, -0.9186],
        [-0.9580,  0.2299],
        [-0.8899,  0.9281]], device='cuda:0')
33230 tensor([[ 0.9849, -0.2141],
        [ 1.0000, -0.9186],
        [-0.9581,  0.2300],
        [-0.8900,  0.9280]], device='cuda:0')
33231 tensor([[ 0.9848, -0.2142],
        [ 1.0000, -0.9185],
        [-0.9583,  0.2301],
        [-0.8901,  0.9280]], device='cuda:0')
33232 tensor([[ 0.9846, -0.2143],
        [ 1.0000, -0.9185],
        [-0.9584,  0.2301],
        [-0.8902,  0.9279]], device='cuda:0')
33233 tensor([[ 0.9845, -0.2143],
        [ 1.0000, -0.9184],
        [-0.9585,  0.2302],
        [-0.8903,  0.9279]], device='cuda:0')
33234 tensor([[ 0.9844, -0.2144],
        [ 1.0000, -0.9184],
        [-0.9586,  0.2303],
        [-0.8903,  0.9278]], device='cuda:0')
33235 tensor([[ 0.9843, -0.2145],
        [ 1.0000, -0.9183],
        [-0.9588,  0.2303],
        [-0.8904,  0.9277]], device='cuda:0')
33236 tensor([[ 0.9842, -0.2145],
        [ 1.0000, -0.9182],
        [-0.9589,  0.2304],
        [-0.8905,  0.9277]], device='cuda:0')
33237 tensor([[ 0.9841, -0.2146],
        [ 1.0000, -0.9182],
        [-0.9591,  0.2304],
        [-0.8905,  0.9276]], device='cuda:0')
33238 tensor([[ 0.9840, -0.2147],
        [ 1.0000, -0.9181],
        [-0.9593,  0.2305],
        [-0.8907,  0.9276]], device='cuda:0')
33239 tensor([[ 0.9839, -0.2147],
        [ 1.0000, -0.9181],
        [-0.9594,  0.2306],
        [-0.8908,  0.9275]], device='cuda:0')
33240 tensor([[ 0.9838, -0.2148],
        [ 1.0000, -0.9180],
        [-0.9596,  0.2306],
        [-0.8909,  0.9274]], device='cuda:0')
33241 tensor([[ 0.9837, -0.2149],
        [ 1.0000, -0.9180],
        [-0.9597,  0.2307],
        [-0.8910,  0.9274]], device='cuda:0')
33242 tensor([[ 0.9836, -0.2149],
        [ 1.0000, -0.9179],
        [-0.9599,  0.2307],
        [-0.8911,  0.9273]], device='cuda:0')
33243 tensor([[ 0.9835, -0.2150],
        [ 1.0000, -0.9179],
        [-0.9601,  0.2308],
        [-0.8912,  0.9273]], device='cuda:0')
33244 tensor([[ 0.9834, -0.2151],
        [ 1.0000, -0.9178],
        [-0.9602,  0.2308],
        [-0.8913,  0.9272]], device='cuda:0')
33245 tensor([[ 0.9833, -0.2151],
        [ 1.0000, -0.9178],
        [-0.9604,  0.2309],
        [-0.8914,  0.9271]], device='cuda:0')
33246 tensor([[ 0.9832, -0.2152],
        [ 1.0000, -0.9177],
        [-0.9605,  0.2310],
        [-0.8914,  0.9271]], device='cuda:0')
33247 tensor([[ 0.9831, -0.2152],
        [ 1.0000, -0.9177],
        [-0.9607,  0.2310],
        [-0.8915,  0.9270]], device='cuda:0')
33248 tensor([[ 0.9830, -0.2153],
        [ 1.0000, -0.9176],
        [-0.9608,  0.2311],
        [-0.8916,  0.9270]], device='cuda:0')
33249 tensor([[ 0.9829, -0.2154],
        [ 1.0000, -0.9176],
        [-0.9609,  0.2311],
        [-0.8917,  0.9269]], device='cuda:0')
33250 tensor([[ 0.9828, -0.2154],
        [ 1.0000, -0.9175],
        [-0.9611,  0.2312],
        [-0.8917,  0.9268]], device='cuda:0')
33251 tensor([[ 0.9828, -0.2155],
        [ 1.0000, -0.9175],
        [-0.9612,  0.2312],
        [-0.8918,  0.9268]], device='cuda:0')
33252 tensor([[ 0.9827, -0.2156],
        [ 1.0000, -0.9175],
        [-0.9614,  0.2313],
        [-0.8919,  0.9267]], device='cuda:0')
33253 tensor([[ 0.9826, -0.2156],
        [ 1.0000, -0.9174],
        [-0.9616,  0.2314],
        [-0.8920,  0.9267]], device='cuda:0')
33254 tensor([[ 0.9826, -0.2157],
        [ 1.0000, -0.9174],
        [-0.9618,  0.2314],
        [-0.8921,  0.9266]], device='cuda:0')
33255 tensor([[ 0.9825, -0.2158],
        [ 1.0000, -0.9173],
        [-0.9620,  0.2315],
        [-0.8923,  0.9266]], device='cuda:0')
33256 tensor([[ 0.9824, -0.2158],
        [ 1.0000, -0.9173],
        [-0.9622,  0.2315],
        [-0.8924,  0.9265]], device='cuda:0')
33257 tensor([[ 0.9824, -0.2159],
        [ 1.0000, -0.9172],
        [-0.9623,  0.2316],
        [-0.8925,  0.9264]], device='cuda:0')
33258 tensor([[ 0.9823, -0.2159],
        [ 1.0000, -0.9172],
        [-0.9625,  0.2316],
        [-0.8926,  0.9264]], device='cuda:0')
33259 tensor([[ 0.9822, -0.2160],
        [ 1.0000, -0.9171],
        [-0.9627,  0.2317],
        [-0.8927,  0.9263]], device='cuda:0')
33260 tensor([[ 0.9821, -0.2161],
        [ 1.0000, -0.9171],
        [-0.9629,  0.2317],
        [-0.8928,  0.9263]], device='cuda:0')
33261 tensor([[ 0.9821, -0.2161],
        [ 1.0000, -0.9170],
        [-0.9630,  0.2318],
        [-0.8929,  0.9262]], device='cuda:0')
33262 tensor([[ 0.9821, -0.2162],
        [ 1.0000, -0.9170],
        [-0.9632,  0.2318],
        [-0.8930,  0.9262]], device='cuda:0')
33263 tensor([[ 0.9820, -0.2162],
        [ 1.0000, -0.9170],
        [-0.9634,  0.2319],
        [-0.8931,  0.9261]], device='cuda:0')
33264 tensor([[ 0.9820, -0.2163],
        [ 1.0000, -0.9169],
        [-0.9635,  0.2319],
        [-0.8932,  0.9261]], device='cuda:0')
33265 tensor([[ 0.9820, -0.2163],
        [ 1.0000, -0.9169],
        [-0.9637,  0.2320],
        [-0.8933,  0.9260]], device='cuda:0')
33266 tensor([[ 0.9820, -0.2164],
        [ 1.0000, -0.9168],
        [-0.9639,  0.2320],
        [-0.8934,  0.9260]], device='cuda:0')
33267 tensor([[ 0.9820, -0.2165],
        [ 1.0000, -0.9168],
        [-0.9641,  0.2321],
        [-0.8935,  0.9259]], device='cuda:0')
33268 tensor([[ 0.9820, -0.2165],
        [ 1.0000, -0.9167],
        [-0.9643,  0.2321],
        [-0.8937,  0.9258]], device='cuda:0')
33269 tensor([[ 0.9820, -0.2166],
        [ 1.0000, -0.9167],
        [-0.9645,  0.2322],
        [-0.8938,  0.9258]], device='cuda:0')
33270 tensor([[ 0.9820, -0.2166],
        [ 1.0000, -0.9167],
        [-0.9647,  0.2322],
        [-0.8940,  0.9257]], device='cuda:0')
33271 tensor([[ 0.9820, -0.2167],
        [ 1.0000, -0.9166],
        [-0.9649,  0.2323],
        [-0.8941,  0.9257]], device='cuda:0')
33272 tensor([[ 0.9820, -0.2167],
        [ 1.0000, -0.9166],
        [-0.9651,  0.2323],
        [-0.8942,  0.9256]], device='cuda:0')
33273 tensor([[ 0.9820, -0.2168],
        [ 1.0000, -0.9165],
        [-0.9653,  0.2324],
        [-0.8944,  0.9256]], device='cuda:0')
33274 tensor([[ 0.9820, -0.2169],
        [ 1.0000, -0.9165],
        [-0.9655,  0.2324],
        [-0.8945,  0.9255]], device='cuda:0')
33275 tensor([[ 0.9820, -0.2169],
        [ 1.0000, -0.9164],
        [-0.9657,  0.2325],
        [-0.8946,  0.9255]], device='cuda:0')
33276 tensor([[ 0.9820, -0.2170],
        [ 1.0000, -0.9164],
        [-0.9659,  0.2325],
        [-0.8948,  0.9254]], device='cuda:0')
33277 tensor([[ 0.9820, -0.2170],
        [ 1.0000, -0.9164],
        [-0.9661,  0.2326],
        [-0.8949,  0.9254]], device='cuda:0')
33278 tensor([[ 0.9820, -0.2171],
        [ 1.0000, -0.9163],
        [-0.9663,  0.2326],
        [-0.8950,  0.9253]], device='cuda:0')
33279 tensor([[ 0.9821, -0.2171],
        [ 1.0000, -0.9163],
        [-0.9664,  0.2327],
        [-0.8951,  0.9253]], device='cuda:0')
33280 tensor([[ 0.9821, -0.2172],
        [ 1.0000, -0.9162],
        [-0.9666,  0.2327],
        [-0.8953,  0.9252]], device='cuda:0')
33281 tensor([[ 0.9822, -0.2172],
        [ 1.0000, -0.9162],
        [-0.9668,  0.2328],
        [-0.8955,  0.9252]], device='cuda:0')
33282 tensor([[ 0.9822, -0.2173],
        [ 1.0000, -0.9162],
        [-0.9671,  0.2328],
        [-0.8956,  0.9251]], device='cuda:0')
33283 tensor([[ 0.9823, -0.2173],
        [ 1.0000, -0.9161],
        [-0.9673,  0.2329],
        [-0.8958,  0.9251]], device='cuda:0')
33284 tensor([[ 0.9823, -0.2174],
        [ 1.0000, -0.9161],
        [-0.9675,  0.2329],
        [-0.8960,  0.9250]], device='cuda:0')
33285 tensor([[ 0.9824, -0.2174],
        [ 1.0000, -0.9160],
        [-0.9678,  0.2330],
        [-0.8962,  0.9250]], device='cuda:0')
33286 tensor([[ 0.9824, -0.2175],
        [ 1.0000, -0.9160],
        [-0.9680,  0.2330],
        [-0.8963,  0.9249]], device='cuda:0')
33287 tensor([[ 0.9825, -0.2176],
        [ 1.0000, -0.9160],
        [-0.9682,  0.2330],
        [-0.8965,  0.9249]], device='cuda:0')
33288 tensor([[ 0.9825, -0.2176],
        [ 1.0000, -0.9159],
        [-0.9684,  0.2331],
        [-0.8967,  0.9249]], device='cuda:0')
33289 tensor([[ 0.9826, -0.2177],
        [ 1.0000, -0.9159],
        [-0.9687,  0.2331],
        [-0.8969,  0.9248]], device='cuda:0')
33290 tensor([[ 0.9826, -0.2177],
        [ 1.0000, -0.9159],
        [-0.9689,  0.2332],
        [-0.8970,  0.9248]], device='cuda:0')
33291 tensor([[ 0.9826, -0.2178],
        [ 1.0000, -0.9158],
        [-0.9691,  0.2332],
        [-0.8972,  0.9247]], device='cuda:0')
33292 tensor([[ 0.9826, -0.2178],
        [ 1.0000, -0.9158],
        [-0.9693,  0.2333],
        [-0.8974,  0.9247]], device='cuda:0')
33293 tensor([[ 0.9827, -0.2179],
        [ 1.0000, -0.9157],
        [-0.9695,  0.2333],
        [-0.8975,  0.9246]], device='cuda:0')
33294 tensor([[ 0.9828, -0.2179],
        [ 1.0000, -0.9157],
        [-0.9697,  0.2334],
        [-0.8977,  0.9246]], device='cuda:0')
33295 tensor([[ 0.9828, -0.2180],
        [ 1.0000, -0.9157],
        [-0.9699,  0.2334],
        [-0.8979,  0.9245]], device='cuda:0')
33296 tensor([[ 0.9829, -0.2180],
        [ 1.0000, -0.9156],
        [-0.9702,  0.2334],
        [-0.8981,  0.9245]], device='cuda:0')
33297 tensor([[ 0.9829, -0.2181],
        [ 1.0000, -0.9156],
        [-0.9704,  0.2335],
        [-0.8983,  0.9244]], device='cuda:0')
33298 tensor([[ 0.9830, -0.2181],
        [ 1.0000, -0.9156],
        [-0.9707,  0.2335],
        [-0.8985,  0.9244]], device='cuda:0')
33299 tensor([[ 0.9831, -0.2181],
        [ 1.0000, -0.9155],
        [-0.9709,  0.2336],
        [-0.8987,  0.9244]], device='cuda:0')
33300 tensor([[ 0.9831, -0.2182],
        [ 1.0000, -0.9155],
        [-0.9711,  0.2336],
        [-0.8989,  0.9243]], device='cuda:0')
33301 tensor([[ 0.9832, -0.2182],
        [ 1.0000, -0.9154],
        [-0.9714,  0.2337],
        [-0.8991,  0.9243]], device='cuda:0')
33302 tensor([[ 0.9832, -0.2183],
        [ 1.0000, -0.9154],
        [-0.9716,  0.2337],
        [-0.8993,  0.9242]], device='cuda:0')
33303 tensor([[ 0.9833, -0.2183],
        [ 1.0000, -0.9154],
        [-0.9718,  0.2337],
        [-0.8995,  0.9242]], device='cuda:0')
33304 tensor([[ 0.9834, -0.2184],
        [ 1.0000, -0.9153],
        [-0.9721,  0.2338],
        [-0.8997,  0.9241]], device='cuda:0')
33305 tensor([[ 0.9834, -0.2184],
        [ 1.0000, -0.9153],
        [-0.9723,  0.2338],
        [-0.8999,  0.9241]], device='cuda:0')
33306 tensor([[ 0.9834, -0.2185],
        [ 1.0000, -0.9153],
        [-0.9725,  0.2339],
        [-0.9001,  0.9240]], device='cuda:0')
33307 tensor([[ 0.9835, -0.2185],
        [ 1.0000, -0.9152],
        [-0.9728,  0.2339],
        [-0.9003,  0.9240]], device='cuda:0')
33308 tensor([[ 0.9836, -0.2186],
        [ 1.0000, -0.9152],
        [-0.9730,  0.2339],
        [-0.9005,  0.9240]], device='cuda:0')
33309 tensor([[ 0.9836, -0.2186],
        [ 1.0000, -0.9152],
        [-0.9732,  0.2340],
        [-0.9007,  0.9239]], device='cuda:0')
33310 tensor([[ 0.9837, -0.2187],
        [ 1.0000, -0.9151],
        [-0.9734,  0.2340],
        [-0.9009,  0.9239]], device='cuda:0')
33311 tensor([[ 0.9838, -0.2187],
        [ 1.0000, -0.9151],
        [-0.9736,  0.2341],
        [-0.9011,  0.9238]], device='cuda:0')
33312 tensor([[ 0.9839, -0.2188],
        [ 1.0000, -0.9151],
        [-0.9739,  0.2341],
        [-0.9012,  0.9238]], device='cuda:0')
33313 tensor([[ 0.9839, -0.2188],
        [ 1.0000, -0.9150],
        [-0.9741,  0.2341],
        [-0.9014,  0.9238]], device='cuda:0')
33314 tensor([[ 0.9840, -0.2188],
        [ 1.0000, -0.9150],
        [-0.9743,  0.2342],
        [-0.9016,  0.9237]], device='cuda:0')
33315 tensor([[ 0.9841, -0.2189],
        [ 1.0000, -0.9150],
        [-0.9746,  0.2342],
        [-0.9018,  0.9237]], device='cuda:0')
33316 tensor([[ 0.9842, -0.2189],
        [ 1.0000, -0.9149],
        [-0.9748,  0.2343],
        [-0.9020,  0.9236]], device='cuda:0')
33317 tensor([[ 0.9842, -0.2190],
        [ 1.0000, -0.9149],
        [-0.9751,  0.2343],
        [-0.9022,  0.9236]], device='cuda:0')
33318 tensor([[ 0.9843, -0.2190],
        [ 1.0000, -0.9149],
        [-0.9753,  0.2343],
        [-0.9023,  0.9236]], device='cuda:0')
33319 tensor([[ 0.9844, -0.2191],
        [ 1.0000, -0.9148],
        [-0.9755,  0.2344],
        [-0.9025,  0.9235]], device='cuda:0')
33320 tensor([[ 0.9844, -0.2191],
        [ 1.0000, -0.9148],
        [-0.9757,  0.2344],
        [-0.9027,  0.9235]], device='cuda:0')
33321 tensor([[ 0.9845, -0.2191],
        [ 1.0000, -0.9148],
        [-0.9760,  0.2344],
        [-0.9029,  0.9234]], device='cuda:0')
33322 tensor([[ 0.9845, -0.2192],
        [ 1.0000, -0.9147],
        [-0.9762,  0.2345],
        [-0.9031,  0.9234]], device='cuda:0')
33323 tensor([[ 0.9846, -0.2192],
        [ 1.0000, -0.9147],
        [-0.9764,  0.2345],
        [-0.9032,  0.9234]], device='cuda:0')
33324 tensor([[ 0.9847, -0.2193],
        [ 1.0000, -0.9147],
        [-0.9766,  0.2346],
        [-0.9034,  0.9233]], device='cuda:0')
33325 tensor([[ 0.9848, -0.2193],
        [ 1.0000, -0.9146],
        [-0.9769,  0.2346],
        [-0.9036,  0.9233]], device='cuda:0')
33326 tensor([[ 0.9849, -0.2194],
        [ 1.0000, -0.9146],
        [-0.9771,  0.2346],
        [-0.9037,  0.9232]], device='cuda:0')
33327 tensor([[ 0.9850, -0.2194],
        [ 1.0000, -0.9146],
        [-0.9773,  0.2347],
        [-0.9039,  0.9232]], device='cuda:0')
33328 tensor([[ 0.9851, -0.2194],
        [ 1.0000, -0.9146],
        [-0.9775,  0.2347],
        [-0.9041,  0.9232]], device='cuda:0')
33329 tensor([[ 0.9851, -0.2195],
        [ 1.0000, -0.9145],
        [-0.9778,  0.2347],
        [-0.9043,  0.9231]], device='cuda:0')
