1416 2
1417 1
1417 3
1417 4
1418 0
1431 2
1431 3
1432 5
1433 0
1433 1
1446 2
1447 1
1447 3
1447 5
1448 0
1461 1
1461 2
1462 4
1463 0
1463 3
1476 2
1477 1
1477 3
1477 5
1478 0
1491 1
1491 2
1492 4
1493 0
1493 3
1506 2
1507 1
1507 3
1507 5
1508 0
1521 1
1521 2
1522 5
1523 0
1523 3
1535 1
1536 2
1537 5
1538 0
1539 3
1549 1
1552 0
1552 2
1552 4
1555 3
1565 1
1567 0
1567 2
1567 5
1569 3
1579 1
1582 0
1582 2
1582 4
1585 3
1595 1
1597 0
1597 2
1597 4
1599 3
1611 1
1612 0
1612 2
1612 4
1613 3
1627 0
1627 1
1627 2
1627 3
1627 4
1641 3
1642 0
1642 2
1642 5
1643 1
1657 0
1657 1
1657 2
1657 3
1657 5
1671 1
1672 0
1672 2
1672 5
1673 3
1685 1
1687 0
1687 2
1687 4
1689 3
1701 1
1702 0
1702 2
1702 4
1703 3
1716 0
1717 1
1717 3
1717 4
1718 2
1731 0
1731 3
1732 4
1733 1
1733 2
1745 3
1747 0
1747 2
1747 5
1749 1
1761 3
1762 0
1762 2
1762 4
1763 1
1775 3
1777 0
1777 2
1777 5
1779 1
1791 3
1792 0
1792 2
1792 4
1793 1
1805 3
1807 0
1807 2
1807 4
1809 1
1819 3
1822 0
1822 2
1822 4
1825 1
1833 3
1836 2
1837 4
1838 0
1841 1
1847 3
1851 2
1852 4
1853 0
1857 1
1861 3
1865 2
1867 4
1869 0
1873 1
1875 3
1880 2
1882 5
1884 0
1889 1
1890 3
1894 2
1897 4
1900 0
1904 1
1905 3
1908 2
1912 4
1916 0
1919 1
