159036 0
159037 1
159037 3
159037 4
159038 2
159051 0
159051 3
159052 5
159053 1
159053 2
159066 0
159067 1
159067 3
159067 4
159068 2
159081 0
159081 3
159082 4
159083 1
159083 2
159095 3
159096 5
159097 0
159097 2
159097 5
159099 1
159111 3
159112 0
159112 2
159112 4
159112 5
159113 1
159125 3
159126 5
159127 0
159127 2
159127 5
159129 1
159141 3
159142 0
159142 2
159142 4
159142 5
159143 1
159155 3
159156 5
159157 0
159157 2
159157 5
159159 1
159171 3
159172 0
159172 2
159172 4
159172 5
159173 1
159185 3
159186 5
159187 0
159187 2
159187 5
159189 1
159201 3
159202 0
159202 2
159202 4
159202 5
159203 1
159215 3
159216 5
159217 0
159217 2
159217 5
159219 1
159231 2
159231 3
159232 5
159233 0
159233 1
159246 2
159247 1
159247 3
159247 4
159248 0
159261 2
159261 3
159262 5
159263 0
159263 1
159276 2
159277 1
159277 3
159277 4
159278 0
159291 2
159291 3
159292 5
159293 0
159293 1
159306 2
159307 1
159307 3
159307 5
159308 0
159321 1
159321 2
159322 4
159323 0
159323 3
159336 2
159337 1
159337 3
159337 5
159338 0
159351 1
159351 2
159352 4
159353 0
159353 3
159366 2
159367 1
159367 3
159367 5
159368 0
159381 1
159381 2
159382 4
159383 0
159383 3
159396 2
159397 1
159397 3
159397 5
159398 0
159411 1
159411 2
159412 5
159413 0
159413 3
159425 1
159426 2
159426 4
159427 4
159428 0
159429 3
159441 1
159441 2
159442 5
159443 0
159443 3
159455 1
159456 4
159457 0
159457 2
159457 4
159459 3
159472 0
159472 1
159472 2
159472 3
159472 5
159486 1
159487 0
159487 2
159487 4
159488 3
159502 0
159502 1
159502 2
159502 3
159502 5
159516 1
159517 0
159517 2
159517 4
159518 3
159532 0
159532 1
159532 2
159532 3
159532 5
159546 1
159547 0
159547 2
159547 4
159548 3
159562 0
159562 1
159562 2
159562 3
159562 5
159576 1
159577 0
159577 2
159577 4
159578 3
159592 0
159592 1
159592 2
159592 3
159592 5
159606 1
159607 0
159607 2
159607 4
159608 3
159621 0
159622 1
159622 3
159622 5
159623 2
159635 1
159636 0
159636 4
159637 4
159638 2
159639 3
159651 0
159651 1
159652 4
159652 5
159653 2
159653 3
159665 1
159666 0
159666 4
159667 4
159668 2
159669 3
159681 0
159681 1
159682 4
159683 2
159683 3
159696 0
159697 1
159697 3
159697 5
159698 2
159711 0
159711 1
159712 4
159713 2
159713 3
159726 0
159727 1
159727 3
159727 4
159728 2
159741 0
159741 3
159742 5
159743 1
159743 2
159756 0
159757 1
159757 3
159757 4
159758 2
159771 0
159771 3
159772 5
159773 1
159773 2
159786 0
159787 1
159787 3
159787 4
159788 2
159801 0
159801 3
159802 4
159803 1
159803 2
159815 3
159816 0
159816 5
159817 5
159818 2
159819 1
159831 0
159831 3
159832 4
159833 1
159833 2
159845 3
159846 0
159846 5
159847 5
159848 2
159849 1
159861 3
159862 0
159862 2
159862 4
159862 5
159863 1
159875 3
159876 5
159877 0
159877 2
159877 5
159879 1
159891 3
159892 0
159892 2
159892 4
159892 5
159893 1
159905 3
159906 5
159907 0
159907 2
159907 5
159909 1
159921 3
159922 0
159922 2
159922 4
159922 5
159923 1
159935 3
159936 5
159937 0
159937 2
159937 5
159939 1
159951 3
159952 0
159952 2
159952 4
159952 5
159953 1
159965 3
159966 5
159967 0
159967 2
159967 5
159969 1
159981 3
159982 0
159982 2
159982 4
159982 5
159983 1
159995 3
159996 2
159996 5
159997 5
159998 0
159999 1
160011 2
160011 3
160012 4
160012 5
160013 0
160013 1
160025 3
160026 2
160026 5
160027 5
160028 0
160029 1
160041 2
160041 3
160042 5
160043 0
160043 1
160056 2
160057 1
160057 3
160057 4
160058 0
160071 2
160071 3
160072 5
160073 0
160073 1
160086 2
160087 1
160087 3
160087 4
160088 0
160101 2
160101 3
160102 5
160103 0
160103 1
160116 2
160117 1
160117 3
160117 5
160118 0
160131 1
160131 2
160132 4
160133 0
160133 3
160146 2
160147 1
160147 3
160147 5
160148 0
160161 1
160161 2
160162 5
160163 0
160163 3
160175 1
160176 2
160177 4
160178 0
160179 3
160191 1
160191 2
160192 5
160193 0
160193 3
160205 1
160206 2
160207 4
160208 0
160209 3
160221 2
160222 1
160222 3
160222 5
160223 0
160236 1
160236 2
160237 5
160238 0
160238 3
160250 1
160251 2
160252 4
160253 0
160254 3
160266 1
160267 0
160267 2
160267 5
160268 3
160280 1
160282 0
160282 2
160282 4
160284 3
160296 1
160297 0
160297 2
160297 5
160298 3
160310 1
160312 0
160312 2
160312 4
160314 3
160326 1
160327 0
160327 2
160327 5
160328 3
160340 1
160341 0
160342 4
160343 2
160344 3
160345 5
160356 0
160356 1
160357 4
160358 2
160358 3
160371 0
160372 1
160372 3
160372 5
160373 2
160386 0
160386 1
160387 4
160388 2
160388 3
160401 0
160401 1
160402 4
160402 5
160403 2
160403 3
160415 1
160416 0
160416 4
160417 4
160418 2
160419 3
160431 0
160431 1
160432 4
160433 2
160433 3
160446 0
160447 1
160447 3
160447 5
160448 2
160461 0
160461 1
160462 4
160463 2
160463 3
160476 0
160477 1
160477 3
160477 4
160478 2
160491 0
160491 3
160492 4
160493 1
160493 2
160505 3
160506 0
160507 5
160508 2
160509 1
160521 0
160521 3
160522 4
160523 1
160523 2
160535 3
160536 0
160537 5
160538 2
160539 1
160551 0
160551 3
160552 4
160553 1
160553 2
160565 3
160566 0
160567 5
160568 2
160569 1
160581 0
160581 3
160582 4
160583 1
160583 2
160595 3
160596 0
160596 5
160597 4
160598 2
160599 1
160609 3
160610 5
160612 0
160612 2
160612 5
160615 1
160625 3
160626 5
160627 0
160627 2
160627 4
160629 1
160639 3
160640 5
160642 0
160642 2
160642 5
160645 1
160656 3
160657 0
160657 2
160657 4
160657 5
160658 1
160669 3
160670 5
160672 0
160672 2
160672 5
160675 1
160685 3
160686 2
160686 5
160687 5
160688 0
160689 1
160701 2
160701 3
160702 4
160702 5
160703 0
160703 1
160715 3
160716 2
160716 5
160717 5
160718 0
160719 1
160731 2
160731 3
160732 4
160732 5
160733 0
160733 1
160745 3
160746 2
160746 5
160747 5
160748 0
160749 1
160761 2
160761 3
160762 5
160763 0
160763 1
160776 2
160777 1
160777 3
160777 4
160778 0
160791 2
160791 3
160792 5
160793 0
160793 1
160806 2
160807 1
160807 3
160807 5
160808 0
160821 1
160821 2
160822 4
160823 0
160823 3
160836 2
160837 1
160837 3
160837 4
160838 0
160851 2
160851 3
160852 5
160853 0
160853 1
160866 2
160867 1
160867 3
160867 4
160868 0
160881 2
160881 3
160882 5
160883 0
160883 1
160895 2
160897 1
160897 3
160897 5
160899 0
160910 2
160912 1
160912 3
160912 5
160914 0
160925 2
160926 1
160927 5
160928 3
160929 0
160940 1
160941 2
160942 4
160943 0
160944 3
160956 1
160956 2
160957 5
160958 0
160958 3
160970 1
160971 2
160972 5
160973 0
160974 3
160984 1
160986 2
160987 4
160988 0
160990 3
161000 1
161001 2
161002 5
161003 0
161004 3
161014 1
161017 0
161017 2
161017 4
161020 3
161030 1
161032 0
161032 2
161032 5
161034 3
161044 1
161047 0
161047 2
161047 5
161050 3
161058 1
161062 0
161062 2
161062 4
161066 3
161074 1
161076 0
161077 4
161078 2
161080 3
161081 5
161090 1
161091 0
161092 4
161092 5
161093 2
161094 3
161104 1
161106 0
161107 4
161108 2
161110 3
161111 5
161120 0
161120 1
161121 4
161122 4
161124 2
161124 3
161125 5
161135 0
161136 1
161137 4
161137 5
161138 3
161139 2
161150 0
161150 1
161151 4
161152 4
161154 2
161154 3
161155 5
161165 0
161166 1
161167 4
161168 3
161169 2
161170 5
161180 0
161181 1
161182 4
161183 3
161184 2
161185 5
161195 0
161197 1
161197 3
161197 5
161199 2
161210 0
161211 1
161212 4
161213 3
161214 2
161215 5
161225 0
161227 1
161227 3
161227 4
161229 2
161240 0
161241 3
161241 4
161242 4
161243 1
161244 2
161255 0
161255 3
161257 5
161259 1
161259 2
161270 0
161271 3
161271 4
161272 4
161273 1
161274 2
161285 0
161286 3
161286 4
161287 4
161288 1
161289 2
161300 0
161300 3
161302 4
161304 1
161304 2
161314 3
161315 0
161315 5
161317 5
161319 2
161320 1
161330 3
161331 0
161331 5
161332 4
161333 2
161334 1
161344 3
161345 5
161346 0
161347 4
161348 2
161350 1
161358 3
161359 5
161361 0
161362 5
161363 2
161366 1
161374 3
161375 5
161377 0
161377 2
161377 4
161380 1
161388 3
161389 5
161392 0
161392 2
161392 5
161396 1
161404 3
161405 5
161407 0
161407 2
161407 4
161410 1
161418 3
161419 5
161422 0
161422 2
161422 5
161426 1
161434 3
161435 5
161436 2
161437 5
161438 0
161440 1
161441 4
161450 3
161451 2
161451 5
161452 4
161453 0
161454 1
161464 3
161465 5
161466 2
161467 5
161468 0
161470 1
161471 4
161480 2
161480 3
161481 5
161482 5
161484 0
161484 1
161485 4
161495 2
161496 3
161497 4
161497 5
161498 1
161499 0
161510 2
161510 3
161511 5
161512 5
161514 0
161514 1
161515 4
161525 2
161526 3
161527 5
161528 1
161529 0
161530 4
161540 2
161541 3
161542 4
161542 5
161543 1
161544 0
161555 2
161555 3
161556 5
161557 5
161559 0
161559 1
161560 4
161569 2
161571 3
161572 5
161573 1
161575 0
161576 4
161584 2
161587 1
161587 3
161587 5
161590 0
161599 2
161601 1
161602 5
161603 3
161605 0
161614 2
161615 1
161617 4
161619 3
161620 0
161630 2
161631 5
161632 1
161632 3
161632 5
161634 0
161645 2
161646 1
161646 5
161647 5
161648 3
161649 0
161660 1
161660 2
161662 5
161664 0
161664 3
161674 1
161675 2
161677 5
161679 0
161680 3
161688 1
161690 2
161692 5
161694 0
161696 3
161702 1
161706 2
161707 4
161708 0
161712 3
161718 1
161721 2
161722 4
161723 0
161726 3
161734 1
161735 4
161736 2
161737 5
161738 0
161740 3
161748 1
161749 4
161752 0
161752 2
161752 5
161756 3
161762 1
161763 4
161767 0
161767 2
161767 4
161772 3
161778 1
161779 4
161782 0
161782 2
161782 4
161786 3
161794 1
161795 4
161796 0
161797 5
161798 2
161800 3
161801 5
161808 1
161809 4
161811 0
161812 4
161813 2
161816 3
161817 5
161824 1
161825 4
161826 0
161827 5
161828 2
161830 3
161831 5
161838 1
161839 4
161840 0
161842 4
161844 2
161846 3
161847 5
161854 1
161855 0
161855 4
161857 4
161859 2
161860 3
161861 5
161870 0
161870 1
161871 4
161872 4
161874 2
161874 3
161875 5
161885 0
161886 1
161887 4
161887 5
161888 3
161889 2
161899 0
161900 1
161901 4
161902 4
161904 3
161905 2
161906 5
161914 0
161916 1
161917 4
161918 3
161920 2
161921 5
161929 0
161931 1
161932 4
161933 3
161935 2
161936 5
161944 0
161947 1
161947 3
161947 4
161950 2
161959 0
161961 3
161962 4
161963 1
161965 2
161974 0
161975 3
161977 4
161979 1
161980 2
161989 0
161989 3
161992 5
161995 1
161995 2
162004 0
162005 4
162006 3
162007 4
162008 1
162010 2
162020 0
162020 3
162022 4
162024 1
162024 2
162034 3
162035 0
162035 5
162037 4
162039 2
162040 1
