9277 0
9277 1
9277 2
9277 3
9277 4
9291 3
9292 0
9292 2
9292 5
9293 1
9307 0
9307 1
9307 2
9307 3
9307 4
9321 3
9322 0
9322 2
9322 5
9323 1
9337 0
9337 1
9337 2
9337 3
9337 4
9351 3
9352 0
9352 2
9352 4
9353 1
9365 3
9366 2
9367 4
9368 0
9369 1
9379 3
9381 2
9382 4
9383 0
9385 1
9393 3
9396 2
9397 5
9398 0
9401 1
9409 3
9411 2
9412 4
9413 0
9415 1
9422 3
9425 2
9427 5
9429 0
9432 1
9438 3
9440 2
9442 5
9444 0
9446 1
9454 2
9454 3
9457 5
9460 0
9460 1
9469 2
9470 3
9472 5
9474 1
9475 0
9484 2
9486 3
9487 4
9488 1
9490 0
9499 2
9500 3
9502 5
9504 1
9505 0
9514 2
9515 3
9517 5
9519 1
9520 0
9528 2
9531 3
9532 5
9533 1
9536 0
