21217 0
21217 1
21217 2
21217 3
21217 5
21231 1
21232 0
21232 2
21232 4
21233 3
21247 0
21247 1
21247 2
21247 3
21247 5
21261 1
21262 0
21262 2
21262 4
21263 3
21277 0
21277 1
21277 2
21277 3
21277 5
21291 1
21292 0
21292 2
21292 4
21293 3
21307 0
21307 1
21307 2
21307 3
21307 5
21321 1
21322 0
21322 2
21322 4
21323 3
21337 0
21337 1
21337 2
21337 3
21337 5
21351 1
21352 0
21352 2
21352 4
21353 3
21367 0
21367 1
21367 2
21367 3
21367 5
21381 1
21382 0
21382 2
21382 4
21383 3
21397 0
21397 1
21397 2
21397 3
21397 5
21411 1
21412 0
21412 2
21412 4
21413 3
21426 0
21427 1
21427 3
21427 4
21428 2
21441 0
21441 3
21442 4
21443 1
21443 2
21455 3
21456 0
21457 5
21458 2
21459 1
21471 3
21472 0
21472 2
21472 5
21473 1
21487 0
21487 1
21487 2
21487 3
21487 4
21501 3
21502 0
21502 2
21502 5
21503 1
21517 0
21517 1
21517 2
21517 3
21517 4
21531 3
21532 0
21532 2
21532 4
21533 1
21545 3
21547 0
21547 2
21547 5
21549 1
21561 3
21562 0
21562 2
21562 4
21563 1
21575 3
21577 0
21577 2
21577 5
21579 1
21591 3
21592 0
21592 2
21592 5
21593 1
21607 0
21607 1
21607 2
21607 3
21607 4
21621 3
21622 0
21622 2
21622 4
21623 1
21635 3
21637 0
21637 2
21637 5
21639 1
21651 2
21651 3
21652 4
21653 0
21653 1
21665 3
21666 2
21667 5
21668 0
21669 1
21681 2
21681 3
21682 5
21683 0
21683 1
21696 2
21697 1
21697 3
21697 5
21698 0
21711 1
21711 2
21712 4
21713 0
21713 3
21726 2
21727 1
21727 3
21727 4
21728 0
21741 2
21741 3
21742 5
21743 0
21743 1
21756 2
21757 1
21757 3
21757 5
21758 0
21771 1
21771 2
21772 4
21773 0
21773 3
21786 2
21787 1
21787 3
21787 5
21788 0
21801 1
21801 2
21802 5
21803 0
21803 3
21815 1
21816 2
21817 4
21818 0
21819 3
21831 2
21832 1
21832 3
21832 5
21833 0
21846 1
21846 2
21847 5
21848 0
21848 3
21860 1
21861 2
21862 4
21863 0
21864 3
21876 1
21877 0
21877 2
21877 4
21878 3
21892 0
21892 1
21892 2
21892 3
21892 5
21906 1
21907 0
21907 2
21907 5
21908 3
21920 1
21922 0
21922 2
21922 5
21924 3
21934 1
21937 0
21937 2
21937 4
21940 3
21950 1
21952 0
21952 2
21952 5
21954 3
21964 1
21966 0
21967 4
21968 2
21970 3
21980 1
21981 0
21982 4
21982 5
21983 2
21984 3
21993 1
21996 0
21997 4
21998 2
22001 3
22009 1
22010 0
22011 4
22012 4
22014 2
22015 3
22025 0
22025 1
22026 4
22027 4
22029 2
22029 3
22040 0
22041 1
22042 4
22043 3
22044 2
22055 0
22057 1
22057 3
22057 4
22059 2
22070 0
22071 3
22072 5
22073 1
22074 2
22085 0
22087 1
22087 3
22087 4
22089 2
22100 0
22101 3
22102 4
22103 1
22104 2
22115 0
22115 3
22117 4
22119 1
22119 2
22130 0
22130 3
22132 5
22134 1
22134 2
22145 0
22146 3
22147 4
22148 1
22149 2
22160 3
22161 0
22162 4
22163 2
22164 1
22174 3
22176 0
22177 5
22178 2
22180 1
22190 3
22191 0
22192 4
22193 2
22194 1
22204 3
22206 0
22207 5
22208 2
22210 1
22220 3
22222 0
22222 2
22222 4
22224 1
22234 3
22237 0
22237 2
22237 5
22240 1
22250 3
22252 0
22252 2
22252 4
22254 1
22264 3
22267 0
22267 2
22267 5
22270 1
22280 3
22281 2
22282 4
22283 0
22284 1
22294 3
22296 2
22297 4
22298 0
22300 1
22308 3
22311 2
22312 5
22313 0
22316 1
22324 3
22326 2
22327 4
22328 0
22330 1
22338 3
22340 2
22342 5
22344 0
22346 1
22354 3
22355 2
22357 5
22359 0
22360 1
22369 3
22370 2
22372 4
22374 0
22375 1
22383 3
22384 2
22387 5
22390 0
22391 1
22399 2
22399 3
22402 5
22405 0
22405 1
22406 4
22414 2
22415 3
22417 5
22419 1
22420 0
22428 2
22431 3
22432 5
22433 1
22436 0
