52326 0
52327 1
52327 3
52327 4
52328 2
52341 0
52341 3
52342 4
52343 1
52343 2
52355 3
52356 0
52356 5
52357 5
52358 2
52359 1
52371 3
52372 0
52372 2
52372 4
52372 5
52373 1
52385 3
52386 5
52387 0
52387 2
52387 4
52389 1
52399 3
52400 5
52402 0
52402 2
52402 5
52405 1
52415 3
52416 5
52417 0
52417 2
52417 5
52419 1
52431 3
52432 0
52432 2
52432 4
52432 5
52433 1
52445 3
52446 5
52447 0
52447 2
52447 5
52449 1
52461 3
52462 0
52462 2
52462 4
52462 5
52463 1
52475 3
52476 2
52476 5
52477 5
52478 0
52479 1
52491 2
52491 3
52492 5
52493 0
52493 1
52506 2
52507 1
52507 3
52507 4
52508 0
52521 2
52521 3
52522 5
52523 0
52523 1
52536 2
52537 1
52537 3
52537 4
52538 0
52551 2
52551 3
52552 4
52552 5
52553 0
52553 1
52565 3
52566 2
52566 5
52567 5
52568 0
52569 1
52581 2
52581 3
52582 5
52583 0
52583 1
52596 2
52597 1
52597 3
52597 5
52598 0
52611 1
52611 2
52612 4
52613 0
52613 3
52626 2
52627 1
52627 3
52627 5
52628 0
52641 1
52641 2
52642 5
52643 0
52643 3
52655 1
52656 2
52656 4
52657 4
52658 0
52659 3
52671 2
52672 1
52672 3
52672 5
52673 0
52686 1
52686 2
52687 5
52688 0
52688 3
52700 1
52701 2
52701 4
52702 4
52703 0
52704 3
52716 1
52716 2
52717 5
52718 0
52718 3
52730 1
52731 4
52732 0
52732 2
52732 4
52734 3
52746 1
52747 0
52747 2
52747 4
52747 5
52748 3
52760 1
52761 4
52762 0
52762 2
52762 4
52764 3
52776 1
52777 0
52777 2
52777 4
52777 5
52778 3
52790 1
52791 4
52792 0
52792 2
52792 4
52794 3
52806 1
52807 0
52807 2
52807 4
52807 5
52808 3
52820 1
52821 0
52821 4
52822 4
52823 2
52824 3
52836 0
52836 1
52837 4
52837 5
52838 2
52838 3
52850 1
52851 0
52851 4
52852 4
52853 2
52854 3
52866 0
52866 1
52867 4
52868 2
52868 3
52881 0
52882 1
52882 3
52882 5
52883 2
52895 1
52896 0
52896 4
52897 4
52898 2
52899 3
52911 0
52911 1
52912 4
52913 2
52913 3
52926 0
52927 1
52927 3
52927 5
52928 2
52941 0
52941 1
52942 4
52943 2
52943 3
52956 0
52957 1
52957 3
52957 4
52958 2
52971 0
52971 3
52972 5
52973 1
52973 2
52986 0
52987 1
52987 3
52987 4
52988 2
53001 0
53001 3
53002 4
53003 1
53003 2
53015 3
53016 0
53017 5
53018 2
53019 1
53031 0
53031 3
53032 4
53033 1
53033 2
53045 3
53046 0
53047 5
53048 2
53049 1
53061 0
53061 3
53062 4
53063 1
53063 2
53075 3
53076 0
53077 5
53078 2
53079 1
53091 0
53092 1
53092 3
53092 4
53093 2
53106 0
53106 3
53107 4
53108 1
53108 2
53120 3
53121 0
53121 5
53122 5
53123 2
53124 1
53136 3
53137 0
53137 2
53137 4
53137 5
53138 1
53150 3
53151 5
53152 0
53152 2
53152 4
53154 1
53164 3
53165 5
53167 0
53167 2
53167 5
53170 1
53180 3
53181 5
53182 0
53182 2
53182 5
53184 1
53196 2
53196 3
53197 4
53197 5
53198 0
53198 1
53210 3
53211 2
53211 5
53212 5
53213 0
53214 1
53226 2
53226 3
53227 5
53228 0
53228 1
53241 2
53242 1
53242 3
53242 4
53243 0
53255 3
53256 2
53256 5
53257 5
53258 0
53259 1
53271 2
53271 3
53272 4
53272 5
53273 0
53273 1
53285 3
53286 2
53286 5
53287 5
53288 0
53289 1
53300 2
53301 3
53302 5
53303 1
53304 0
53305 4
53315 2
53317 1
53317 3
53317 5
53319 0
53330 2
53331 1
53332 4
53333 3
53334 0
53345 2
53347 1
53347 3
53347 5
53349 0
53360 2
53361 1
53362 5
53363 3
53364 0
53375 1
53376 2
53377 4
53378 0
53379 3
53391 1
53391 2
53392 5
53393 0
53393 3
53405 1
53406 2
53407 4
53408 0
53409 3
53421 2
53422 1
53422 3
53422 5
53423 0
53436 1
53436 2
53437 4
53438 0
53438 3
53451 2
53452 1
53452 3
53452 5
53453 0
53466 1
53466 2
53467 5
53468 0
53468 3
53480 1
53481 2
53481 4
53482 5
53483 0
53484 3
53494 1
53495 4
53496 2
53497 4
53498 0
53500 3
53510 1
53511 4
53512 0
53512 2
53512 5
53514 3
53524 1
53525 4
53527 0
53527 2
53527 4
53530 3
53540 1
53541 4
53542 0
53542 2
53542 5
53544 3
53554 1
53555 4
53557 0
53557 2
53557 4
53560 3
53570 1
53571 0
53571 4
53572 4
53573 2
53574 3
53586 0
53586 1
53587 4
53587 5
53588 2
53588 3
53600 1
53601 0
53601 4
53602 4
53603 2
53604 3
53616 0
53616 1
53617 4
53617 5
53618 2
53618 3
53630 1
53631 0
53631 4
53632 4
53633 2
53634 3
53645 0
53646 1
53647 4
53648 3
53649 2
53660 0
53661 1
53662 4
53662 5
53663 3
53664 2
53675 0
53675 1
53676 4
53677 4
53679 2
53679 3
53680 5
53690 0
53691 1
53692 4
53693 3
53694 2
53705 0
53707 1
53707 3
53707 4
53709 2
53720 0
53721 3
53722 5
53723 1
53724 2
53735 0
53737 1
53737 3
53737 4
53739 2
53750 0
53751 3
53752 5
53753 1
53754 2
53765 0
53767 1
53767 3
53767 4
53769 2
53780 0
53781 3
53782 5
53783 1
53784 2
53795 0
53796 1
53797 4
53798 3
53799 2
53810 0
53812 1
53812 3
53812 4
53814 2
53825 0
53826 3
53827 4
53828 1
53829 2
53840 0
53840 3
53842 4
53844 1
53844 2
53854 3
53855 0
53857 4
53859 2
53860 1
53868 3
53871 0
53872 5
53873 2
53876 1
53884 3
53886 0
53887 4
53888 2
53890 1
53898 3
53901 0
53902 5
53903 2
53906 1
53914 3
53917 0
53917 2
53917 4
53920 1
53928 3
53929 5
53932 0
53932 2
53932 5
53936 1
53944 3
53945 5
53947 0
53947 2
53947 4
53950 1
53958 3
53959 5
53961 2
53962 5
53963 0
53966 1
53967 4
53974 3
53975 5
53976 2
53977 4
53978 0
53980 1
53981 4
53988 3
53989 5
53991 2
53992 5
53993 0
53996 1
53997 4
54004 3
54005 2
54005 5
54007 5
54009 0
54010 1
54011 4
54020 2
54020 3
54021 5
54022 4
54024 0
54024 1
54025 4
54034 3
54035 2
54035 5
54037 5
54039 0
54040 1
54041 4
54050 2
54050 3
54051 5
54052 5
54054 0
54054 1
54055 4
54064 2
54066 3
54067 5
54068 1
54070 0
54071 4
54079 2
54081 3
54082 5
54083 1
54085 0
54086 4
54094 2
54097 1
54097 3
54097 4
54100 0
54109 2
54111 3
54112 5
54113 1
54115 0
54116 4
54124 2
54127 1
54127 3
54127 5
54130 0
54139 2
54141 1
54142 5
54143 3
54145 0
54154 2
54155 1
54157 5
54159 3
54160 0
54169 2
54170 1
54172 4
54174 3
54175 0
54185 2
54186 1
54187 5
54188 3
54189 0
54200 1
54200 2
54202 5
54204 0
54204 3
54214 1
54215 2
54215 4
54217 5
54219 0
54220 3
54228 1
54229 4
54230 2
54232 4
54234 0
54236 3
54244 1
54245 4
54246 2
54247 5
54248 0
54250 3
54258 1
54259 4
54261 2
54262 5
54263 0
54266 3
54272 1
54273 4
54276 2
54277 4
54278 0
54282 3
54289 1
54290 4
54292 0
54292 2
54292 5
54295 3
54303 1
54304 4
54307 0
54307 2
54307 4
54311 3
54319 1
54320 4
54322 0
54322 2
54322 5
54325 3
54333 1
54334 4
54336 0
54337 4
54338 2
54341 3
54342 5
54349 1
54350 4
54351 0
54352 5
54353 2
54355 3
54362 1
54363 4
54366 0
54367 4
54368 2
54372 3
54373 5
54378 1
54379 4
54380 0
54382 4
54384 2
54386 3
54387 5
54394 1
54395 0
54395 4
54397 4
54399 2
54400 3
54401 5
54410 0
54410 1
54411 4
54412 5
54414 2
54414 3
54415 5
54424 0
54424 1
54425 4
54427 4
54430 2
54430 3
54431 5
54439 0
54440 1
54441 4
54442 5
54444 3
54445 2
54446 5
54454 0
54454 1
54455 4
54457 4
54460 2
54460 3
54461 5
54469 0
54469 1
54470 4
54472 4
54475 2
54475 3
54476 5
54483 0
54485 1
54486 4
54487 4
54489 3
54491 2
54492 5
