79147 0
79147 1
79147 2
79147 3
79147 4
79161 3
79162 0
79162 2
79162 5
79163 1
79177 0
79177 1
79177 2
79177 3
79177 4
79191 3
79192 0
79192 2
79192 5
79193 1
79207 0
79207 1
79207 2
79207 3
79207 4
79221 3
79222 0
79222 2
79222 5
79223 1
79237 0
79237 1
79237 2
79237 3
79237 4
79251 3
79252 0
79252 2
79252 5
79253 1
79267 0
79267 1
79267 2
79267 3
79267 4
79281 3
79282 0
79282 2
79282 5
79283 1
79297 0
79297 1
79297 2
79297 3
79297 4
79311 3
79312 0
79312 2
79312 5
79313 1
79327 0
79327 1
79327 2
79327 3
79327 4
79341 3
79342 0
79342 2
79342 5
79343 1
79357 0
79357 1
79357 2
79357 3
79357 4
79371 3
79372 0
79372 2
79372 4
79372 5
79373 1
79385 3
79386 5
79387 0
79387 2
79387 5
79389 1
79401 3
79402 0
79402 2
79402 5
79403 1
79416 2
79417 1
79417 3
79417 4
79418 0
79431 2
79431 3
79432 5
79433 0
79433 1
79446 2
79447 1
79447 3
79447 5
79448 0
79461 1
79461 2
79462 4
79463 0
79463 3
79476 2
79477 1
79477 3
79477 5
79478 0
79491 1
79491 2
79492 4
79493 0
79493 3
79507 0
79507 1
79507 2
79507 3
79507 5
79521 1
79522 0
79522 2
79522 4
79523 3
79537 0
79537 1
79537 2
79537 3
79537 5
79551 1
79552 0
79552 2
79552 4
79553 3
79567 0
79567 1
79567 2
79567 3
79567 5
79581 1
79582 0
79582 2
79582 4
79582 5
79583 3
79595 1
79596 4
79597 0
79597 2
79597 4
79599 3
79611 1
79612 0
79612 2
79612 4
79612 5
79613 3
79625 1
79626 4
79627 0
79627 2
79627 4
79629 3
79641 1
79642 0
79642 2
79642 4
79642 5
79643 3
79655 1
79656 4
79657 0
79657 2
79657 4
79659 3
79671 1
79672 0
79672 2
79672 4
79672 5
79673 3
79685 1
79686 4
79687 0
79687 2
79687 4
79689 3
79701 1
79702 0
79702 2
79702 4
79702 5
79703 3
79715 1
79716 0
79716 4
79717 4
79718 2
79719 3
79731 0
79731 1
79732 4
79733 2
79733 3
79746 0
79747 1
79747 3
79747 5
79748 2
79761 0
79761 1
79762 4
79763 2
79763 3
79776 0
79777 1
79777 3
79777 5
79778 2
79791 0
79791 1
79792 4
79793 2
79793 3
79806 0
79807 1
79807 3
79807 4
79808 2
79821 0
79821 3
79822 5
79823 1
79823 2
79836 0
79837 1
79837 3
79837 4
79838 2
79851 0
79851 3
79852 5
79853 1
79853 2
79866 0
79867 1
79867 3
79867 5
79868 2
79881 0
79881 1
79882 4
79883 2
79883 3
79896 0
79897 1
79897 3
79897 4
79898 2
79911 0
79911 3
79912 5
79913 1
79913 2
79926 0
79927 1
79927 3
79927 4
79928 2
79941 0
79941 3
79942 4
79943 1
79943 2
79956 0
79956 3
79957 5
79958 1
79958 2
79971 0
79972 1
79972 3
79972 4
79973 2
79986 0
79986 3
79987 4
79988 1
79988 2
80000 3
80001 0
80001 5
80002 5
80003 2
80004 1
80016 3
80017 0
80017 2
80017 4
80017 5
80018 1
80030 3
80031 5
80032 0
80032 2
80032 5
80034 1
80046 3
80047 0
80047 2
80047 4
80047 5
80048 1
80060 3
80061 5
80062 0
80062 2
80062 5
80064 1
80076 3
80077 0
80077 2
80077 4
80077 5
80078 1
80090 3
80091 5
80092 0
80092 2
80092 4
80094 1
80104 3
80105 5
80106 2
80107 5
80108 0
80110 1
80111 4
80120 3
80121 2
80121 5
80122 5
80123 0
80124 1
80136 2
80136 3
80137 5
80138 0
80138 1
80151 2
80151 3
80152 4
80152 5
80153 0
80153 1
80165 3
80166 2
80166 5
80167 5
80168 0
80169 1
80180 2
80181 3
80182 5
80183 1
80184 0
80185 4
80195 2
80197 1
80197 3
80197 4
80199 0
80210 2
80211 3
80212 5
80213 1
80214 0
80215 4
80225 2
80227 1
80227 3
80227 5
80229 0
80240 2
80241 1
80242 4
80243 3
80244 0
80255 2
80257 1
80257 3
80257 5
80259 0
80270 2
80271 1
80272 5
80273 3
80274 0
80285 1
80285 2
80287 4
80289 0
80289 3
80301 2
80302 1
80302 3
80302 5
80303 0
80316 1
80316 2
80317 5
80318 0
80318 3
80330 1
80331 2
80331 4
80332 4
80333 0
80334 3
80346 1
80346 2
80347 5
80348 0
80348 3
80360 1
80361 2
80361 4
80362 5
80363 0
80364 3
80374 1
80375 4
80376 2
80377 4
80378 0
80380 3
80390 1
80391 4
80392 0
80392 2
80392 5
80394 3
80404 1
80405 4
80407 0
80407 2
80407 4
80410 3
80420 1
80421 4
80422 0
80422 2
80422 5
80424 3
80434 1
80435 4
80437 0
80437 2
80437 4
80440 3
80450 1
80451 0
80451 4
80452 5
80453 2
80454 3
80464 1
80465 4
80466 0
80467 4
80468 2
80470 3
80471 5
80480 1
80481 0
80481 4
80482 4
80483 2
80484 3
80496 0
80496 1
80497 4
80497 5
80498 2
80498 3
80510 1
80511 0
80511 4
80512 4
80513 2
80514 3
80525 0
80526 1
80527 4
80528 3
80529 2
80530 5
80540 0
80542 1
80542 3
80542 5
80544 2
80555 0
80555 1
80556 4
80557 4
80559 2
80559 3
80560 5
80570 0
80571 1
80572 4
80573 3
80574 2
80575 5
80585 0
80587 1
80587 3
80587 5
80589 2
80600 0
80601 1
80602 4
80603 3
80604 2
80605 5
80615 0
80617 1
80617 3
80617 4
80619 2
80630 0
80631 3
80632 4
80633 1
80634 2
80645 0
80645 3
80647 5
80649 1
80649 2
80660 0
80661 3
80662 4
80663 1
80664 2
80675 0
80675 3
80677 4
80679 1
80679 2
80690 3
80691 0
80691 5
80692 4
80693 2
80694 1
80704 3
80705 5
80706 0
80707 5
80708 2
80710 1
80720 3
80721 0
80721 5
80722 5
80723 2
80724 1
80736 0
80736 3
80737 5
80738 1
80738 2
80751 0
80752 1
80752 3
80752 4
80753 2
80766 0
80766 3
80767 4
80768 1
80768 2
80780 3
80781 5
80782 0
80782 2
80782 5
80784 1
80796 3
80797 0
80797 2
80797 4
80797 5
80798 1
80810 3
80811 5
80812 0
80812 2
80812 4
80814 1
80824 3
80825 5
80827 0
80827 2
80827 5
80830 1
80840 3
80841 5
80842 0
80842 2
80842 4
80844 1
80854 3
80855 5
80856 2
80857 5
80858 0
80860 1
80861 4
80870 3
80871 2
80871 5
80872 5
80873 0
80874 1
80886 2
80886 3
80887 4
80887 5
80888 0
80888 1
80900 3
80901 2
80901 5
80902 5
80903 0
80904 1
80916 2
80916 3
80917 4
80917 5
80918 0
80918 1
80930 2
80930 3
80931 5
80932 5
80934 0
80934 1
80935 4
80945 2
80945 3
80946 5
80947 4
80949 0
80949 1
80950 4
80959 3
80960 2
80960 5
80962 5
80964 0
80965 1
80966 4
80975 2
80975 3
80976 5
80977 5
80979 0
80979 1
80980 4
80990 2
80991 3
80992 5
80993 1
80994 0
80995 4
81005 2
81007 1
81007 3
81007 4
81009 0
81020 2
81021 3
81022 5
81023 1
81024 0
81025 4
81034 2
81037 1
81037 3
81037 5
81040 0
81049 2
81052 1
81052 3
81052 5
81055 0
81064 2
81066 1
81067 5
81068 3
81070 0
81080 1
81080 2
81082 5
81084 0
81084 3
81094 1
81095 2
81095 4
81097 5
81099 0
81100 3
81108 1
81109 4
81110 2
81112 4
81114 0
81116 3
81124 1
81125 2
81125 4
81127 4
81129 0
81130 3
81140 1
81141 2
81141 4
81142 4
81143 0
81144 3
81156 1
81156 2
81157 4
81158 0
81158 3
81171 2
81171 3
81172 5
81173 0
81173 1
81186 2
81187 1
81187 3
81187 5
81188 0
81201 1
81201 2
81202 5
81203 0
81203 3
81215 1
81216 2
81216 4
81217 5
81218 0
81219 3
81229 1
81230 4
81231 2
81232 5
81233 0
81235 3
81243 1
81244 4
81247 0
81247 2
81247 5
81251 3
81257 1
81258 4
81262 0
81262 2
81262 4
81267 3
81273 1
81274 4
81276 0
81277 5
81278 2
81281 3
81282 5
81287 1
81288 4
81291 0
81292 4
81293 2
81297 3
81298 5
81303 1
81304 4
81306 0
81307 4
81308 2
81311 3
81312 5
81319 1
81320 0
81320 4
81322 5
81324 2
81325 3
81326 5
81332 1
81333 4
81335 0
81337 4
81339 2
81342 3
81343 5
81348 1
81349 0
81349 4
81352 4
81355 2
81356 3
81357 5
81364 0
81364 1
81365 4
81367 4
81370 2
81370 3
81371 5
81379 0
81380 1
81381 4
81382 4
81384 3
81385 2
81386 5
81394 0
81396 1
81397 4
81398 3
81400 2
81401 5
81408 0
81412 1
81412 3
81412 4
81416 2
