32601 0
32602 1
32602 3
32602 4
32603 2
32616 0
32616 3
32617 4
32618 1
32618 2
32630 3
32631 0
32632 5
32633 2
32634 1
32646 3
32647 0
32647 2
32647 4
32648 1
32660 3
32662 0
32662 2
32662 5
32664 1
32676 3
32677 0
32677 2
32677 4
32678 1
32690 3
32692 0
32692 2
32692 5
32694 1
32706 3
32707 0
32707 2
32707 5
32708 1
32722 0
32722 1
32722 2
32722 3
32722 4
32736 3
32737 0
32737 2
32737 5
32738 1
32752 0
32752 1
32752 2
32752 3
32752 4
32766 3
32767 0
32767 2
32767 4
32768 1
32780 3
32782 0
32782 2
32782 5
32784 1
32796 3
32797 0
32797 2
32797 4
32798 1
32810 3
32812 0
32812 2
32812 4
32814 1
32824 3
32826 2
32827 5
32828 0
32830 1
32831 4
32840 3
32841 2
32842 4
32843 0
32844 1
32845 4
32854 3
32856 2
32857 5
32858 0
32860 1
32861 4
32870 3
32871 2
32872 5
32873 0
32874 1
32875 4
32885 2
32886 3
32887 4
32888 1
32889 0
32890 4
32900 2
32900 3
32901 5
32902 5
32904 0
32904 1
32905 4
32915 2
32916 3
32917 5
32918 1
32919 0
32920 4
32930 2
32932 1
32932 3
32932 5
32934 0
32945 2
32947 1
32947 3
32947 4
32949 0
32960 2
32961 3
32962 5
32963 1
32964 0
32965 4
32975 2
32977 1
32977 3
32977 4
32979 0
32990 2
32991 3
32992 5
32993 1
32994 0
32995 4
33005 2
33007 1
33007 3
33007 5
33009 0
33020 2
33021 1
33022 5
33023 3
33024 0
33035 1
33035 2
33037 5
33039 0
33039 3
33049 1
33050 2
33050 4
33052 5
33054 0
33055 3
33064 1
33065 2
33065 4
33067 5
33069 0
33070 3
33078 1
33079 4
33081 2
33082 4
33083 0
33086 3
33094 1
33095 4
33096 2
33097 4
33098 0
33100 3
33110 1
33111 2
33111 4
33112 5
33113 0
33114 3
33124 1
33125 4
33127 0
33127 2
33127 5
33130 3
33138 1
33139 4
33142 0
33142 2
33142 4
33146 3
33154 1
33155 4
33157 0
33157 2
33157 5
33160 3
33168 1
33169 4
33171 0
33172 4
33173 2
33176 3
33184 1
33185 4
33186 0
33187 5
33188 2
33190 3
33198 1
33199 4
33201 0
33202 4
33203 2
33206 3
33214 1
33215 0
33215 4
33217 5
33219 2
33220 3
33227 1
33228 4
33230 0
33232 4
33234 2
33237 3
33243 1
33244 0
33244 4
33247 4
33250 2
33251 3
33259 0
33259 1
33260 4
33262 4
33265 2
33265 3
33274 0
33275 1
33276 4
33277 4
33279 3
33280 2
33289 0
33291 1
33292 4
33293 3
33295 2
33303 0
33307 1
33307 3
33307 4
33311 2
33318 0
33322 1
33322 3
33322 4
33326 2
