24771 2
24772 1
24772 3
24772 5
24773 0
24786 1
24786 2
24787 4
24788 0
24788 3
24801 2
24802 1
24802 3
24802 5
24803 0
24816 1
24816 2
24817 4
24818 0
24818 3
24831 2
24832 1
24832 3
24832 5
24833 0
24846 1
24846 2
24847 4
24848 0
24848 3
24861 2
24862 1
24862 3
24862 5
24863 0
24876 1
24876 2
24877 5
24878 0
24878 3
24890 1
24891 2
24892 4
24893 0
24894 3
24907 0
24907 1
24907 2
24907 3
24907 5
24921 1
24922 0
24922 2
24922 5
24923 3
24935 1
24937 0
24937 2
24937 4
24939 3
24951 1
24952 0
24952 2
24952 4
24953 3
24967 0
24967 1
24967 2
24967 3
24967 4
24981 3
24982 0
24982 2
24982 5
24983 1
24997 0
24997 1
24997 2
24997 3
24997 5
25011 1
25012 0
25012 2
25012 4
25013 3
25027 0
25027 1
25027 2
25027 3
25027 5
25041 1
25042 0
25042 2
25042 5
25043 3
25055 1
25057 0
25057 2
25057 4
25059 3
25071 0
25071 1
25072 4
25072 5
25073 2
25073 3
25084 1
25086 0
25087 4
25087 5
25088 2
25090 3
25098 1
25101 0
25102 4
25103 2
25106 3
25114 1
25116 0
25117 4
25117 5
25118 2
25120 3
25128 1
25130 0
25131 4
25132 5
25134 2
25136 3
25142 1
25145 0
25147 4
25149 2
25152 3
25158 1
25160 0
25161 4
25162 4
25164 2
25166 3
25174 0
25174 1
25175 4
25177 4
25180 2
25180 3
25189 0
25190 1
25191 4
25192 5
25194 3
25195 2
25203 1
25204 0
25205 4
25207 5
25210 2
25211 3
25217 1
25218 0
25219 4
25222 5
25226 2
25227 3
