14617 0
14617 1
14617 2
14617 3
14617 5
14631 1
14632 0
14632 2
14632 4
14633 3
14647 0
14647 1
14647 2
14647 3
14647 4
14661 3
14662 0
14662 2
14662 5
14663 1
14677 0
14677 1
14677 2
14677 3
14677 4
14691 3
14692 0
14692 2
14692 4
14693 1
14705 3
14707 0
14707 2
14707 5
14709 1
14721 3
14722 0
14722 2
14722 5
14723 1
14737 0
14737 1
14737 2
14737 3
14737 5
14751 1
14752 0
14752 2
14752 4
14753 3
14767 0
14767 1
14767 2
14767 3
14767 5
14781 1
14782 0
14782 2
14782 5
14783 3
14795 1
14797 0
14797 2
14797 4
14799 3
14811 1
14812 0
14812 2
14812 5
14813 3
14825 1
14827 0
14827 2
14827 4
14829 3
14841 1
14842 0
14842 2
14842 4
14843 3
14857 0
14857 1
14857 2
14857 3
14857 4
14871 3
14872 0
14872 2
14872 5
14873 1
14887 0
14887 1
14887 2
14887 3
14887 5
14901 1
14902 0
14902 2
14902 4
14903 3
14917 0
14917 1
14917 2
14917 3
14917 4
14931 3
14932 0
14932 2
14932 5
14933 1
14947 0
14947 1
14947 2
14947 3
14947 5
14961 1
14962 0
14962 2
14962 4
14963 3
14977 0
14977 1
14977 2
14977 3
14977 5
14991 1
14992 0
14992 2
14992 4
14993 3
15007 0
15007 1
15007 2
15007 3
15007 4
15021 3
15022 0
15022 2
15022 5
15023 1
15037 0
15037 1
15037 2
15037 3
15037 4
15051 3
15052 0
15052 2
15052 5
15053 1
15067 0
15067 1
15067 2
15067 3
15067 4
15081 3
15082 0
15082 2
15082 4
15083 1
15095 3
15097 0
15097 2
15097 5
15099 1
15111 3
15112 0
15112 2
15112 5
15113 1
15127 0
15127 1
15127 2
15127 3
15127 4
15141 3
15142 0
15142 2
15142 5
15143 1
15157 0
15157 1
15157 2
15157 3
15157 4
15171 3
15172 0
15172 2
15172 5
15173 1
15187 0
15187 1
15187 2
15187 3
15187 4
15201 3
15202 0
15202 2
15202 5
15203 1
15217 0
15217 1
15217 2
15217 3
15217 5
15231 1
15232 0
15232 2
15232 4
15233 3
15247 0
15247 1
15247 2
15247 3
15247 4
15261 3
15262 0
15262 2
15262 4
15263 1
15275 3
15277 0
15277 2
15277 5
15279 1
15291 3
15292 0
15292 2
15292 4
15293 1
15305 3
15307 0
15307 2
15307 5
15309 1
15321 3
15322 0
15322 2
15322 5
15323 1
15337 0
15337 1
15337 2
15337 3
15337 5
15351 1
15352 0
15352 2
15352 5
15353 3
15365 1
15367 0
15367 2
15367 4
15369 3
15381 1
15382 0
15382 2
15382 4
15383 3
15397 0
15397 1
15397 2
15397 3
15397 4
15411 3
15412 0
15412 2
15412 5
15413 1
15427 0
15427 1
15427 2
15427 3
15427 4
15441 3
15442 0
15442 2
15442 5
15443 1
15457 0
15457 1
15457 2
15457 3
15457 5
15471 1
15472 0
15472 2
15472 4
15473 3
15487 0
15487 1
15487 2
15487 3
15487 5
15501 1
15502 0
15502 2
15502 5
15503 3
15515 1
15517 0
15517 2
15517 5
15519 3
15529 1
15532 0
15532 2
15532 4
15535 3
15545 1
15546 0
15547 4
15548 2
15549 3
15561 0
15561 1
15562 5
15563 2
15563 3
15575 1
15576 0
15577 5
15578 2
15579 3
15589 1
15591 0
15592 4
15593 2
15595 3
15605 0
15605 1
15607 4
15609 2
15609 3
15620 0
15620 1
15622 5
15624 2
15624 3
15634 1
15635 0
15637 4
15639 2
15640 3
15650 0
15650 1
15652 4
15654 2
15654 3
15665 0
15666 1
15667 4
15668 3
15669 2
15680 0
15682 1
15682 3
15682 4
15684 2
15695 0
15696 3
15697 4
15698 1
15699 2
15710 0
15710 3
15712 5
15714 1
15714 2
15725 0
15727 1
15727 3
15727 5
15729 2
15740 0
15741 1
15742 4
15743 3
15744 2
15755 0
15757 1
15757 3
15757 4
15759 2
15770 0
15771 3
15772 4
15773 1
15774 2
15785 0
15785 3
15787 4
15789 1
15789 2
15799 3
15800 0
15802 4
15804 2
15805 1
15813 3
15815 0
15817 5
15819 2
15821 1
15829 3
15831 0
15832 5
15833 2
15835 1
15846 0
15846 3
15847 4
15848 1
15848 2
15860 3
15861 0
15862 5
15863 2
15864 1
15876 0
15876 3
15877 5
15878 1
15878 2
15891 0
15892 1
15892 3
15892 5
15893 2
15906 1
15907 0
15907 2
15907 4
15908 3
15921 0
15922 1
15922 3
15922 4
15923 2
15936 0
15936 3
15937 4
15938 1
15938 2
15950 3
15952 0
15952 2
15952 5
15954 1
15966 3
15967 0
15967 2
15967 4
15968 1
15980 3
15982 0
15982 2
15982 5
15984 1
15996 3
15997 0
15997 2
15997 4
15998 1
16010 3
16012 0
16012 2
16012 5
16014 1
16026 3
16027 0
16027 2
16027 4
16028 1
16040 3
16041 2
16042 4
16043 0
16044 1
16054 3
16056 2
16057 5
16058 0
16060 1
16070 3
16071 2
16072 5
16073 0
16074 1
16086 2
16086 3
16087 4
16088 0
16088 1
16100 3
16101 2
16102 4
16103 0
16104 1
16113 3
16115 2
16117 4
16119 0
16121 1
16127 3
16130 2
16132 4
16134 0
16137 1
16141 3
16145 2
16147 5
16149 0
16153 1
16157 3
16159 2
16162 4
16165 0
16167 1
16171 3
16173 2
16177 4
16181 0
16183 1
