2340 tensor([[ 0.0152,  0.0380],
        [ 0.0399,  0.0603],
        [-0.0306, -0.0258],
        [-0.0683, -0.0591]], device='cuda:0')
2341 tensor([[ 0.0151,  0.0378],
        [ 0.0398,  0.0601],
        [-0.0305, -0.0256],
        [-0.0682, -0.0589]], device='cuda:0')
2342 tensor([[ 0.0149,  0.0377],
        [ 0.0398,  0.0600],
        [-0.0304, -0.0255],
        [-0.0681, -0.0588]], device='cuda:0')
2343 tensor([[ 0.0148,  0.0375],
        [ 0.0397,  0.0598],
        [-0.0303, -0.0253],
        [-0.0680, -0.0586]], device='cuda:0')
2344 tensor([[ 0.0147,  0.0374],
        [ 0.0396,  0.0597],
        [-0.0301, -0.0252],
        [-0.0680, -0.0585]], device='cuda:0')
2345 tensor([[ 0.0145,  0.0372],
        [ 0.0395,  0.0596],
        [-0.0300, -0.0250],
        [-0.0679, -0.0583]], device='cuda:0')
2346 tensor([[ 0.0144,  0.0371],
        [ 0.0394,  0.0594],
        [-0.0299, -0.0249],
        [-0.0678, -0.0582]], device='cuda:0')
2347 tensor([[ 0.0143,  0.0369],
        [ 0.0394,  0.0593],
        [-0.0298, -0.0247],
        [-0.0678, -0.0580]], device='cuda:0')
2348 tensor([[ 0.0141,  0.0368],
        [ 0.0393,  0.0592],
        [-0.0296, -0.0246],
        [-0.0677, -0.0579]], device='cuda:0')
2349 tensor([[ 0.0140,  0.0366],
        [ 0.0392,  0.0590],
        [-0.0295, -0.0244],
        [-0.0676, -0.0578]], device='cuda:0')
2350 tensor([[ 0.0139,  0.0365],
        [ 0.0392,  0.0589],
        [-0.0294, -0.0243],
        [-0.0676, -0.0576]], device='cuda:0')
2351 tensor([[ 0.0138,  0.0363],
        [ 0.0391,  0.0587],
        [-0.0293, -0.0242],
        [-0.0675, -0.0575]], device='cuda:0')
2352 tensor([[ 0.0137,  0.0362],
        [ 0.0390,  0.0586],
        [-0.0291, -0.0240],
        [-0.0674, -0.0574]], device='cuda:0')
2353 tensor([[ 0.0136,  0.0360],
        [ 0.0390,  0.0585],
        [-0.0290, -0.0239],
        [-0.0674, -0.0572]], device='cuda:0')
2354 tensor([[ 0.0134,  0.0359],
        [ 0.0389,  0.0583],
        [-0.0289, -0.0237],
        [-0.0673, -0.0571]], device='cuda:0')
2355 tensor([[ 0.0133,  0.0357],
        [ 0.0388,  0.0582],
        [-0.0288, -0.0236],
        [-0.0672, -0.0570]], device='cuda:0')
2356 tensor([[ 0.0132,  0.0356],
        [ 0.0388,  0.0581],
        [-0.0287, -0.0235],
        [-0.0671, -0.0569]], device='cuda:0')
2357 tensor([[ 0.0131,  0.0354],
        [ 0.0387,  0.0579],
        [-0.0285, -0.0233],
        [-0.0671, -0.0567]], device='cuda:0')
2358 tensor([[ 0.0130,  0.0353],
        [ 0.0386,  0.0578],
        [-0.0284, -0.0232],
        [-0.0670, -0.0566]], device='cuda:0')
2359 tensor([[ 0.0129,  0.0352],
        [ 0.0386,  0.0577],
        [-0.0283, -0.0231],
        [-0.0669, -0.0565]], device='cuda:0')
2360 tensor([[ 0.0128,  0.0350],
        [ 0.0385,  0.0575],
        [-0.0282, -0.0229],
        [-0.0669, -0.0564]], device='cuda:0')
2361 tensor([[ 0.0127,  0.0349],
        [ 0.0384,  0.0574],
        [-0.0281, -0.0228],
        [-0.0668, -0.0562]], device='cuda:0')
2362 tensor([[ 0.0125,  0.0347],
        [ 0.0384,  0.0573],
        [-0.0280, -0.0227],
        [-0.0668, -0.0561]], device='cuda:0')
2363 tensor([[ 0.0124,  0.0346],
        [ 0.0383,  0.0572],
        [-0.0278, -0.0225],
        [-0.0667, -0.0559]], device='cuda:0')
2364 tensor([[ 0.0123,  0.0345],
        [ 0.0382,  0.0570],
        [-0.0277, -0.0224],
        [-0.0666, -0.0558]], device='cuda:0')
2365 tensor([[ 0.0122,  0.0343],
        [ 0.0382,  0.0568],
        [-0.0276, -0.0223],
        [-0.0666, -0.0556]], device='cuda:0')
2366 tensor([[ 0.0121,  0.0342],
        [ 0.0381,  0.0567],
        [-0.0275, -0.0221],
        [-0.0665, -0.0554]], device='cuda:0')
2367 tensor([[ 0.0120,  0.0341],
        [ 0.0380,  0.0565],
        [-0.0274, -0.0220],
        [-0.0665, -0.0553]], device='cuda:0')
2368 tensor([[ 0.0119,  0.0339],
        [ 0.0380,  0.0564],
        [-0.0273, -0.0219],
        [-0.0664, -0.0551]], device='cuda:0')
2369 tensor([[ 0.0118,  0.0338],
        [ 0.0379,  0.0562],
        [-0.0272, -0.0217],
        [-0.0663, -0.0550]], device='cuda:0')
2370 tensor([[ 0.0116,  0.0337],
        [ 0.0378,  0.0561],
        [-0.0271, -0.0216],
        [-0.0663, -0.0548]], device='cuda:0')
2371 tensor([[ 0.0115,  0.0336],
        [ 0.0378,  0.0559],
        [-0.0270, -0.0215],
        [-0.0662, -0.0546]], device='cuda:0')
2372 tensor([[ 0.0114,  0.0334],
        [ 0.0377,  0.0558],
        [-0.0269, -0.0213],
        [-0.0662, -0.0545]], device='cuda:0')
2373 tensor([[ 0.0113,  0.0333],
        [ 0.0376,  0.0556],
        [-0.0268, -0.0212],
        [-0.0661, -0.0543]], device='cuda:0')
2374 tensor([[ 0.0112,  0.0332],
        [ 0.0376,  0.0555],
        [-0.0267, -0.0211],
        [-0.0661, -0.0542]], device='cuda:0')
2375 tensor([[ 0.0111,  0.0331],
        [ 0.0375,  0.0553],
        [-0.0266, -0.0209],
        [-0.0660, -0.0540]], device='cuda:0')
2376 tensor([[ 0.0110,  0.0329],
        [ 0.0375,  0.0551],
        [-0.0265, -0.0208],
        [-0.0659, -0.0538]], device='cuda:0')
2377 tensor([[ 0.0109,  0.0328],
        [ 0.0374,  0.0550],
        [-0.0264, -0.0207],
        [-0.0659, -0.0537]], device='cuda:0')
2378 tensor([[ 0.0108,  0.0327],
        [ 0.0373,  0.0549],
        [-0.0263, -0.0206],
        [-0.0658, -0.0535]], device='cuda:0')
2379 tensor([[ 0.0107,  0.0326],
        [ 0.0373,  0.0547],
        [-0.0262, -0.0204],
        [-0.0658, -0.0534]], device='cuda:0')
2380 tensor([[ 0.0106,  0.0324],
        [ 0.0372,  0.0546],
        [-0.0261, -0.0203],
        [-0.0657, -0.0532]], device='cuda:0')
2381 tensor([[ 0.0105,  0.0323],
        [ 0.0371,  0.0544],
        [-0.0260, -0.0202],
        [-0.0657, -0.0531]], device='cuda:0')
2382 tensor([[ 0.0104,  0.0322],
        [ 0.0371,  0.0543],
        [-0.0259, -0.0201],
        [-0.0656, -0.0529]], device='cuda:0')
2383 tensor([[ 0.0103,  0.0321],
        [ 0.0370,  0.0541],
        [-0.0258, -0.0199],
        [-0.0656, -0.0528]], device='cuda:0')
2384 tensor([[ 0.0101,  0.0320],
        [ 0.0370,  0.0540],
        [-0.0257, -0.0198],
        [-0.0655, -0.0526]], device='cuda:0')
2385 tensor([[ 0.0100,  0.0318],
        [ 0.0369,  0.0538],
        [-0.0256, -0.0197],
        [-0.0655, -0.0525]], device='cuda:0')
2386 tensor([[ 0.0099,  0.0317],
        [ 0.0368,  0.0537],
        [-0.0255, -0.0196],
        [-0.0654, -0.0523]], device='cuda:0')
2387 tensor([[ 0.0098,  0.0316],
        [ 0.0368,  0.0536],
        [-0.0254, -0.0195],
        [-0.0654, -0.0522]], device='cuda:0')
2388 tensor([[ 0.0097,  0.0315],
        [ 0.0367,  0.0534],
        [-0.0253, -0.0193],
        [-0.0653, -0.0520]], device='cuda:0')
2389 tensor([[ 0.0096,  0.0314],
        [ 0.0367,  0.0533],
        [-0.0252, -0.0192],
        [-0.0653, -0.0519]], device='cuda:0')
2390 tensor([[ 0.0095,  0.0313],
        [ 0.0366,  0.0532],
        [-0.0251, -0.0191],
        [-0.0652, -0.0518]], device='cuda:0')
2391 tensor([[ 0.0094,  0.0312],
        [ 0.0365,  0.0530],
        [-0.0250, -0.0190],
        [-0.0652, -0.0516]], device='cuda:0')
2392 tensor([[ 0.0093,  0.0310],
        [ 0.0365,  0.0529],
        [-0.0249, -0.0189],
        [-0.0651, -0.0515]], device='cuda:0')
2393 tensor([[ 0.0093,  0.0309],
        [ 0.0365,  0.0527],
        [-0.0248, -0.0188],
        [-0.0651, -0.0513]], device='cuda:0')
2394 tensor([[ 0.0092,  0.0308],
        [ 0.0365,  0.0526],
        [-0.0247, -0.0187],
        [-0.0650, -0.0512]], device='cuda:0')
2395 tensor([[ 0.0091,  0.0307],
        [ 0.0364,  0.0524],
        [-0.0246, -0.0185],
        [-0.0650, -0.0511]], device='cuda:0')
2396 tensor([[ 0.0090,  0.0306],
        [ 0.0364,  0.0523],
        [-0.0245, -0.0184],
        [-0.0650, -0.0509]], device='cuda:0')
2397 tensor([[ 0.0089,  0.0305],
        [ 0.0364,  0.0522],
        [-0.0244, -0.0183],
        [-0.0650, -0.0508]], device='cuda:0')
2398 tensor([[ 0.0088,  0.0303],
        [ 0.0364,  0.0520],
        [-0.0243, -0.0182],
        [-0.0650, -0.0507]], device='cuda:0')
2399 tensor([[ 0.0087,  0.0302],
        [ 0.0364,  0.0519],
        [-0.0242, -0.0181],
        [-0.0650, -0.0505]], device='cuda:0')
2400 tensor([[ 0.0086,  0.0301],
        [ 0.0364,  0.0518],
        [-0.0242, -0.0180],
        [-0.0649, -0.0504]], device='cuda:0')
2401 tensor([[ 0.0085,  0.0300],
        [ 0.0364,  0.0516],
        [-0.0241, -0.0179],
        [-0.0649, -0.0503]], device='cuda:0')
2402 tensor([[ 0.0084,  0.0299],
        [ 0.0364,  0.0515],
        [-0.0240, -0.0178],
        [-0.0649, -0.0501]], device='cuda:0')
2403 tensor([[ 0.0084,  0.0298],
        [ 0.0363,  0.0514],
        [-0.0239, -0.0177],
        [-0.0649, -0.0500]], device='cuda:0')
2404 tensor([[ 0.0083,  0.0297],
        [ 0.0363,  0.0512],
        [-0.0238, -0.0176],
        [-0.0649, -0.0499]], device='cuda:0')
2405 tensor([[ 0.0082,  0.0296],
        [ 0.0363,  0.0511],
        [-0.0237, -0.0175],
        [-0.0649, -0.0498]], device='cuda:0')
2406 tensor([[ 0.0081,  0.0294],
        [ 0.0363,  0.0510],
        [-0.0236, -0.0174],
        [-0.0648, -0.0496]], device='cuda:0')
2407 tensor([[ 0.0080,  0.0293],
        [ 0.0363,  0.0508],
        [-0.0235, -0.0173],
        [-0.0648, -0.0495]], device='cuda:0')
2408 tensor([[ 0.0079,  0.0292],
        [ 0.0363,  0.0507],
        [-0.0234, -0.0172],
        [-0.0648, -0.0494]], device='cuda:0')
2409 tensor([[ 0.0078,  0.0291],
        [ 0.0363,  0.0506],
        [-0.0233, -0.0171],
        [-0.0648, -0.0492]], device='cuda:0')
2410 tensor([[ 0.0077,  0.0290],
        [ 0.0362,  0.0504],
        [-0.0232, -0.0170],
        [-0.0648, -0.0491]], device='cuda:0')
2411 tensor([[ 0.0077,  0.0289],
        [ 0.0362,  0.0503],
        [-0.0232, -0.0169],
        [-0.0648, -0.0490]], device='cuda:0')
2412 tensor([[ 0.0076,  0.0288],
        [ 0.0362,  0.0502],
        [-0.0231, -0.0168],
        [-0.0648, -0.0488]], device='cuda:0')
2413 tensor([[ 0.0075,  0.0287],
        [ 0.0362,  0.0501],
        [-0.0230, -0.0167],
        [-0.0648, -0.0487]], device='cuda:0')
2414 tensor([[ 0.0074,  0.0286],
        [ 0.0362,  0.0500],
        [-0.0229, -0.0165],
        [-0.0648, -0.0486]], device='cuda:0')
2415 tensor([[ 0.0073,  0.0285],
        [ 0.0361,  0.0498],
        [-0.0228, -0.0164],
        [-0.0647, -0.0485]], device='cuda:0')
2416 tensor([[ 0.0072,  0.0284],
        [ 0.0361,  0.0497],
        [-0.0228, -0.0163],
        [-0.0647, -0.0483]], device='cuda:0')
2417 tensor([[ 0.0071,  0.0283],
        [ 0.0361,  0.0496],
        [-0.0227, -0.0162],
        [-0.0647, -0.0482]], device='cuda:0')
2418 tensor([[ 0.0071,  0.0282],
        [ 0.0361,  0.0495],
        [-0.0226, -0.0161],
        [-0.0647, -0.0481]], device='cuda:0')
2419 tensor([[ 0.0070,  0.0281],
        [ 0.0361,  0.0494],
        [-0.0225, -0.0160],
        [-0.0647, -0.0480]], device='cuda:0')
2420 tensor([[ 0.0069,  0.0280],
        [ 0.0361,  0.0492],
        [-0.0224, -0.0159],
        [-0.0647, -0.0478]], device='cuda:0')
2421 tensor([[ 0.0068,  0.0279],
        [ 0.0360,  0.0491],
        [-0.0224, -0.0158],
        [-0.0647, -0.0477]], device='cuda:0')
2422 tensor([[ 0.0067,  0.0278],
        [ 0.0360,  0.0490],
        [-0.0223, -0.0157],
        [-0.0647, -0.0476]], device='cuda:0')
2423 tensor([[ 0.0066,  0.0277],
        [ 0.0360,  0.0489],
        [-0.0222, -0.0156],
        [-0.0647, -0.0475]], device='cuda:0')
2424 tensor([[ 0.0066,  0.0277],
        [ 0.0360,  0.0488],
        [-0.0221, -0.0155],
        [-0.0647, -0.0474]], device='cuda:0')
2425 tensor([[ 0.0065,  0.0276],
        [ 0.0360,  0.0488],
        [-0.0220, -0.0154],
        [-0.0647, -0.0473]], device='cuda:0')
2426 tensor([[ 0.0064,  0.0275],
        [ 0.0360,  0.0487],
        [-0.0220, -0.0154],
        [-0.0646, -0.0472]], device='cuda:0')
2427 tensor([[ 0.0063,  0.0274],
        [ 0.0359,  0.0486],
        [-0.0219, -0.0153],
        [-0.0646, -0.0471]], device='cuda:0')
2428 tensor([[ 0.0062,  0.0273],
        [ 0.0359,  0.0485],
        [-0.0218, -0.0152],
        [-0.0646, -0.0471]], device='cuda:0')
2429 tensor([[ 0.0061,  0.0272],
        [ 0.0359,  0.0485],
        [-0.0217, -0.0151],
        [-0.0646, -0.0470]], device='cuda:0')
2430 tensor([[ 0.0061,  0.0271],
        [ 0.0359,  0.0484],
        [-0.0217, -0.0150],
        [-0.0646, -0.0469]], device='cuda:0')
2431 tensor([[ 0.0060,  0.0270],
        [ 0.0359,  0.0483],
        [-0.0216, -0.0149],
        [-0.0646, -0.0468]], device='cuda:0')
2432 tensor([[ 0.0059,  0.0269],
        [ 0.0359,  0.0482],
        [-0.0215, -0.0148],
        [-0.0646, -0.0467]], device='cuda:0')
2433 tensor([[ 0.0058,  0.0268],
        [ 0.0359,  0.0482],
        [-0.0214, -0.0147],
        [-0.0646, -0.0467]], device='cuda:0')
2434 tensor([[ 0.0057,  0.0267],
        [ 0.0358,  0.0481],
        [-0.0214, -0.0146],
        [-0.0646, -0.0466]], device='cuda:0')
2435 tensor([[ 0.0057,  0.0267],
        [ 0.0358,  0.0480],
        [-0.0213, -0.0145],
        [-0.0646, -0.0465]], device='cuda:0')
2436 tensor([[ 0.0056,  0.0266],
        [ 0.0358,  0.0479],
        [-0.0212, -0.0144],
        [-0.0646, -0.0464]], device='cuda:0')
2437 tensor([[ 0.0055,  0.0265],
        [ 0.0358,  0.0479],
        [-0.0212, -0.0143],
        [-0.0645, -0.0464]], device='cuda:0')
2438 tensor([[ 0.0054,  0.0264],
        [ 0.0358,  0.0478],
        [-0.0211, -0.0142],
        [-0.0645, -0.0463]], device='cuda:0')
2439 tensor([[ 0.0054,  0.0263],
        [ 0.0358,  0.0478],
        [-0.0210, -0.0141],
        [-0.0645, -0.0462]], device='cuda:0')
2440 tensor([[ 0.0053,  0.0262],
        [ 0.0357,  0.0477],
        [-0.0209, -0.0140],
        [-0.0645, -0.0461]], device='cuda:0')
2441 tensor([[ 0.0052,  0.0261],
        [ 0.0357,  0.0477],
        [-0.0209, -0.0140],
        [-0.0645, -0.0461]], device='cuda:0')
2442 tensor([[ 0.0051,  0.0260],
        [ 0.0357,  0.0477],
        [-0.0208, -0.0139],
        [-0.0645, -0.0461]], device='cuda:0')
2443 tensor([[ 0.0051,  0.0260],
        [ 0.0357,  0.0476],
        [-0.0207, -0.0138],
        [-0.0645, -0.0460]], device='cuda:0')
2444 tensor([[ 0.0050,  0.0259],
        [ 0.0357,  0.0476],
        [-0.0207, -0.0137],
        [-0.0645, -0.0460]], device='cuda:0')
2445 tensor([[ 0.0049,  0.0258],
        [ 0.0357,  0.0475],
        [-0.0206, -0.0136],
        [-0.0645, -0.0459]], device='cuda:0')
2446 tensor([[ 0.0048,  0.0257],
        [ 0.0356,  0.0475],
        [-0.0205, -0.0135],
        [-0.0645, -0.0459]], device='cuda:0')
2447 tensor([[ 0.0048,  0.0256],
        [ 0.0356,  0.0475],
        [-0.0205, -0.0134],
        [-0.0645, -0.0458]], device='cuda:0')
2448 tensor([[ 0.0047,  0.0255],
        [ 0.0356,  0.0474],
        [-0.0204, -0.0133],
        [-0.0645, -0.0458]], device='cuda:0')
2449 tensor([[ 0.0046,  0.0255],
        [ 0.0356,  0.0474],
        [-0.0203, -0.0133],
        [-0.0645, -0.0457]], device='cuda:0')
2450 tensor([[ 0.0045,  0.0254],
        [ 0.0356,  0.0473],
        [-0.0203, -0.0132],
        [-0.0644, -0.0457]], device='cuda:0')
2451 tensor([[ 0.0045,  0.0253],
        [ 0.0356,  0.0473],
        [-0.0202, -0.0131],
        [-0.0644, -0.0457]], device='cuda:0')
2452 tensor([[ 0.0044,  0.0252],
        [ 0.0356,  0.0473],
        [-0.0201, -0.0130],
        [-0.0644, -0.0456]], device='cuda:0')
2453 tensor([[ 0.0043,  0.0251],
        [ 0.0356,  0.0472],
        [-0.0200, -0.0129],
        [-0.0644, -0.0456]], device='cuda:0')
2454 tensor([[ 0.0043,  0.0251],
        [ 0.0356,  0.0472],
        [-0.0200, -0.0128],
        [-0.0644, -0.0455]], device='cuda:0')
2455 tensor([[ 0.0042,  0.0250],
        [ 0.0356,  0.0471],
        [-0.0199, -0.0128],
        [-0.0644, -0.0455]], device='cuda:0')
2456 tensor([[ 0.0041,  0.0249],
        [ 0.0356,  0.0471],
        [-0.0198, -0.0127],
        [-0.0644, -0.0455]], device='cuda:0')
2457 tensor([[ 0.0041,  0.0248],
        [ 0.0357,  0.0470],
        [-0.0198, -0.0126],
        [-0.0644, -0.0454]], device='cuda:0')
2458 tensor([[ 0.0040,  0.0247],
        [ 0.0357,  0.0470],
        [-0.0197, -0.0125],
        [-0.0644, -0.0454]], device='cuda:0')
2459 tensor([[ 0.0040,  0.0246],
        [ 0.0357,  0.0469],
        [-0.0196, -0.0125],
        [-0.0644, -0.0453]], device='cuda:0')
2460 tensor([[ 0.0039,  0.0245],
        [ 0.0357,  0.0469],
        [-0.0196, -0.0124],
        [-0.0645, -0.0453]], device='cuda:0')
2461 tensor([[ 0.0038,  0.0245],
        [ 0.0357,  0.0468],
        [-0.0195, -0.0123],
        [-0.0645, -0.0453]], device='cuda:0')
2462 tensor([[ 0.0038,  0.0244],
        [ 0.0357,  0.0468],
        [-0.0194, -0.0122],
        [-0.0645, -0.0452]], device='cuda:0')
2463 tensor([[ 0.0037,  0.0243],
        [ 0.0358,  0.0468],
        [-0.0194, -0.0122],
        [-0.0645, -0.0452]], device='cuda:0')
2464 tensor([[ 0.0036,  0.0242],
        [ 0.0358,  0.0467],
        [-0.0193, -0.0121],
        [-0.0645, -0.0452]], device='cuda:0')
2465 tensor([[ 0.0036,  0.0241],
        [ 0.0358,  0.0467],
        [-0.0192, -0.0120],
        [-0.0645, -0.0451]], device='cuda:0')
2466 tensor([[ 0.0035,  0.0241],
        [ 0.0358,  0.0466],
        [-0.0192, -0.0120],
        [-0.0645, -0.0451]], device='cuda:0')
2467 tensor([[ 0.0035,  0.0240],
        [ 0.0358,  0.0466],
        [-0.0191, -0.0119],
        [-0.0645, -0.0451]], device='cuda:0')
2468 tensor([[ 0.0034,  0.0239],
        [ 0.0359,  0.0465],
        [-0.0190, -0.0118],
        [-0.0646, -0.0450]], device='cuda:0')
2469 tensor([[ 0.0034,  0.0238],
        [ 0.0359,  0.0465],
        [-0.0190, -0.0117],
        [-0.0646, -0.0450]], device='cuda:0')
2470 tensor([[ 0.0034,  0.0237],
        [ 0.0360,  0.0465],
        [-0.0190, -0.0117],
        [-0.0646, -0.0450]], device='cuda:0')
2471 tensor([[ 0.0034,  0.0237],
        [ 0.0360,  0.0464],
        [-0.0189, -0.0116],
        [-0.0646, -0.0449]], device='cuda:0')
2472 tensor([[ 0.0034,  0.0236],
        [ 0.0361,  0.0464],
        [-0.0189, -0.0115],
        [-0.0647, -0.0449]], device='cuda:0')
2473 tensor([[ 0.0033,  0.0235],
        [ 0.0361,  0.0463],
        [-0.0189, -0.0115],
        [-0.0647, -0.0449]], device='cuda:0')
2474 tensor([[ 0.0033,  0.0234],
        [ 0.0362,  0.0463],
        [-0.0188, -0.0114],
        [-0.0648, -0.0448]], device='cuda:0')
2475 tensor([[ 0.0033,  0.0234],
        [ 0.0362,  0.0462],
        [-0.0188, -0.0113],
        [-0.0648, -0.0448]], device='cuda:0')
2476 tensor([[ 0.0033,  0.0233],
        [ 0.0362,  0.0462],
        [-0.0188, -0.0113],
        [-0.0648, -0.0448]], device='cuda:0')
2477 tensor([[ 0.0033,  0.0232],
        [ 0.0363,  0.0462],
        [-0.0188, -0.0112],
        [-0.0649, -0.0447]], device='cuda:0')
2478 tensor([[ 0.0032,  0.0231],
        [ 0.0363,  0.0461],
        [-0.0187, -0.0111],
        [-0.0649, -0.0447]], device='cuda:0')
2479 tensor([[ 0.0032,  0.0231],
        [ 0.0364,  0.0461],
        [-0.0187, -0.0111],
        [-0.0650, -0.0447]], device='cuda:0')
2480 tensor([[ 0.0032,  0.0230],
        [ 0.0364,  0.0460],
        [-0.0187, -0.0110],
        [-0.0650, -0.0446]], device='cuda:0')
2481 tensor([[ 0.0032,  0.0229],
        [ 0.0365,  0.0460],
        [-0.0187, -0.0109],
        [-0.0650, -0.0446]], device='cuda:0')
2482 tensor([[ 0.0032,  0.0228],
        [ 0.0365,  0.0460],
        [-0.0186, -0.0109],
        [-0.0651, -0.0446]], device='cuda:0')
2483 tensor([[ 0.0032,  0.0228],
        [ 0.0366,  0.0459],
        [-0.0186, -0.0108],
        [-0.0651, -0.0445]], device='cuda:0')
2484 tensor([[ 0.0032,  0.0227],
        [ 0.0367,  0.0459],
        [-0.0186, -0.0107],
        [-0.0652, -0.0445]], device='cuda:0')
2485 tensor([[ 0.0032,  0.0226],
        [ 0.0367,  0.0458],
        [-0.0186, -0.0107],
        [-0.0653, -0.0445]], device='cuda:0')
2486 tensor([[ 0.0032,  0.0225],
        [ 0.0368,  0.0458],
        [-0.0186, -0.0106],
        [-0.0653, -0.0444]], device='cuda:0')
2487 tensor([[ 0.0032,  0.0225],
        [ 0.0369,  0.0458],
        [-0.0186, -0.0105],
        [-0.0654, -0.0444]], device='cuda:0')
2488 tensor([[ 0.0033,  0.0224],
        [ 0.0370,  0.0457],
        [-0.0186, -0.0105],
        [-0.0655, -0.0444]], device='cuda:0')
2489 tensor([[ 0.0033,  0.0223],
        [ 0.0371,  0.0457],
        [-0.0187, -0.0104],
        [-0.0655, -0.0443]], device='cuda:0')
2490 tensor([[ 0.0033,  0.0223],
        [ 0.0371,  0.0456],
        [-0.0187, -0.0103],
        [-0.0656, -0.0443]], device='cuda:0')
2491 tensor([[ 0.0033,  0.0222],
        [ 0.0372,  0.0456],
        [-0.0187, -0.0103],
        [-0.0657, -0.0443]], device='cuda:0')
2492 tensor([[ 0.0033,  0.0221],
        [ 0.0373,  0.0456],
        [-0.0187, -0.0102],
        [-0.0658, -0.0443]], device='cuda:0')
2493 tensor([[ 0.0033,  0.0220],
        [ 0.0374,  0.0455],
        [-0.0187, -0.0102],
        [-0.0658, -0.0442]], device='cuda:0')
2494 tensor([[ 0.0034,  0.0220],
        [ 0.0374,  0.0455],
        [-0.0187, -0.0101],
        [-0.0659, -0.0442]], device='cuda:0')
2495 tensor([[ 0.0034,  0.0219],
        [ 0.0375,  0.0455],
        [-0.0187, -0.0100],
        [-0.0660, -0.0442]], device='cuda:0')
2496 tensor([[ 0.0034,  0.0218],
        [ 0.0376,  0.0454],
        [-0.0187, -0.0100],
        [-0.0660, -0.0441]], device='cuda:0')
2497 tensor([[ 0.0034,  0.0218],
        [ 0.0377,  0.0454],
        [-0.0187, -0.0099],
        [-0.0661, -0.0441]], device='cuda:0')
2498 tensor([[ 0.0035,  0.0217],
        [ 0.0377,  0.0453],
        [-0.0187, -0.0099],
        [-0.0662, -0.0441]], device='cuda:0')
2499 tensor([[ 0.0035,  0.0216],
        [ 0.0378,  0.0453],
        [-0.0188, -0.0098],
        [-0.0662, -0.0441]], device='cuda:0')
2500 tensor([[ 0.0036,  0.0216],
        [ 0.0379,  0.0453],
        [-0.0188, -0.0097],
        [-0.0663, -0.0440]], device='cuda:0')
2501 tensor([[ 0.0036,  0.0215],
        [ 0.0380,  0.0452],
        [-0.0189, -0.0097],
        [-0.0664, -0.0440]], device='cuda:0')
2502 tensor([[ 0.0037,  0.0214],
        [ 0.0380,  0.0452],
        [-0.0189, -0.0096],
        [-0.0664, -0.0440]], device='cuda:0')
2503 tensor([[ 0.0037,  0.0214],
        [ 0.0381,  0.0452],
        [-0.0190, -0.0096],
        [-0.0665, -0.0439]], device='cuda:0')
2504 tensor([[ 0.0038,  0.0213],
        [ 0.0382,  0.0451],
        [-0.0190, -0.0095],
        [-0.0666, -0.0439]], device='cuda:0')
2505 tensor([[ 0.0038,  0.0212],
        [ 0.0382,  0.0451],
        [-0.0191, -0.0094],
        [-0.0666, -0.0439]], device='cuda:0')
2506 tensor([[ 0.0039,  0.0212],
        [ 0.0383,  0.0451],
        [-0.0191, -0.0094],
        [-0.0667, -0.0439]], device='cuda:0')
2507 tensor([[ 0.0039,  0.0211],
        [ 0.0384,  0.0450],
        [-0.0192, -0.0093],
        [-0.0668, -0.0438]], device='cuda:0')
2508 tensor([[ 0.0040,  0.0210],
        [ 0.0384,  0.0450],
        [-0.0192, -0.0093],
        [-0.0668, -0.0438]], device='cuda:0')
2509 tensor([[ 0.0040,  0.0210],
        [ 0.0385,  0.0450],
        [-0.0192, -0.0092],
        [-0.0669, -0.0438]], device='cuda:0')
2510 tensor([[ 0.0041,  0.0209],
        [ 0.0386,  0.0449],
        [-0.0193, -0.0092],
        [-0.0670, -0.0437]], device='cuda:0')
2511 tensor([[ 0.0041,  0.0209],
        [ 0.0387,  0.0449],
        [-0.0193, -0.0091],
        [-0.0670, -0.0437]], device='cuda:0')
2512 tensor([[ 0.0042,  0.0208],
        [ 0.0387,  0.0448],
        [-0.0194, -0.0090],
        [-0.0671, -0.0437]], device='cuda:0')
2513 tensor([[ 0.0042,  0.0208],
        [ 0.0388,  0.0448],
        [-0.0194, -0.0090],
        [-0.0672, -0.0436]], device='cuda:0')
2514 tensor([[ 0.0042,  0.0208],
        [ 0.0389,  0.0448],
        [-0.0195, -0.0090],
        [-0.0672, -0.0436]], device='cuda:0')
2515 tensor([[ 0.0043,  0.0207],
        [ 0.0389,  0.0447],
        [-0.0195, -0.0089],
        [-0.0673, -0.0435]], device='cuda:0')
2516 tensor([[ 0.0043,  0.0207],
        [ 0.0390,  0.0446],
        [-0.0196, -0.0089],
        [-0.0674, -0.0434]], device='cuda:0')
2517 tensor([[ 0.0044,  0.0207],
        [ 0.0390,  0.0446],
        [-0.0196, -0.0089],
        [-0.0674, -0.0433]], device='cuda:0')
2518 tensor([[ 0.0044,  0.0207],
        [ 0.0391,  0.0445],
        [-0.0197, -0.0089],
        [-0.0675, -0.0433]], device='cuda:0')
2519 tensor([[ 0.0044,  0.0207],
        [ 0.0392,  0.0444],
        [-0.0197, -0.0089],
        [-0.0676, -0.0432]], device='cuda:0')
2520 tensor([[ 0.0045,  0.0206],
        [ 0.0392,  0.0444],
        [-0.0198, -0.0088],
        [-0.0676, -0.0431]], device='cuda:0')
2521 tensor([[ 0.0045,  0.0206],
        [ 0.0393,  0.0443],
        [-0.0198, -0.0088],
        [-0.0677, -0.0431]], device='cuda:0')
2522 tensor([[ 0.0046,  0.0206],
        [ 0.0393,  0.0442],
        [-0.0198, -0.0088],
        [-0.0678, -0.0430]], device='cuda:0')
2523 tensor([[ 0.0046,  0.0206],
        [ 0.0394,  0.0442],
        [-0.0199, -0.0088],
        [-0.0678, -0.0429]], device='cuda:0')
2524 tensor([[ 0.0046,  0.0206],
        [ 0.0394,  0.0441],
        [-0.0199, -0.0087],
        [-0.0679, -0.0429]], device='cuda:0')
2525 tensor([[ 0.0047,  0.0206],
        [ 0.0395,  0.0440],
        [-0.0200, -0.0087],
        [-0.0680, -0.0428]], device='cuda:0')
2526 tensor([[ 0.0047,  0.0205],
        [ 0.0396,  0.0440],
        [-0.0200, -0.0087],
        [-0.0680, -0.0427]], device='cuda:0')
2527 tensor([[ 0.0048,  0.0205],
        [ 0.0396,  0.0439],
        [-0.0201, -0.0087],
        [-0.0681, -0.0427]], device='cuda:0')
2528 tensor([[ 0.0048,  0.0205],
        [ 0.0397,  0.0439],
        [-0.0201, -0.0087],
        [-0.0681, -0.0426]], device='cuda:0')
2529 tensor([[ 0.0049,  0.0205],
        [ 0.0397,  0.0438],
        [-0.0202, -0.0086],
        [-0.0682, -0.0425]], device='cuda:0')
2530 tensor([[ 0.0050,  0.0204],
        [ 0.0398,  0.0437],
        [-0.0203, -0.0086],
        [-0.0683, -0.0425]], device='cuda:0')
2531 tensor([[ 0.0051,  0.0204],
        [ 0.0399,  0.0437],
        [-0.0203, -0.0086],
        [-0.0683, -0.0424]], device='cuda:0')
2532 tensor([[ 0.0052,  0.0204],
        [ 0.0399,  0.0436],
        [-0.0204, -0.0086],
        [-0.0684, -0.0424]], device='cuda:0')
2533 tensor([[ 0.0052,  0.0204],
        [ 0.0400,  0.0435],
        [-0.0205, -0.0086],
        [-0.0684, -0.0423]], device='cuda:0')
2534 tensor([[ 0.0053,  0.0204],
        [ 0.0401,  0.0435],
        [-0.0206, -0.0086],
        [-0.0685, -0.0422]], device='cuda:0')
2535 tensor([[ 0.0054,  0.0203],
        [ 0.0401,  0.0434],
        [-0.0206, -0.0085],
        [-0.0685, -0.0422]], device='cuda:0')
2536 tensor([[ 0.0055,  0.0203],
        [ 0.0402,  0.0433],
        [-0.0207, -0.0085],
        [-0.0686, -0.0421]], device='cuda:0')
2537 tensor([[ 0.0056,  0.0203],
        [ 0.0402,  0.0433],
        [-0.0208, -0.0085],
        [-0.0687, -0.0421]], device='cuda:0')
2538 tensor([[ 0.0056,  0.0203],
        [ 0.0403,  0.0432],
        [-0.0209, -0.0085],
        [-0.0687, -0.0420]], device='cuda:0')
2539 tensor([[ 0.0057,  0.0202],
        [ 0.0404,  0.0431],
        [-0.0209, -0.0085],
        [-0.0688, -0.0420]], device='cuda:0')
2540 tensor([[ 0.0058,  0.0202],
        [ 0.0404,  0.0431],
        [-0.0210, -0.0085],
        [-0.0688, -0.0419]], device='cuda:0')
2541 tensor([[ 0.0059,  0.0202],
        [ 0.0405,  0.0430],
        [-0.0211, -0.0084],
        [-0.0689, -0.0418]], device='cuda:0')
2542 tensor([[ 0.0059,  0.0202],
        [ 0.0405,  0.0430],
        [-0.0211, -0.0084],
        [-0.0689, -0.0418]], device='cuda:0')
2543 tensor([[ 0.0060,  0.0202],
        [ 0.0406,  0.0429],
        [-0.0212, -0.0084],
        [-0.0690, -0.0417]], device='cuda:0')
2544 tensor([[ 0.0061,  0.0202],
        [ 0.0406,  0.0428],
        [-0.0213, -0.0084],
        [-0.0691, -0.0416]], device='cuda:0')
2545 tensor([[ 0.0061,  0.0202],
        [ 0.0407,  0.0427],
        [-0.0214, -0.0084],
        [-0.0691, -0.0415]], device='cuda:0')
2546 tensor([[ 0.0062,  0.0203],
        [ 0.0408,  0.0426],
        [-0.0214, -0.0085],
        [-0.0692, -0.0414]], device='cuda:0')
2547 tensor([[ 0.0063,  0.0203],
        [ 0.0408,  0.0425],
        [-0.0215, -0.0085],
        [-0.0692, -0.0413]], device='cuda:0')
2548 tensor([[ 0.0063,  0.0203],
        [ 0.0409,  0.0424],
        [-0.0216, -0.0085],
        [-0.0693, -0.0412]], device='cuda:0')
2549 tensor([[ 0.0064,  0.0203],
        [ 0.0409,  0.0423],
        [-0.0217, -0.0085],
        [-0.0693, -0.0411]], device='cuda:0')
2550 tensor([[ 0.0065,  0.0204],
        [ 0.0410,  0.0423],
        [-0.0217, -0.0085],
        [-0.0694, -0.0410]], device='cuda:0')
2551 tensor([[ 0.0065,  0.0204],
        [ 0.0410,  0.0422],
        [-0.0218, -0.0085],
        [-0.0695, -0.0409]], device='cuda:0')
2552 tensor([[ 0.0066,  0.0204],
        [ 0.0411,  0.0421],
        [-0.0219, -0.0086],
        [-0.0695, -0.0408]], device='cuda:0')
2553 tensor([[ 0.0067,  0.0204],
        [ 0.0411,  0.0420],
        [-0.0219, -0.0086],
        [-0.0696, -0.0407]], device='cuda:0')
2554 tensor([[ 0.0067,  0.0204],
        [ 0.0412,  0.0419],
        [-0.0220, -0.0086],
        [-0.0696, -0.0406]], device='cuda:0')
2555 tensor([[ 0.0068,  0.0205],
        [ 0.0412,  0.0418],
        [-0.0221, -0.0086],
        [-0.0697, -0.0405]], device='cuda:0')
2556 tensor([[ 0.0069,  0.0205],
        [ 0.0413,  0.0417],
        [-0.0222, -0.0086],
        [-0.0697, -0.0405]], device='cuda:0')
2557 tensor([[ 0.0069,  0.0205],
        [ 0.0413,  0.0416],
        [-0.0222, -0.0086],
        [-0.0698, -0.0404]], device='cuda:0')
2558 tensor([[ 0.0070,  0.0205],
        [ 0.0414,  0.0415],
        [-0.0223, -0.0086],
        [-0.0699, -0.0403]], device='cuda:0')
2559 tensor([[ 0.0071,  0.0206],
        [ 0.0414,  0.0415],
        [-0.0224, -0.0087],
        [-0.0699, -0.0402]], device='cuda:0')
2560 tensor([[ 0.0071,  0.0207],
        [ 0.0415,  0.0414],
        [-0.0224, -0.0087],
        [-0.0700, -0.0401]], device='cuda:0')
2561 tensor([[ 0.0072,  0.0207],
        [ 0.0415,  0.0413],
        [-0.0225, -0.0088],
        [-0.0700, -0.0400]], device='cuda:0')
2562 tensor([[ 0.0072,  0.0208],
        [ 0.0415,  0.0412],
        [-0.0226, -0.0088],
        [-0.0701, -0.0399]], device='cuda:0')
2563 tensor([[ 0.0073,  0.0208],
        [ 0.0416,  0.0411],
        [-0.0226, -0.0089],
        [-0.0701, -0.0398]], device='cuda:0')
2564 tensor([[ 0.0074,  0.0209],
        [ 0.0416,  0.0410],
        [-0.0227, -0.0089],
        [-0.0702, -0.0397]], device='cuda:0')
2565 tensor([[ 0.0074,  0.0209],
        [ 0.0417,  0.0410],
        [-0.0228, -0.0090],
        [-0.0702, -0.0396]], device='cuda:0')
2566 tensor([[ 0.0075,  0.0210],
        [ 0.0417,  0.0409],
        [-0.0228, -0.0090],
        [-0.0703, -0.0396]], device='cuda:0')
2567 tensor([[ 0.0075,  0.0210],
        [ 0.0418,  0.0408],
        [-0.0229, -0.0091],
        [-0.0703, -0.0395]], device='cuda:0')
2568 tensor([[ 0.0076,  0.0211],
        [ 0.0418,  0.0407],
        [-0.0230, -0.0091],
        [-0.0704, -0.0394]], device='cuda:0')
2569 tensor([[ 0.0077,  0.0212],
        [ 0.0419,  0.0406],
        [-0.0230, -0.0092],
        [-0.0704, -0.0393]], device='cuda:0')
2570 tensor([[ 0.0077,  0.0212],
        [ 0.0419,  0.0406],
        [-0.0231, -0.0092],
        [-0.0705, -0.0392]], device='cuda:0')
2571 tensor([[ 0.0078,  0.0213],
        [ 0.0420,  0.0405],
        [-0.0232, -0.0093],
        [-0.0706, -0.0391]], device='cuda:0')
2572 tensor([[ 0.0078,  0.0213],
        [ 0.0420,  0.0404],
        [-0.0232, -0.0093],
        [-0.0706, -0.0390]], device='cuda:0')
2573 tensor([[ 0.0079,  0.0214],
        [ 0.0421,  0.0403],
        [-0.0233, -0.0094],
        [-0.0707, -0.0390]], device='cuda:0')
2574 tensor([[ 0.0080,  0.0214],
        [ 0.0422,  0.0402],
        [-0.0234, -0.0094],
        [-0.0707, -0.0389]], device='cuda:0')
2575 tensor([[ 0.0081,  0.0215],
        [ 0.0423,  0.0401],
        [-0.0235, -0.0095],
        [-0.0708, -0.0388]], device='cuda:0')
2576 tensor([[ 0.0082,  0.0215],
        [ 0.0424,  0.0401],
        [-0.0236, -0.0095],
        [-0.0709, -0.0387]], device='cuda:0')
2577 tensor([[ 0.0083,  0.0215],
        [ 0.0425,  0.0400],
        [-0.0237, -0.0096],
        [-0.0710, -0.0387]], device='cuda:0')
2578 tensor([[ 0.0084,  0.0216],
        [ 0.0425,  0.0399],
        [-0.0238, -0.0097],
        [-0.0711, -0.0386]], device='cuda:0')
2579 tensor([[ 0.0085,  0.0216],
        [ 0.0426,  0.0398],
        [-0.0239, -0.0097],
        [-0.0711, -0.0385]], device='cuda:0')
2580 tensor([[ 0.0086,  0.0217],
        [ 0.0427,  0.0397],
        [-0.0240, -0.0098],
        [-0.0712, -0.0384]], device='cuda:0')
2581 tensor([[ 0.0087,  0.0217],
        [ 0.0428,  0.0396],
        [-0.0241, -0.0098],
        [-0.0713, -0.0384]], device='cuda:0')
2582 tensor([[ 0.0088,  0.0218],
        [ 0.0429,  0.0396],
        [-0.0241, -0.0099],
        [-0.0714, -0.0383]], device='cuda:0')
2583 tensor([[ 0.0089,  0.0218],
        [ 0.0430,  0.0395],
        [-0.0242, -0.0099],
        [-0.0715, -0.0382]], device='cuda:0')
2584 tensor([[ 0.0090,  0.0219],
        [ 0.0430,  0.0394],
        [-0.0243, -0.0100],
        [-0.0715, -0.0381]], device='cuda:0')
2585 tensor([[ 0.0091,  0.0219],
        [ 0.0431,  0.0393],
        [-0.0244, -0.0100],
        [-0.0716, -0.0381]], device='cuda:0')
2586 tensor([[ 0.0092,  0.0219],
        [ 0.0432,  0.0392],
        [-0.0245, -0.0101],
        [-0.0717, -0.0380]], device='cuda:0')
2587 tensor([[ 0.0093,  0.0220],
        [ 0.0433,  0.0392],
        [-0.0246, -0.0101],
        [-0.0718, -0.0379]], device='cuda:0')
2588 tensor([[ 0.0094,  0.0220],
        [ 0.0434,  0.0391],
        [-0.0247, -0.0102],
        [-0.0719, -0.0378]], device='cuda:0')
2589 tensor([[ 0.0096,  0.0221],
        [ 0.0435,  0.0390],
        [-0.0248, -0.0102],
        [-0.0719, -0.0378]], device='cuda:0')
2590 tensor([[ 0.0097,  0.0221],
        [ 0.0435,  0.0389],
        [-0.0249, -0.0102],
        [-0.0720, -0.0377]], device='cuda:0')
2591 tensor([[ 0.0098,  0.0221],
        [ 0.0436,  0.0388],
        [-0.0250, -0.0103],
        [-0.0721, -0.0376]], device='cuda:0')
2592 tensor([[ 0.0099,  0.0222],
        [ 0.0437,  0.0388],
        [-0.0252, -0.0103],
        [-0.0722, -0.0376]], device='cuda:0')
2593 tensor([[ 0.0101,  0.0222],
        [ 0.0438,  0.0387],
        [-0.0253, -0.0104],
        [-0.0722, -0.0375]], device='cuda:0')
2594 tensor([[ 0.0102,  0.0223],
        [ 0.0439,  0.0386],
        [-0.0254, -0.0104],
        [-0.0723, -0.0374]], device='cuda:0')
2595 tensor([[ 0.0103,  0.0223],
        [ 0.0439,  0.0385],
        [-0.0255, -0.0105],
        [-0.0724, -0.0373]], device='cuda:0')
2596 tensor([[ 0.0104,  0.0223],
        [ 0.0440,  0.0385],
        [-0.0257, -0.0105],
        [-0.0725, -0.0373]], device='cuda:0')
2597 tensor([[ 0.0106,  0.0224],
        [ 0.0441,  0.0384],
        [-0.0258, -0.0106],
        [-0.0725, -0.0372]], device='cuda:0')
2598 tensor([[ 0.0107,  0.0224],
        [ 0.0442,  0.0383],
        [-0.0259, -0.0106],
        [-0.0726, -0.0371]], device='cuda:0')
2599 tensor([[ 0.0108,  0.0225],
        [ 0.0443,  0.0382],
        [-0.0260, -0.0107],
        [-0.0727, -0.0371]], device='cuda:0')
2600 tensor([[ 0.0109,  0.0225],
        [ 0.0443,  0.0382],
        [-0.0261, -0.0107],
        [-0.0727, -0.0370]], device='cuda:0')
2601 tensor([[ 0.0111,  0.0225],
        [ 0.0444,  0.0381],
        [-0.0262, -0.0108],
        [-0.0728, -0.0369]], device='cuda:0')
2602 tensor([[ 0.0112,  0.0226],
        [ 0.0445,  0.0380],
        [-0.0264, -0.0108],
        [-0.0729, -0.0369]], device='cuda:0')
2603 tensor([[ 0.0113,  0.0226],
        [ 0.0446,  0.0379],
        [-0.0265, -0.0109],
        [-0.0729, -0.0368]], device='cuda:0')
2604 tensor([[ 0.0115,  0.0227],
        [ 0.0446,  0.0379],
        [-0.0266, -0.0109],
        [-0.0730, -0.0367]], device='cuda:0')
2605 tensor([[ 0.0116,  0.0227],
        [ 0.0446,  0.0378],
        [-0.0268, -0.0109],
        [-0.0730, -0.0367]], device='cuda:0')
2606 tensor([[ 0.0118,  0.0227],
        [ 0.0447,  0.0377],
        [-0.0269, -0.0110],
        [-0.0730, -0.0366]], device='cuda:0')
2607 tensor([[ 0.0119,  0.0228],
        [ 0.0447,  0.0377],
        [-0.0271, -0.0110],
        [-0.0731, -0.0365]], device='cuda:0')
2608 tensor([[ 0.0121,  0.0228],
        [ 0.0447,  0.0376],
        [-0.0272, -0.0111],
        [-0.0731, -0.0365]], device='cuda:0')
2609 tensor([[ 0.0123,  0.0228],
        [ 0.0448,  0.0375],
        [-0.0274, -0.0111],
        [-0.0731, -0.0364]], device='cuda:0')
2610 tensor([[ 0.0124,  0.0229],
        [ 0.0448,  0.0374],
        [-0.0275, -0.0112],
        [-0.0731, -0.0364]], device='cuda:0')
2611 tensor([[ 0.0126,  0.0229],
        [ 0.0449,  0.0374],
        [-0.0277, -0.0112],
        [-0.0732, -0.0363]], device='cuda:0')
2612 tensor([[ 0.0127,  0.0230],
        [ 0.0449,  0.0373],
        [-0.0278, -0.0113],
        [-0.0732, -0.0362]], device='cuda:0')
2613 tensor([[ 0.0129,  0.0230],
        [ 0.0449,  0.0372],
        [-0.0279, -0.0113],
        [-0.0732, -0.0362]], device='cuda:0')
2614 tensor([[ 0.0130,  0.0230],
        [ 0.0450,  0.0372],
        [-0.0281, -0.0113],
        [-0.0733, -0.0361]], device='cuda:0')
2615 tensor([[ 0.0132,  0.0231],
        [ 0.0450,  0.0371],
        [-0.0282, -0.0114],
        [-0.0733, -0.0360]], device='cuda:0')
2616 tensor([[ 0.0133,  0.0231],
        [ 0.0450,  0.0370],
        [-0.0284, -0.0114],
        [-0.0733, -0.0360]], device='cuda:0')
2617 tensor([[ 0.0134,  0.0231],
        [ 0.0451,  0.0370],
        [-0.0285, -0.0115],
        [-0.0734, -0.0359]], device='cuda:0')
2618 tensor([[ 0.0136,  0.0232],
        [ 0.0451,  0.0369],
        [-0.0286, -0.0115],
        [-0.0734, -0.0359]], device='cuda:0')
2619 tensor([[ 0.0138,  0.0232],
        [ 0.0451,  0.0368],
        [-0.0288, -0.0116],
        [-0.0734, -0.0358]], device='cuda:0')
2620 tensor([[ 0.0140,  0.0232],
        [ 0.0451,  0.0368],
        [-0.0290, -0.0116],
        [-0.0734, -0.0357]], device='cuda:0')
2621 tensor([[ 0.0142,  0.0233],
        [ 0.0452,  0.0367],
        [-0.0292, -0.0116],
        [-0.0734, -0.0357]], device='cuda:0')
2622 tensor([[ 0.0143,  0.0233],
        [ 0.0452,  0.0366],
        [-0.0293, -0.0117],
        [-0.0734, -0.0356]], device='cuda:0')
2623 tensor([[ 0.0145,  0.0233],
        [ 0.0452,  0.0366],
        [-0.0295, -0.0117],
        [-0.0734, -0.0356]], device='cuda:0')
2624 tensor([[ 0.0147,  0.0234],
        [ 0.0452,  0.0365],
        [-0.0297, -0.0118],
        [-0.0734, -0.0355]], device='cuda:0')
2625 tensor([[ 0.0149,  0.0234],
        [ 0.0452,  0.0364],
        [-0.0299, -0.0118],
        [-0.0734, -0.0354]], device='cuda:0')
2626 tensor([[ 0.0150,  0.0234],
        [ 0.0452,  0.0364],
        [-0.0300, -0.0118],
        [-0.0734, -0.0354]], device='cuda:0')
2627 tensor([[ 0.0152,  0.0235],
        [ 0.0452,  0.0363],
        [-0.0302, -0.0119],
        [-0.0734, -0.0353]], device='cuda:0')
2628 tensor([[ 0.0154,  0.0235],
        [ 0.0452,  0.0362],
        [-0.0304, -0.0119],
        [-0.0734, -0.0353]], device='cuda:0')
2629 tensor([[ 0.0155,  0.0235],
        [ 0.0452,  0.0362],
        [-0.0305, -0.0120],
        [-0.0734, -0.0352]], device='cuda:0')
2630 tensor([[ 0.0157,  0.0236],
        [ 0.0452,  0.0361],
        [-0.0307, -0.0120],
        [-0.0734, -0.0352]], device='cuda:0')
2631 tensor([[ 0.0159,  0.0236],
        [ 0.0452,  0.0360],
        [-0.0309, -0.0120],
        [-0.0734, -0.0351]], device='cuda:0')
2632 tensor([[ 0.0160,  0.0236],
        [ 0.0452,  0.0360],
        [-0.0310, -0.0121],
        [-0.0734, -0.0350]], device='cuda:0')
2633 tensor([[ 0.0162,  0.0237],
        [ 0.0452,  0.0359],
        [-0.0312, -0.0121],
        [-0.0734, -0.0350]], device='cuda:0')
2634 tensor([[ 0.0164,  0.0238],
        [ 0.0452,  0.0359],
        [-0.0314, -0.0122],
        [-0.0734, -0.0349]], device='cuda:0')
2635 tensor([[ 0.0165,  0.0239],
        [ 0.0452,  0.0358],
        [-0.0315, -0.0122],
        [-0.0734, -0.0348]], device='cuda:0')
2636 tensor([[ 0.0167,  0.0239],
        [ 0.0452,  0.0357],
        [-0.0317, -0.0123],
        [-0.0734, -0.0347]], device='cuda:0')
2637 tensor([[ 0.0168,  0.0240],
        [ 0.0452,  0.0357],
        [-0.0318, -0.0124],
        [-0.0734, -0.0346]], device='cuda:0')
2638 tensor([[ 0.0170,  0.0241],
        [ 0.0452,  0.0356],
        [-0.0320, -0.0125],
        [-0.0734, -0.0345]], device='cuda:0')
2639 tensor([[ 0.0172,  0.0242],
        [ 0.0452,  0.0355],
        [-0.0322, -0.0125],
        [-0.0734, -0.0344]], device='cuda:0')
2640 tensor([[ 0.0173,  0.0242],
        [ 0.0452,  0.0354],
        [-0.0323, -0.0126],
        [-0.0734, -0.0343]], device='cuda:0')
2641 tensor([[ 0.0175,  0.0243],
        [ 0.0452,  0.0353],
        [-0.0325, -0.0127],
        [-0.0735, -0.0343]], device='cuda:0')
2642 tensor([[ 0.0176,  0.0244],
        [ 0.0452,  0.0353],
        [-0.0327, -0.0127],
        [-0.0735, -0.0342]], device='cuda:0')
2643 tensor([[ 0.0178,  0.0245],
        [ 0.0452,  0.0352],
        [-0.0328, -0.0128],
        [-0.0735, -0.0341]], device='cuda:0')
2644 tensor([[ 0.0179,  0.0245],
        [ 0.0452,  0.0351],
        [-0.0330, -0.0129],
        [-0.0735, -0.0340]], device='cuda:0')
2645 tensor([[ 0.0181,  0.0246],
        [ 0.0452,  0.0350],
        [-0.0331, -0.0129],
        [-0.0735, -0.0339]], device='cuda:0')
2646 tensor([[ 0.0182,  0.0247],
        [ 0.0452,  0.0349],
        [-0.0333, -0.0130],
        [-0.0735, -0.0338]], device='cuda:0')
2647 tensor([[ 0.0184,  0.0247],
        [ 0.0452,  0.0349],
        [-0.0334, -0.0131],
        [-0.0735, -0.0338]], device='cuda:0')
2648 tensor([[ 0.0185,  0.0248],
        [ 0.0452,  0.0348],
        [-0.0336, -0.0131],
        [-0.0735, -0.0336]], device='cuda:0')
2649 tensor([[ 0.0187,  0.0249],
        [ 0.0452,  0.0347],
        [-0.0338, -0.0132],
        [-0.0735, -0.0335]], device='cuda:0')
2650 tensor([[ 0.0188,  0.0249],
        [ 0.0452,  0.0346],
        [-0.0339, -0.0132],
        [-0.0735, -0.0334]], device='cuda:0')
2651 tensor([[ 0.0189,  0.0250],
        [ 0.0452,  0.0345],
        [-0.0341, -0.0133],
        [-0.0735, -0.0333]], device='cuda:0')
2652 tensor([[ 0.0191,  0.0251],
        [ 0.0452,  0.0344],
        [-0.0342, -0.0134],
        [-0.0735, -0.0332]], device='cuda:0')
2653 tensor([[ 0.0192,  0.0252],
        [ 0.0452,  0.0343],
        [-0.0344, -0.0134],
        [-0.0735, -0.0331]], device='cuda:0')
2654 tensor([[ 0.0194,  0.0252],
        [ 0.0452,  0.0341],
        [-0.0345, -0.0135],
        [-0.0736, -0.0329]], device='cuda:0')
2655 tensor([[ 0.0195,  0.0253],
        [ 0.0452,  0.0340],
        [-0.0347, -0.0136],
        [-0.0736, -0.0328]], device='cuda:0')
2656 tensor([[ 0.0197,  0.0254],
        [ 0.0452,  0.0339],
        [-0.0348, -0.0136],
        [-0.0736, -0.0327]], device='cuda:0')
2657 tensor([[ 0.0198,  0.0254],
        [ 0.0452,  0.0338],
        [-0.0350, -0.0137],
        [-0.0736, -0.0326]], device='cuda:0')
2658 tensor([[ 0.0199,  0.0255],
        [ 0.0452,  0.0337],
        [-0.0351, -0.0137],
        [-0.0736, -0.0325]], device='cuda:0')
2659 tensor([[ 0.0201,  0.0256],
        [ 0.0452,  0.0336],
        [-0.0353, -0.0138],
        [-0.0736, -0.0324]], device='cuda:0')
2660 tensor([[ 0.0202,  0.0256],
        [ 0.0452,  0.0335],
        [-0.0354, -0.0138],
        [-0.0736, -0.0323]], device='cuda:0')
2661 tensor([[ 0.0203,  0.0257],
        [ 0.0452,  0.0334],
        [-0.0355, -0.0139],
        [-0.0736, -0.0322]], device='cuda:0')
2662 tensor([[ 0.0205,  0.0257],
        [ 0.0452,  0.0333],
        [-0.0357, -0.0140],
        [-0.0736, -0.0320]], device='cuda:0')
2663 tensor([[ 0.0206,  0.0258],
        [ 0.0452,  0.0332],
        [-0.0358, -0.0140],
        [-0.0736, -0.0319]], device='cuda:0')
2664 tensor([[ 0.0208,  0.0259],
        [ 0.0452,  0.0331],
        [-0.0360, -0.0141],
        [-0.0736, -0.0318]], device='cuda:0')
2665 tensor([[ 0.0209,  0.0259],
        [ 0.0452,  0.0330],
        [-0.0361, -0.0142],
        [-0.0736, -0.0317]], device='cuda:0')
2666 tensor([[ 0.0210,  0.0260],
        [ 0.0452,  0.0329],
        [-0.0362, -0.0142],
        [-0.0736, -0.0316]], device='cuda:0')
2667 tensor([[ 0.0212,  0.0260],
        [ 0.0452,  0.0328],
        [-0.0364, -0.0143],
        [-0.0736, -0.0315]], device='cuda:0')
2668 tensor([[ 0.0213,  0.0261],
        [ 0.0452,  0.0327],
        [-0.0365, -0.0143],
        [-0.0736, -0.0314]], device='cuda:0')
2669 tensor([[ 0.0215,  0.0262],
        [ 0.0452,  0.0326],
        [-0.0366, -0.0144],
        [-0.0736, -0.0313]], device='cuda:0')
2670 tensor([[ 0.0216,  0.0262],
        [ 0.0452,  0.0325],
        [-0.0368, -0.0145],
        [-0.0736, -0.0312]], device='cuda:0')
2671 tensor([[ 0.0217,  0.0263],
        [ 0.0452,  0.0324],
        [-0.0369, -0.0145],
        [-0.0736, -0.0311]], device='cuda:0')
2672 tensor([[ 0.0219,  0.0263],
        [ 0.0452,  0.0323],
        [-0.0370, -0.0146],
        [-0.0736, -0.0310]], device='cuda:0')
2673 tensor([[ 0.0220,  0.0264],
        [ 0.0452,  0.0321],
        [-0.0372, -0.0147],
        [-0.0736, -0.0309]], device='cuda:0')
2674 tensor([[ 0.0221,  0.0264],
        [ 0.0452,  0.0320],
        [-0.0373, -0.0147],
        [-0.0736, -0.0308]], device='cuda:0')
2675 tensor([[ 0.0223,  0.0265],
        [ 0.0452,  0.0319],
        [-0.0374, -0.0148],
        [-0.0736, -0.0307]], device='cuda:0')
2676 tensor([[ 0.0224,  0.0265],
        [ 0.0452,  0.0318],
        [-0.0375, -0.0148],
        [-0.0736, -0.0307]], device='cuda:0')
2677 tensor([[ 0.0225,  0.0266],
        [ 0.0452,  0.0317],
        [-0.0377, -0.0149],
        [-0.0737, -0.0306]], device='cuda:0')
2678 tensor([[ 0.0226,  0.0267],
        [ 0.0452,  0.0317],
        [-0.0378, -0.0149],
        [-0.0737, -0.0304]], device='cuda:0')
2679 tensor([[ 0.0228,  0.0267],
        [ 0.0452,  0.0315],
        [-0.0379, -0.0150],
        [-0.0737, -0.0303]], device='cuda:0')
2680 tensor([[ 0.0229,  0.0268],
        [ 0.0452,  0.0314],
        [-0.0381, -0.0151],
        [-0.0737, -0.0301]], device='cuda:0')
2681 tensor([[ 0.0230,  0.0268],
        [ 0.0452,  0.0313],
        [-0.0382, -0.0151],
        [-0.0737, -0.0300]], device='cuda:0')
2682 tensor([[ 0.0231,  0.0269],
        [ 0.0452,  0.0311],
        [-0.0383, -0.0152],
        [-0.0737, -0.0299]], device='cuda:0')
2683 tensor([[ 0.0233,  0.0269],
        [ 0.0452,  0.0310],
        [-0.0384, -0.0152],
        [-0.0737, -0.0297]], device='cuda:0')
2684 tensor([[ 0.0234,  0.0270],
        [ 0.0452,  0.0309],
        [-0.0386, -0.0153],
        [-0.0737, -0.0296]], device='cuda:0')
2685 tensor([[ 0.0235,  0.0271],
        [ 0.0452,  0.0307],
        [-0.0387, -0.0153],
        [-0.0737, -0.0295]], device='cuda:0')
2686 tensor([[ 0.0236,  0.0271],
        [ 0.0452,  0.0306],
        [-0.0388, -0.0154],
        [-0.0737, -0.0293]], device='cuda:0')
2687 tensor([[ 0.0237,  0.0272],
        [ 0.0452,  0.0305],
        [-0.0389, -0.0154],
        [-0.0737, -0.0292]], device='cuda:0')
2688 tensor([[ 0.0238,  0.0272],
        [ 0.0452,  0.0304],
        [-0.0391, -0.0155],
        [-0.0737, -0.0291]], device='cuda:0')
2689 tensor([[ 0.0240,  0.0273],
        [ 0.0452,  0.0302],
        [-0.0392, -0.0155],
        [-0.0737, -0.0289]], device='cuda:0')
2690 tensor([[ 0.0241,  0.0273],
        [ 0.0452,  0.0301],
        [-0.0393, -0.0156],
        [-0.0738, -0.0288]], device='cuda:0')
2691 tensor([[ 0.0242,  0.0274],
        [ 0.0452,  0.0300],
        [-0.0394, -0.0156],
        [-0.0738, -0.0287]], device='cuda:0')
2692 tensor([[ 0.0243,  0.0274],
        [ 0.0452,  0.0299],
        [-0.0396, -0.0157],
        [-0.0738, -0.0286]], device='cuda:0')
2693 tensor([[ 0.0244,  0.0275],
        [ 0.0452,  0.0297],
        [-0.0397, -0.0157],
        [-0.0738, -0.0284]], device='cuda:0')
2694 tensor([[ 0.0245,  0.0276],
        [ 0.0452,  0.0296],
        [-0.0398, -0.0158],
        [-0.0738, -0.0283]], device='cuda:0')
2695 tensor([[ 0.0246,  0.0276],
        [ 0.0452,  0.0295],
        [-0.0399, -0.0158],
        [-0.0738, -0.0282]], device='cuda:0')
2696 tensor([[ 0.0248,  0.0277],
        [ 0.0452,  0.0294],
        [-0.0400, -0.0159],
        [-0.0738, -0.0281]], device='cuda:0')
2697 tensor([[ 0.0249,  0.0277],
        [ 0.0452,  0.0293],
        [-0.0402, -0.0159],
        [-0.0738, -0.0279]], device='cuda:0')
2698 tensor([[ 0.0250,  0.0278],
        [ 0.0452,  0.0292],
        [-0.0403, -0.0160],
        [-0.0738, -0.0278]], device='cuda:0')
2699 tensor([[ 0.0251,  0.0278],
        [ 0.0452,  0.0290],
        [-0.0404, -0.0160],
        [-0.0738, -0.0277]], device='cuda:0')
2700 tensor([[ 0.0252,  0.0279],
        [ 0.0452,  0.0289],
        [-0.0405, -0.0160],
        [-0.0738, -0.0276]], device='cuda:0')
2701 tensor([[ 0.0253,  0.0279],
        [ 0.0452,  0.0288],
        [-0.0406, -0.0161],
        [-0.0738, -0.0274]], device='cuda:0')
2702 tensor([[ 0.0254,  0.0280],
        [ 0.0452,  0.0287],
        [-0.0407, -0.0161],
        [-0.0739, -0.0273]], device='cuda:0')
2703 tensor([[ 0.0255,  0.0280],
        [ 0.0452,  0.0286],
        [-0.0409, -0.0162],
        [-0.0739, -0.0272]], device='cuda:0')
2704 tensor([[ 0.0256,  0.0281],
        [ 0.0452,  0.0285],
        [-0.0410, -0.0162],
        [-0.0739, -0.0271]], device='cuda:0')
2705 tensor([[ 0.0257,  0.0281],
        [ 0.0452,  0.0283],
        [-0.0411, -0.0163],
        [-0.0739, -0.0270]], device='cuda:0')
2706 tensor([[ 0.0258,  0.0282],
        [ 0.0452,  0.0282],
        [-0.0412, -0.0163],
        [-0.0739, -0.0268]], device='cuda:0')
2707 tensor([[ 0.0260,  0.0282],
        [ 0.0452,  0.0281],
        [-0.0413, -0.0164],
        [-0.0739, -0.0267]], device='cuda:0')
2708 tensor([[ 0.0261,  0.0283],
        [ 0.0452,  0.0280],
        [-0.0414, -0.0164],
        [-0.0739, -0.0266]], device='cuda:0')
2709 tensor([[ 0.0262,  0.0283],
        [ 0.0452,  0.0280],
        [-0.0415, -0.0165],
        [-0.0739, -0.0265]], device='cuda:0')
2710 tensor([[ 0.0263,  0.0284],
        [ 0.0452,  0.0279],
        [-0.0416, -0.0165],
        [-0.0739, -0.0264]], device='cuda:0')
2711 tensor([[ 0.0264,  0.0284],
        [ 0.0452,  0.0278],
        [-0.0418, -0.0165],
        [-0.0739, -0.0264]], device='cuda:0')
2712 tensor([[ 0.0265,  0.0285],
        [ 0.0452,  0.0278],
        [-0.0419, -0.0166],
        [-0.0739, -0.0263]], device='cuda:0')
2713 tensor([[ 0.0266,  0.0285],
        [ 0.0452,  0.0277],
        [-0.0420, -0.0166],
        [-0.0739, -0.0262]], device='cuda:0')
2714 tensor([[ 0.0267,  0.0286],
        [ 0.0452,  0.0276],
        [-0.0421, -0.0167],
        [-0.0739, -0.0261]], device='cuda:0')
2715 tensor([[ 0.0268,  0.0286],
        [ 0.0452,  0.0275],
        [-0.0422, -0.0167],
        [-0.0740, -0.0261]], device='cuda:0')
2716 tensor([[ 0.0269,  0.0287],
        [ 0.0452,  0.0275],
        [-0.0423, -0.0168],
        [-0.0740, -0.0260]], device='cuda:0')
2717 tensor([[ 0.0270,  0.0287],
        [ 0.0452,  0.0274],
        [-0.0424, -0.0168],
        [-0.0740, -0.0259]], device='cuda:0')
2718 tensor([[ 0.0271,  0.0288],
        [ 0.0452,  0.0273],
        [-0.0425, -0.0168],
        [-0.0740, -0.0258]], device='cuda:0')
2719 tensor([[ 0.0272,  0.0288],
        [ 0.0452,  0.0273],
        [-0.0426, -0.0169],
        [-0.0740, -0.0258]], device='cuda:0')
2720 tensor([[ 0.0273,  0.0289],
        [ 0.0452,  0.0272],
        [-0.0427, -0.0169],
        [-0.0740, -0.0257]], device='cuda:0')
2721 tensor([[ 0.0274,  0.0289],
        [ 0.0452,  0.0271],
        [-0.0428, -0.0170],
        [-0.0740, -0.0256]], device='cuda:0')
2722 tensor([[ 0.0275,  0.0290],
        [ 0.0452,  0.0270],
        [-0.0429, -0.0170],
        [-0.0740, -0.0255]], device='cuda:0')
2723 tensor([[ 0.0276,  0.0290],
        [ 0.0452,  0.0270],
        [-0.0430, -0.0171],
        [-0.0740, -0.0255]], device='cuda:0')
2724 tensor([[ 0.0277,  0.0291],
        [ 0.0452,  0.0270],
        [-0.0431, -0.0171],
        [-0.0740, -0.0254]], device='cuda:0')
2725 tensor([[ 0.0277,  0.0291],
        [ 0.0452,  0.0269],
        [-0.0432, -0.0171],
        [-0.0740, -0.0253]], device='cuda:0')
2726 tensor([[ 0.0278,  0.0292],
        [ 0.0452,  0.0269],
        [-0.0433, -0.0172],
        [-0.0740, -0.0253]], device='cuda:0')
2727 tensor([[ 0.0279,  0.0292],
        [ 0.0452,  0.0269],
        [-0.0434, -0.0172],
        [-0.0740, -0.0253]], device='cuda:0')
2728 tensor([[ 0.0280,  0.0292],
        [ 0.0452,  0.0268],
        [-0.0435, -0.0173],
        [-0.0740, -0.0252]], device='cuda:0')
2729 tensor([[ 0.0281,  0.0293],
        [ 0.0452,  0.0268],
        [-0.0436, -0.0173],
        [-0.0740, -0.0252]], device='cuda:0')
2730 tensor([[ 0.0282,  0.0293],
        [ 0.0452,  0.0268],
        [-0.0437, -0.0173],
        [-0.0741, -0.0251]], device='cuda:0')
2731 tensor([[ 0.0283,  0.0294],
        [ 0.0452,  0.0267],
        [-0.0438, -0.0174],
        [-0.0741, -0.0251]], device='cuda:0')
2732 tensor([[ 0.0284,  0.0294],
        [ 0.0452,  0.0267],
        [-0.0439, -0.0174],
        [-0.0741, -0.0251]], device='cuda:0')
2733 tensor([[ 0.0285,  0.0295],
        [ 0.0452,  0.0267],
        [-0.0440, -0.0175],
        [-0.0741, -0.0250]], device='cuda:0')
2734 tensor([[ 0.0286,  0.0295],
        [ 0.0452,  0.0266],
        [-0.0441, -0.0175],
        [-0.0741, -0.0250]], device='cuda:0')
2735 tensor([[ 0.0287,  0.0296],
        [ 0.0452,  0.0266],
        [-0.0442, -0.0175],
        [-0.0741, -0.0249]], device='cuda:0')
2736 tensor([[ 0.0288,  0.0296],
        [ 0.0452,  0.0265],
        [-0.0443, -0.0176],
        [-0.0741, -0.0249]], device='cuda:0')
2737 tensor([[ 0.0289,  0.0296],
        [ 0.0452,  0.0265],
        [-0.0444, -0.0176],
        [-0.0741, -0.0249]], device='cuda:0')
2738 tensor([[ 0.0289,  0.0297],
        [ 0.0452,  0.0265],
        [-0.0445, -0.0176],
        [-0.0741, -0.0248]], device='cuda:0')
2739 tensor([[ 0.0290,  0.0297],
        [ 0.0452,  0.0265],
        [-0.0446, -0.0177],
        [-0.0741, -0.0248]], device='cuda:0')
2740 tensor([[ 0.0291,  0.0298],
        [ 0.0452,  0.0265],
        [-0.0447, -0.0177],
        [-0.0741, -0.0247]], device='cuda:0')
2741 tensor([[ 0.0292,  0.0298],
        [ 0.0452,  0.0265],
        [-0.0448, -0.0178],
        [-0.0741, -0.0247]], device='cuda:0')
2742 tensor([[ 0.0293,  0.0299],
        [ 0.0452,  0.0264],
        [-0.0449, -0.0178],
        [-0.0741, -0.0247]], device='cuda:0')
2743 tensor([[ 0.0294,  0.0299],
        [ 0.0452,  0.0264],
        [-0.0450, -0.0178],
        [-0.0741, -0.0247]], device='cuda:0')
2744 tensor([[ 0.0295,  0.0299],
        [ 0.0452,  0.0264],
        [-0.0451, -0.0179],
        [-0.0741, -0.0247]], device='cuda:0')
2745 tensor([[ 0.0295,  0.0300],
        [ 0.0452,  0.0264],
        [-0.0451, -0.0179],
        [-0.0742, -0.0247]], device='cuda:0')
2746 tensor([[ 0.0296,  0.0300],
        [ 0.0452,  0.0264],
        [-0.0452, -0.0179],
        [-0.0742, -0.0247]], device='cuda:0')
2747 tensor([[ 0.0297,  0.0301],
        [ 0.0452,  0.0264],
        [-0.0453, -0.0180],
        [-0.0742, -0.0246]], device='cuda:0')
2748 tensor([[ 0.0298,  0.0301],
        [ 0.0452,  0.0264],
        [-0.0454, -0.0180],
        [-0.0742, -0.0246]], device='cuda:0')
2749 tensor([[ 0.0299,  0.0301],
        [ 0.0452,  0.0264],
        [-0.0455, -0.0180],
        [-0.0742, -0.0246]], device='cuda:0')
2750 tensor([[ 0.0300,  0.0302],
        [ 0.0452,  0.0264],
        [-0.0456, -0.0181],
        [-0.0742, -0.0246]], device='cuda:0')
2751 tensor([[ 0.0300,  0.0302],
        [ 0.0452,  0.0263],
        [-0.0457, -0.0181],
        [-0.0742, -0.0246]], device='cuda:0')
2752 tensor([[ 0.0301,  0.0303],
        [ 0.0452,  0.0263],
        [-0.0458, -0.0182],
        [-0.0742, -0.0246]], device='cuda:0')
2753 tensor([[ 0.0303,  0.0303],
        [ 0.0453,  0.0263],
        [-0.0459, -0.0182],
        [-0.0742, -0.0246]], device='cuda:0')
2754 tensor([[ 0.0304,  0.0303],
        [ 0.0453,  0.0263],
        [-0.0460, -0.0182],
        [-0.0742, -0.0246]], device='cuda:0')
2755 tensor([[ 0.0305,  0.0303],
        [ 0.0453,  0.0263],
        [-0.0461, -0.0183],
        [-0.0742, -0.0245]], device='cuda:0')
2756 tensor([[ 0.0306,  0.0304],
        [ 0.0453,  0.0262],
        [-0.0462, -0.0183],
        [-0.0742, -0.0245]], device='cuda:0')
2757 tensor([[ 0.0308,  0.0304],
        [ 0.0454,  0.0262],
        [-0.0463, -0.0183],
        [-0.0742, -0.0245]], device='cuda:0')
2758 tensor([[ 0.0309,  0.0304],
        [ 0.0454,  0.0262],
        [-0.0464, -0.0184],
        [-0.0742, -0.0245]], device='cuda:0')
2759 tensor([[ 0.0310,  0.0305],
        [ 0.0454,  0.0262],
        [-0.0466, -0.0184],
        [-0.0743, -0.0245]], device='cuda:0')
2760 tensor([[ 0.0311,  0.0305],
        [ 0.0454,  0.0262],
        [-0.0467, -0.0185],
        [-0.0743, -0.0245]], device='cuda:0')
2761 tensor([[ 0.0312,  0.0305],
        [ 0.0455,  0.0262],
        [-0.0468, -0.0185],
        [-0.0743, -0.0245]], device='cuda:0')
2762 tensor([[ 0.0314,  0.0306],
        [ 0.0455,  0.0261],
        [-0.0469, -0.0185],
        [-0.0743, -0.0245]], device='cuda:0')
2763 tensor([[ 0.0315,  0.0306],
        [ 0.0455,  0.0261],
        [-0.0470, -0.0186],
        [-0.0743, -0.0245]], device='cuda:0')
2764 tensor([[ 0.0316,  0.0306],
        [ 0.0456,  0.0261],
        [-0.0471, -0.0186],
        [-0.0744, -0.0245]], device='cuda:0')
2765 tensor([[ 0.0317,  0.0307],
        [ 0.0456,  0.0261],
        [-0.0472, -0.0187],
        [-0.0744, -0.0245]], device='cuda:0')
2766 tensor([[ 0.0318,  0.0307],
        [ 0.0456,  0.0261],
        [-0.0474, -0.0187],
        [-0.0744, -0.0245]], device='cuda:0')
2767 tensor([[ 0.0319,  0.0307],
        [ 0.0456,  0.0260],
        [-0.0475, -0.0187],
        [-0.0744, -0.0245]], device='cuda:0')
2768 tensor([[ 0.0321,  0.0308],
        [ 0.0457,  0.0260],
        [-0.0476, -0.0188],
        [-0.0744, -0.0244]], device='cuda:0')
2769 tensor([[ 0.0322,  0.0308],
        [ 0.0457,  0.0260],
        [-0.0477, -0.0188],
        [-0.0744, -0.0244]], device='cuda:0')
2770 tensor([[ 0.0324,  0.0308],
        [ 0.0458,  0.0260],
        [-0.0479, -0.0188],
        [-0.0745, -0.0244]], device='cuda:0')
2771 tensor([[ 0.0325,  0.0308],
        [ 0.0458,  0.0260],
        [-0.0480, -0.0189],
        [-0.0745, -0.0244]], device='cuda:0')
2772 tensor([[ 0.0327,  0.0309],
        [ 0.0459,  0.0260],
        [-0.0481, -0.0189],
        [-0.0745, -0.0244]], device='cuda:0')
2773 tensor([[ 0.0328,  0.0309],
        [ 0.0459,  0.0259],
        [-0.0483, -0.0189],
        [-0.0746, -0.0244]], device='cuda:0')
2774 tensor([[ 0.0330,  0.0309],
        [ 0.0460,  0.0259],
        [-0.0484, -0.0190],
        [-0.0746, -0.0244]], device='cuda:0')
2775 tensor([[ 0.0331,  0.0310],
        [ 0.0460,  0.0259],
        [-0.0486, -0.0190],
        [-0.0747, -0.0244]], device='cuda:0')
2776 tensor([[ 0.0333,  0.0310],
        [ 0.0461,  0.0259],
        [-0.0487, -0.0191],
        [-0.0747, -0.0244]], device='cuda:0')
2777 tensor([[ 0.0334,  0.0310],
        [ 0.0461,  0.0259],
        [-0.0489, -0.0191],
        [-0.0747, -0.0244]], device='cuda:0')
2778 tensor([[ 0.0336,  0.0310],
        [ 0.0462,  0.0259],
        [-0.0490, -0.0191],
        [-0.0748, -0.0244]], device='cuda:0')
2779 tensor([[ 0.0337,  0.0311],
        [ 0.0462,  0.0258],
        [-0.0491, -0.0192],
        [-0.0748, -0.0244]], device='cuda:0')
2780 tensor([[ 0.0339,  0.0311],
        [ 0.0463,  0.0258],
        [-0.0493, -0.0192],
        [-0.0749, -0.0244]], device='cuda:0')
2781 tensor([[ 0.0340,  0.0311],
        [ 0.0463,  0.0258],
        [-0.0494, -0.0192],
        [-0.0749, -0.0244]], device='cuda:0')
2782 tensor([[ 0.0342,  0.0311],
        [ 0.0463,  0.0258],
        [-0.0495, -0.0193],
        [-0.0750, -0.0244]], device='cuda:0')
2783 tensor([[ 0.0343,  0.0312],
        [ 0.0464,  0.0258],
        [-0.0497, -0.0193],
        [-0.0750, -0.0243]], device='cuda:0')
2784 tensor([[ 0.0344,  0.0313],
        [ 0.0464,  0.0258],
        [-0.0498, -0.0194],
        [-0.0750, -0.0243]], device='cuda:0')
2785 tensor([[ 0.0346,  0.0314],
        [ 0.0465,  0.0258],
        [-0.0500, -0.0194],
        [-0.0751, -0.0243]], device='cuda:0')
2786 tensor([[ 0.0347,  0.0314],
        [ 0.0465,  0.0259],
        [-0.0501, -0.0195],
        [-0.0751, -0.0244]], device='cuda:0')
2787 tensor([[ 0.0348,  0.0315],
        [ 0.0465,  0.0259],
        [-0.0502, -0.0196],
        [-0.0752, -0.0244]], device='cuda:0')
2788 tensor([[ 0.0349,  0.0316],
        [ 0.0466,  0.0259],
        [-0.0504, -0.0196],
        [-0.0752, -0.0244]], device='cuda:0')
2789 tensor([[ 0.0351,  0.0316],
        [ 0.0466,  0.0259],
        [-0.0505, -0.0197],
        [-0.0752, -0.0244]], device='cuda:0')
2790 tensor([[ 0.0352,  0.0317],
        [ 0.0466,  0.0259],
        [-0.0506, -0.0198],
        [-0.0753, -0.0244]], device='cuda:0')
2791 tensor([[ 0.0353,  0.0318],
        [ 0.0467,  0.0260],
        [-0.0508, -0.0198],
        [-0.0753, -0.0244]], device='cuda:0')
2792 tensor([[ 0.0355,  0.0318],
        [ 0.0467,  0.0260],
        [-0.0509, -0.0199],
        [-0.0754, -0.0245]], device='cuda:0')
2793 tensor([[ 0.0356,  0.0319],
        [ 0.0468,  0.0260],
        [-0.0510, -0.0199],
        [-0.0754, -0.0245]], device='cuda:0')
2794 tensor([[ 0.0357,  0.0320],
        [ 0.0468,  0.0260],
        [-0.0512, -0.0200],
        [-0.0755, -0.0245]], device='cuda:0')
2795 tensor([[ 0.0358,  0.0320],
        [ 0.0468,  0.0260],
        [-0.0513, -0.0201],
        [-0.0755, -0.0245]], device='cuda:0')
2796 tensor([[ 0.0360,  0.0321],
        [ 0.0469,  0.0260],
        [-0.0514, -0.0201],
        [-0.0755, -0.0245]], device='cuda:0')
2797 tensor([[ 0.0361,  0.0322],
        [ 0.0469,  0.0261],
        [-0.0516, -0.0202],
        [-0.0756, -0.0245]], device='cuda:0')
2798 tensor([[ 0.0362,  0.0323],
        [ 0.0469,  0.0261],
        [-0.0517, -0.0202],
        [-0.0756, -0.0246]], device='cuda:0')
2799 tensor([[ 0.0363,  0.0324],
        [ 0.0470,  0.0261],
        [-0.0518, -0.0203],
        [-0.0757, -0.0246]], device='cuda:0')
2800 tensor([[ 0.0365,  0.0325],
        [ 0.0470,  0.0262],
        [-0.0519, -0.0204],
        [-0.0757, -0.0246]], device='cuda:0')
2801 tensor([[ 0.0366,  0.0326],
        [ 0.0470,  0.0262],
        [-0.0521, -0.0205],
        [-0.0757, -0.0246]], device='cuda:0')
2802 tensor([[ 0.0367,  0.0327],
        [ 0.0471,  0.0263],
        [-0.0522, -0.0206],
        [-0.0758, -0.0247]], device='cuda:0')
2803 tensor([[ 0.0368,  0.0328],
        [ 0.0471,  0.0263],
        [-0.0523, -0.0207],
        [-0.0758, -0.0247]], device='cuda:0')
2804 tensor([[ 0.0369,  0.0329],
        [ 0.0471,  0.0264],
        [-0.0524, -0.0208],
        [-0.0759, -0.0247]], device='cuda:0')
2805 tensor([[ 0.0371,  0.0330],
        [ 0.0472,  0.0264],
        [-0.0526, -0.0209],
        [-0.0759, -0.0248]], device='cuda:0')
2806 tensor([[ 0.0372,  0.0331],
        [ 0.0472,  0.0264],
        [-0.0527, -0.0210],
        [-0.0759, -0.0248]], device='cuda:0')
2807 tensor([[ 0.0373,  0.0332],
        [ 0.0472,  0.0265],
        [-0.0528, -0.0211],
        [-0.0760, -0.0249]], device='cuda:0')
2808 tensor([[ 0.0374,  0.0333],
        [ 0.0473,  0.0265],
        [-0.0529, -0.0212],
        [-0.0760, -0.0249]], device='cuda:0')
2809 tensor([[ 0.0375,  0.0333],
        [ 0.0473,  0.0266],
        [-0.0531, -0.0213],
        [-0.0761, -0.0249]], device='cuda:0')
2810 tensor([[ 0.0376,  0.0334],
        [ 0.0473,  0.0266],
        [-0.0532, -0.0214],
        [-0.0761, -0.0250]], device='cuda:0')
2811 tensor([[ 0.0378,  0.0335],
        [ 0.0474,  0.0266],
        [-0.0533, -0.0215],
        [-0.0761, -0.0250]], device='cuda:0')
2812 tensor([[ 0.0379,  0.0336],
        [ 0.0474,  0.0266],
        [-0.0534, -0.0216],
        [-0.0762, -0.0251]], device='cuda:0')
2813 tensor([[ 0.0380,  0.0337],
        [ 0.0474,  0.0267],
        [-0.0535, -0.0216],
        [-0.0762, -0.0251]], device='cuda:0')
2814 tensor([[ 0.0381,  0.0339],
        [ 0.0475,  0.0268],
        [-0.0537, -0.0217],
        [-0.0763, -0.0251]], device='cuda:0')
2815 tensor([[ 0.0382,  0.0340],
        [ 0.0475,  0.0268],
        [-0.0538, -0.0218],
        [-0.0763, -0.0251]], device='cuda:0')
2816 tensor([[ 0.0383,  0.0341],
        [ 0.0475,  0.0269],
        [-0.0539, -0.0220],
        [-0.0763, -0.0252]], device='cuda:0')
2817 tensor([[ 0.0384,  0.0342],
        [ 0.0476,  0.0269],
        [-0.0540, -0.0221],
        [-0.0764, -0.0252]], device='cuda:0')
2818 tensor([[ 0.0385,  0.0344],
        [ 0.0476,  0.0270],
        [-0.0541, -0.0222],
        [-0.0764, -0.0253]], device='cuda:0')
2819 tensor([[ 0.0386,  0.0345],
        [ 0.0476,  0.0271],
        [-0.0542, -0.0223],
        [-0.0764, -0.0253]], device='cuda:0')
2820 tensor([[ 0.0388,  0.0346],
        [ 0.0477,  0.0271],
        [-0.0544, -0.0224],
        [-0.0765, -0.0254]], device='cuda:0')
2821 tensor([[ 0.0389,  0.0347],
        [ 0.0477,  0.0272],
        [-0.0545, -0.0225],
        [-0.0765, -0.0254]], device='cuda:0')
2822 tensor([[ 0.0390,  0.0348],
        [ 0.0477,  0.0272],
        [-0.0546, -0.0227],
        [-0.0766, -0.0255]], device='cuda:0')
2823 tensor([[ 0.0391,  0.0350],
        [ 0.0477,  0.0273],
        [-0.0547, -0.0228],
        [-0.0766, -0.0256]], device='cuda:0')
2824 tensor([[ 0.0392,  0.0351],
        [ 0.0478,  0.0273],
        [-0.0548, -0.0229],
        [-0.0766, -0.0256]], device='cuda:0')
2825 tensor([[ 0.0393,  0.0352],
        [ 0.0478,  0.0274],
        [-0.0549, -0.0230],
        [-0.0767, -0.0257]], device='cuda:0')
2826 tensor([[ 0.0394,  0.0353],
        [ 0.0478,  0.0274],
        [-0.0550, -0.0231],
        [-0.0767, -0.0257]], device='cuda:0')
2827 tensor([[ 0.0395,  0.0354],
        [ 0.0479,  0.0274],
        [-0.0551, -0.0232],
        [-0.0767, -0.0258]], device='cuda:0')
2828 tensor([[ 0.0396,  0.0355],
        [ 0.0479,  0.0275],
        [-0.0552, -0.0233],
        [-0.0768, -0.0258]], device='cuda:0')
2829 tensor([[ 0.0398,  0.0356],
        [ 0.0480,  0.0275],
        [-0.0554, -0.0234],
        [-0.0768, -0.0259]], device='cuda:0')
2830 tensor([[ 0.0399,  0.0357],
        [ 0.0480,  0.0276],
        [-0.0555, -0.0236],
        [-0.0768, -0.0259]], device='cuda:0')
2831 tensor([[ 0.0401,  0.0358],
        [ 0.0481,  0.0276],
        [-0.0556, -0.0237],
        [-0.0768, -0.0260]], device='cuda:0')
2832 tensor([[ 0.0402,  0.0359],
        [ 0.0481,  0.0277],
        [-0.0558, -0.0238],
        [-0.0769, -0.0260]], device='cuda:0')
2833 tensor([[ 0.0403,  0.0360],
        [ 0.0482,  0.0277],
        [-0.0559, -0.0239],
        [-0.0769, -0.0261]], device='cuda:0')
2834 tensor([[ 0.0405,  0.0361],
        [ 0.0482,  0.0277],
        [-0.0560, -0.0240],
        [-0.0769, -0.0262]], device='cuda:0')
2835 tensor([[ 0.0406,  0.0363],
        [ 0.0483,  0.0278],
        [-0.0561, -0.0241],
        [-0.0770, -0.0262]], device='cuda:0')
2836 tensor([[ 0.0408,  0.0364],
        [ 0.0483,  0.0278],
        [-0.0563, -0.0242],
        [-0.0770, -0.0263]], device='cuda:0')
2837 tensor([[ 0.0409,  0.0365],
        [ 0.0484,  0.0279],
        [-0.0564, -0.0243],
        [-0.0771, -0.0263]], device='cuda:0')
2838 tensor([[ 0.0410,  0.0366],
        [ 0.0484,  0.0279],
        [-0.0565, -0.0245],
        [-0.0771, -0.0264]], device='cuda:0')
2839 tensor([[ 0.0412,  0.0367],
        [ 0.0485,  0.0280],
        [-0.0567, -0.0246],
        [-0.0772, -0.0264]], device='cuda:0')
2840 tensor([[ 0.0413,  0.0368],
        [ 0.0485,  0.0280],
        [-0.0568, -0.0247],
        [-0.0772, -0.0265]], device='cuda:0')
2841 tensor([[ 0.0414,  0.0369],
        [ 0.0486,  0.0280],
        [-0.0569, -0.0248],
        [-0.0773, -0.0265]], device='cuda:0')
2842 tensor([[ 0.0415,  0.0370],
        [ 0.0486,  0.0281],
        [-0.0570, -0.0249],
        [-0.0773, -0.0266]], device='cuda:0')
2843 tensor([[ 0.0416,  0.0371],
        [ 0.0487,  0.0281],
        [-0.0572, -0.0250],
        [-0.0773, -0.0266]], device='cuda:0')
2844 tensor([[ 0.0418,  0.0372],
        [ 0.0487,  0.0282],
        [-0.0573, -0.0251],
        [-0.0774, -0.0267]], device='cuda:0')
2845 tensor([[ 0.0419,  0.0373],
        [ 0.0487,  0.0283],
        [-0.0574, -0.0252],
        [-0.0774, -0.0267]], device='cuda:0')
2846 tensor([[ 0.0420,  0.0375],
        [ 0.0488,  0.0283],
        [-0.0575, -0.0253],
        [-0.0775, -0.0267]], device='cuda:0')
2847 tensor([[ 0.0421,  0.0376],
        [ 0.0488,  0.0284],
        [-0.0577, -0.0254],
        [-0.0775, -0.0268]], device='cuda:0')
2848 tensor([[ 0.0423,  0.0377],
        [ 0.0489,  0.0285],
        [-0.0578, -0.0256],
        [-0.0776, -0.0269]], device='cuda:0')
2849 tensor([[ 0.0424,  0.0379],
        [ 0.0489,  0.0285],
        [-0.0579, -0.0257],
        [-0.0776, -0.0269]], device='cuda:0')
2850 tensor([[ 0.0425,  0.0380],
        [ 0.0489,  0.0286],
        [-0.0580, -0.0258],
        [-0.0776, -0.0270]], device='cuda:0')
2851 tensor([[ 0.0426,  0.0381],
        [ 0.0490,  0.0287],
        [-0.0582, -0.0259],
        [-0.0777, -0.0271]], device='cuda:0')
2852 tensor([[ 0.0427,  0.0382],
        [ 0.0490,  0.0287],
        [-0.0583, -0.0261],
        [-0.0777, -0.0271]], device='cuda:0')
2853 tensor([[ 0.0428,  0.0384],
        [ 0.0491,  0.0288],
        [-0.0584, -0.0262],
        [-0.0778, -0.0272]], device='cuda:0')
2854 tensor([[ 0.0430,  0.0385],
        [ 0.0491,  0.0288],
        [-0.0585, -0.0263],
        [-0.0778, -0.0273]], device='cuda:0')
2855 tensor([[ 0.0431,  0.0386],
        [ 0.0491,  0.0289],
        [-0.0586, -0.0264],
        [-0.0779, -0.0273]], device='cuda:0')
2856 tensor([[ 0.0432,  0.0387],
        [ 0.0492,  0.0289],
        [-0.0588, -0.0265],
        [-0.0779, -0.0274]], device='cuda:0')
2857 tensor([[ 0.0433,  0.0388],
        [ 0.0492,  0.0290],
        [-0.0589, -0.0267],
        [-0.0780, -0.0274]], device='cuda:0')
2858 tensor([[ 0.0434,  0.0389],
        [ 0.0493,  0.0290],
        [-0.0590, -0.0268],
        [-0.0780, -0.0275]], device='cuda:0')
2859 tensor([[ 0.0436,  0.0390],
        [ 0.0493,  0.0291],
        [-0.0591, -0.0269],
        [-0.0780, -0.0276]], device='cuda:0')
2860 tensor([[ 0.0437,  0.0392],
        [ 0.0494,  0.0291],
        [-0.0592, -0.0270],
        [-0.0781, -0.0276]], device='cuda:0')
2861 tensor([[ 0.0439,  0.0393],
        [ 0.0495,  0.0292],
        [-0.0593, -0.0271],
        [-0.0781, -0.0277]], device='cuda:0')
2862 tensor([[ 0.0440,  0.0394],
        [ 0.0495,  0.0292],
        [-0.0595, -0.0273],
        [-0.0781, -0.0277]], device='cuda:0')
2863 tensor([[ 0.0442,  0.0395],
        [ 0.0496,  0.0293],
        [-0.0596, -0.0274],
        [-0.0782, -0.0278]], device='cuda:0')
2864 tensor([[ 0.0443,  0.0396],
        [ 0.0496,  0.0293],
        [-0.0598, -0.0275],
        [-0.0782, -0.0279]], device='cuda:0')
2865 tensor([[ 0.0444,  0.0397],
        [ 0.0497,  0.0294],
        [-0.0599, -0.0276],
        [-0.0783, -0.0279]], device='cuda:0')
2866 tensor([[ 0.0446,  0.0398],
        [ 0.0498,  0.0294],
        [-0.0600, -0.0277],
        [-0.0783, -0.0280]], device='cuda:0')
2867 tensor([[ 0.0447,  0.0399],
        [ 0.0498,  0.0295],
        [-0.0601, -0.0278],
        [-0.0784, -0.0280]], device='cuda:0')
2868 tensor([[ 0.0448,  0.0400],
        [ 0.0499,  0.0295],
        [-0.0603, -0.0280],
        [-0.0784, -0.0281]], device='cuda:0')
2869 tensor([[ 0.0450,  0.0401],
        [ 0.0499,  0.0296],
        [-0.0604, -0.0281],
        [-0.0785, -0.0282]], device='cuda:0')
2870 tensor([[ 0.0451,  0.0402],
        [ 0.0500,  0.0296],
        [-0.0605, -0.0282],
        [-0.0785, -0.0282]], device='cuda:0')
2871 tensor([[ 0.0452,  0.0403],
        [ 0.0500,  0.0297],
        [-0.0607, -0.0283],
        [-0.0786, -0.0283]], device='cuda:0')
2872 tensor([[ 0.0453,  0.0404],
        [ 0.0500,  0.0297],
        [-0.0608, -0.0284],
        [-0.0786, -0.0283]], device='cuda:0')
2873 tensor([[ 0.0455,  0.0406],
        [ 0.0501,  0.0298],
        [-0.0609, -0.0285],
        [-0.0787, -0.0284]], device='cuda:0')
2874 tensor([[ 0.0456,  0.0407],
        [ 0.0501,  0.0298],
        [-0.0611, -0.0286],
        [-0.0787, -0.0284]], device='cuda:0')
2875 tensor([[ 0.0457,  0.0408],
        [ 0.0502,  0.0299],
        [-0.0612, -0.0287],
        [-0.0788, -0.0285]], device='cuda:0')
2876 tensor([[ 0.0458,  0.0410],
        [ 0.0502,  0.0300],
        [-0.0613, -0.0288],
        [-0.0788, -0.0285]], device='cuda:0')
2877 tensor([[ 0.0460,  0.0411],
        [ 0.0503,  0.0300],
        [-0.0614, -0.0289],
        [-0.0789, -0.0286]], device='cuda:0')
2878 tensor([[ 0.0461,  0.0412],
        [ 0.0503,  0.0301],
        [-0.0616, -0.0291],
        [-0.0789, -0.0286]], device='cuda:0')
2879 tensor([[ 0.0462,  0.0414],
        [ 0.0504,  0.0302],
        [-0.0617, -0.0292],
        [-0.0790, -0.0287]], device='cuda:0')
2880 tensor([[ 0.0463,  0.0415],
        [ 0.0504,  0.0302],
        [-0.0618, -0.0293],
        [-0.0790, -0.0288]], device='cuda:0')
2881 tensor([[ 0.0464,  0.0416],
        [ 0.0505,  0.0303],
        [-0.0619, -0.0294],
        [-0.0791, -0.0288]], device='cuda:0')
2882 tensor([[ 0.0466,  0.0417],
        [ 0.0505,  0.0304],
        [-0.0621, -0.0296],
        [-0.0791, -0.0289]], device='cuda:0')
2883 tensor([[ 0.0467,  0.0419],
        [ 0.0505,  0.0304],
        [-0.0622, -0.0297],
        [-0.0792, -0.0290]], device='cuda:0')
2884 tensor([[ 0.0468,  0.0420],
        [ 0.0506,  0.0305],
        [-0.0623, -0.0298],
        [-0.0792, -0.0290]], device='cuda:0')
2885 tensor([[ 0.0469,  0.0421],
        [ 0.0506,  0.0305],
        [-0.0624, -0.0299],
        [-0.0793, -0.0291]], device='cuda:0')
2886 tensor([[ 0.0470,  0.0422],
        [ 0.0507,  0.0306],
        [-0.0626, -0.0301],
        [-0.0793, -0.0292]], device='cuda:0')
2887 tensor([[ 0.0471,  0.0423],
        [ 0.0507,  0.0306],
        [-0.0627, -0.0302],
        [-0.0794, -0.0292]], device='cuda:0')
2888 tensor([[ 0.0473,  0.0424],
        [ 0.0507,  0.0307],
        [-0.0628, -0.0303],
        [-0.0794, -0.0293]], device='cuda:0')
2889 tensor([[ 0.0474,  0.0426],
        [ 0.0508,  0.0308],
        [-0.0629, -0.0304],
        [-0.0795, -0.0293]], device='cuda:0')
2890 tensor([[ 0.0475,  0.0427],
        [ 0.0508,  0.0309],
        [-0.0630, -0.0305],
        [-0.0795, -0.0294]], device='cuda:0')
2891 tensor([[ 0.0476,  0.0429],
        [ 0.0509,  0.0309],
        [-0.0632, -0.0306],
        [-0.0796, -0.0294]], device='cuda:0')
2892 tensor([[ 0.0477,  0.0430],
        [ 0.0509,  0.0310],
        [-0.0633, -0.0307],
        [-0.0796, -0.0295]], device='cuda:0')
2893 tensor([[ 0.0478,  0.0431],
        [ 0.0509,  0.0311],
        [-0.0634, -0.0309],
        [-0.0797, -0.0295]], device='cuda:0')
2894 tensor([[ 0.0479,  0.0433],
        [ 0.0510,  0.0311],
        [-0.0635, -0.0310],
        [-0.0797, -0.0296]], device='cuda:0')
