37087 0
37087 1
37087 2
37087 3
37087 4
37101 3
37102 0
37102 2
37102 5
37103 1
37117 0
37117 1
37117 2
37117 3
37117 5
37131 1
37132 0
37132 2
37132 4
37133 3
37147 0
37147 1
37147 2
37147 3
37147 5
37161 1
37162 0
37162 2
37162 4
37162 5
37163 3
37175 1
37176 4
37177 0
37177 2
37177 4
37179 3
37191 1
37192 0
37192 2
37192 4
37193 3
37207 0
37207 1
37207 2
37207 3
37207 4
37221 3
37222 0
37222 2
37222 4
37222 5
37223 1
37235 3
37236 5
37237 0
37237 2
37237 5
37239 1
37251 3
37252 0
37252 2
37252 5
37253 1
37267 0
37267 1
37267 2
37267 3
37267 4
37281 3
37282 0
37282 2
37282 5
37283 1
37297 0
37297 1
37297 2
37297 3
37297 4
37311 3
37312 0
37312 2
37312 4
37312 5
37313 1
37325 3
37326 5
37327 0
37327 2
37327 5
37329 1
37341 3
37342 0
37342 2
37342 5
37343 1
37357 0
37357 1
37357 2
37357 3
37357 4
37371 3
37372 0
37372 2
37372 5
37373 1
37387 0
37387 1
37387 2
37387 3
37387 5
37401 1
37402 0
37402 2
37402 4
37403 3
37417 0
37417 1
37417 2
37417 3
37417 5
37431 1
37432 0
37432 2
37432 4
37433 3
37447 0
37447 1
37447 2
37447 3
37447 5
37461 1
37462 0
37462 2
37462 4
37463 3
37477 0
37477 1
37477 2
37477 3
37477 5
37491 1
37492 0
37492 2
37492 4
37493 3
37507 0
37507 1
37507 2
37507 3
37507 5
37521 1
37522 0
37522 2
37522 4
37523 3
37537 0
37537 1
37537 2
37537 3
37537 5
37551 1
37552 0
37552 2
37552 4
37553 3
37567 0
37567 1
37567 2
37567 3
37567 5
37581 1
37582 0
37582 2
37582 4
37583 3
37597 0
37597 1
37597 2
37597 3
37597 5
37611 1
37612 0
37612 2
37612 4
37613 3
37627 0
37627 1
37627 2
37627 3
37627 5
37641 1
37642 0
37642 2
37642 4
37643 3
37657 0
37657 1
37657 2
37657 3
37657 5
37671 1
37672 0
37672 2
37672 4
37673 3
37687 0
37687 1
37687 2
37687 3
37687 5
37701 1
37702 0
37702 2
37702 4
37703 3
37717 0
37717 1
37717 2
37717 3
37717 4
37731 3
37732 0
37732 2
37732 5
37733 1
37747 0
37747 1
37747 2
37747 3
37747 5
37761 1
37762 0
37762 2
37762 4
37763 3
37777 0
37777 1
37777 2
37777 3
37777 5
37791 1
37792 0
37792 2
37792 4
37793 3
37807 0
37807 1
37807 2
37807 3
37807 4
37821 3
37822 0
37822 2
37822 5
37823 1
37837 0
37837 1
37837 2
37837 3
37837 4
37851 3
37852 0
37852 2
37852 5
37853 1
37867 0
37867 1
37867 2
37867 3
37867 4
37881 3
37882 0
37882 2
37882 5
37883 1
37897 0
37897 1
37897 2
37897 3
37897 4
37911 3
37912 0
37912 2
37912 5
37913 1
37927 0
37927 1
37927 2
37927 3
37927 4
37941 3
37942 0
37942 2
37942 5
37943 1
37957 0
37957 1
37957 2
37957 3
37957 4
37971 3
37972 0
37972 2
37972 5
37973 1
37987 0
37987 1
37987 2
37987 3
37987 4
38001 3
38002 0
38002 2
38002 4
38002 5
38003 1
38015 3
38016 5
38017 0
38017 2
38017 5
38019 1
38031 3
38032 0
38032 2
38032 5
38033 1
38047 0
38047 1
38047 2
38047 3
38047 4
38061 3
38062 0
38062 2
38062 5
38063 1
38077 0
38077 1
38077 2
38077 3
38077 4
38091 3
38092 0
38092 2
38092 5
38093 1
38106 2
38107 1
38107 3
38107 4
38108 0
38121 2
38121 3
38122 5
38123 0
38123 1
38136 2
38137 1
38137 3
38137 5
38138 0
38151 1
38151 2
38152 4
38153 0
38153 3
38166 2
38167 1
38167 3
38167 5
38168 0
38181 1
38181 2
38182 5
38183 0
38183 3
38195 1
38196 2
38196 4
38197 4
38198 0
38199 3
38211 1
38212 0
38212 2
38212 4
38212 5
38213 3
38225 1
38226 4
38227 0
38227 2
38227 4
38229 3
38241 1
38242 0
38242 2
38242 4
38242 5
38243 3
38255 1
38256 4
38257 0
38257 2
38257 5
38259 3
38269 1
38270 4
38272 0
38272 2
38272 5
38275 3
38283 1
38284 4
38287 0
38287 2
38287 4
38291 3
38299 1
38300 4
38301 0
38302 4
38303 2
38305 3
38315 1
38316 0
38316 4
38317 5
38318 2
38319 3
38329 1
38330 4
38331 0
38332 4
38333 2
38335 3
38345 1
38346 0
38346 4
38347 4
38348 2
38349 3
38360 0
38361 1
38362 4
38363 3
38364 2
38375 0
38377 1
38377 3
38377 4
38379 2
38390 0
38391 3
38392 4
38393 1
38394 2
38405 0
38405 3
38407 5
38409 1
38409 2
38420 0
38421 3
38422 4
38423 1
38424 2
38435 0
38436 3
38437 4
38438 1
38439 2
38450 3
38451 0
38452 5
38453 2
38454 1
38466 0
38466 3
38467 4
38468 1
38468 2
38480 3
38481 0
38482 5
38483 2
38484 1
38496 0
38496 3
38497 5
38498 1
38498 2
38511 0
38512 1
38512 3
38512 4
38513 2
38526 0
38526 3
38527 4
38528 1
38528 2
38540 3
38541 0
38541 5
38542 4
38543 2
38544 1
38554 3
38555 5
38557 0
38557 2
38557 5
38560 1
38570 3
38571 5
38572 0
38572 2
38572 4
38574 1
38584 3
38585 5
38587 0
38587 2
38587 4
38590 1
38598 3
38599 5
38602 0
38602 2
38602 5
38606 1
38614 3
38615 5
38616 2
38617 5
38618 0
38620 1
38621 4
38630 3
38631 2
38631 5
38632 4
38633 0
38634 1
38644 3
38645 5
38646 2
38647 4
38648 0
38650 1
38651 4
38658 3
38659 5
38661 2
38662 5
38663 0
38666 1
38667 4
38674 3
38675 2
38675 5
38677 5
38679 0
38680 1
38681 4
38690 2
38690 3
38691 5
38692 5
38694 0
38694 1
38695 4
38705 2
38706 3
38707 5
38708 1
38709 0
38710 4
38719 2
38721 3
38722 4
38722 5
38723 1
38725 0
38734 2
38735 3
38736 5
38737 5
38739 1
38740 0
38741 4
38749 2
38751 3
38752 5
38753 1
38755 0
38756 4
38764 2
38767 1
38767 3
38767 5
38770 0
38779 2
38781 1
38782 5
38783 3
38785 0
38794 2
38795 1
38797 5
38799 3
38800 0
38809 2
38810 1
38812 5
38814 3
38815 0
38824 1
38825 2
38825 4
38827 4
38829 0
38830 3
38840 1
38840 2
38842 4
38844 0
38844 3
38855 2
38856 1
38857 5
38858 3
38859 0
38870 1
38870 2
38872 5
38874 0
38874 3
38884 1
38885 2
38885 4
38887 5
38889 0
38890 3
38898 1
38899 4
38901 2
38902 4
38903 0
38906 3
38915 1
38916 2
38916 4
38917 5
38918 0
38919 3
38929 1
38930 4
38931 2
38932 5
38933 0
38935 3
38943 1
38944 4
38947 0
38947 2
38947 4
38951 3
38959 1
38960 4
38962 0
38962 2
38962 5
38965 3
38973 1
38974 4
38977 0
38977 2
38977 5
38981 3
38987 1
38988 4
38991 0
38992 4
38993 2
38997 3
39003 1
39004 4
39006 0
39007 5
39008 2
39011 3
39016 1
39017 4
39020 0
39022 4
39024 2
39028 3
39029 5
39032 1
39033 4
39035 0
39037 4
39039 2
39042 3
39043 5
39048 1
39049 0
39049 4
39052 4
39055 2
39056 3
39057 5
39064 0
39064 1
39065 4
39067 4
39070 2
39070 3
39071 5
39079 0
39080 1
39081 4
39082 4
39084 3
39085 2
39094 0
39096 1
39097 4
39098 3
39100 2
39108 0
39111 1
39112 4
39113 3
39116 2
