1927 0
1927 1
1927 2
1927 3
1927 4
1941 3
1942 0
1942 2
1942 5
1943 1
1957 0
1957 1
1957 2
1957 3
1957 4
1971 3
1972 0
1972 2
1972 4
1973 1
1985 3
1987 0
1987 2
1987 5
1989 1
2001 3
2002 0
2002 2
2002 5
2003 1
2017 0
2017 1
2017 2
2017 3
2017 5
2031 1
2032 0
2032 2
2032 4
2033 3
2047 0
2047 1
2047 2
2047 3
2047 4
2061 3
2062 0
2062 2
2062 4
2063 1
2075 3
2077 0
2077 2
2077 5
2079 1
2091 2
2091 3
2092 5
2093 0
2093 1
2106 2
2107 1
2107 3
2107 5
2108 0
2121 1
2121 2
2122 4
2123 0
2123 3
2136 2
2137 1
2137 3
2137 4
2138 0
2151 2
2151 3
2152 5
2153 0
2153 1
2166 2
2167 1
2167 3
2167 4
2168 0
2181 2
2181 3
2182 4
2183 0
2183 1
2195 3
2196 2
2197 4
2198 0
2199 1
2209 3
2211 2
2212 4
2213 0
2215 1
2222 3
2226 2
2227 5
2228 0
2232 1
2238 3
2240 2
2242 5
2244 0
2246 1
2254 3
2255 2
2257 5
2259 0
2260 1
2269 2
2270 3
2272 4
2274 1
2275 0
2284 2
2284 3
2287 4
2290 0
2290 1
2298 3
2299 2
2302 5
2305 0
2306 1
2314 2
2314 3
2317 5
2320 0
2320 1
2328 2
2329 3
2332 5
2335 1
2336 0
