120351 2
120352 1
120352 3
120352 4
120353 0
120366 2
120366 3
120367 5
120368 0
120368 1
120381 2
120382 1
120382 3
120382 5
120383 0
120396 1
120396 2
120397 4
120398 0
120398 3
120411 2
120412 1
120412 3
120412 5
120413 0
120426 1
120426 2
120427 4
120428 0
120428 3
120441 2
120442 1
120442 3
120442 5
120443 0
120456 1
120456 2
120457 5
120458 0
120458 3
120470 1
120471 2
120472 4
120473 0
120474 3
120486 1
120486 2
120487 5
120488 0
120488 3
120500 1
120502 0
120502 2
120502 4
120504 3
120516 1
120517 0
120517 2
120517 5
120518 3
120530 1
120532 0
120532 2
120532 4
120534 3
120546 1
120547 0
120547 2
120547 5
120548 3
120560 1
120562 0
120562 2
120562 4
120564 3
120576 1
120577 0
120577 2
120577 5
120578 3
120590 1
120592 0
120592 2
120592 5
120594 3
120604 1
120607 0
120607 2
120607 4
120610 3
120620 1
120621 0
120622 4
120623 2
120624 3
120625 5
120636 0
120636 1
120637 4
120638 2
120638 3
120651 0
120652 1
120652 3
120652 5
120653 2
120666 0
120666 1
120667 4
120668 2
120668 3
120681 0
120682 1
120682 3
120682 5
120683 2
120696 0
120696 1
120697 4
120698 2
120698 3
120711 0
120712 1
120712 3
120712 5
120713 2
120726 0
120726 1
120727 4
120728 2
120728 3
120741 0
120742 1
120742 3
120742 4
120743 2
120756 0
120756 3
120757 5
120758 1
120758 2
120771 0
120772 1
120772 3
120772 4
120773 2
120786 0
120786 3
120787 5
120788 1
120788 2
120801 0
120802 1
120802 3
120802 4
120803 2
120816 0
120816 3
120817 4
120818 1
120818 2
120830 3
120831 0
120831 5
120832 5
120833 2
120834 1
120846 0
120846 3
120847 4
120848 1
120848 2
120860 3
120861 5
120862 0
120862 2
120862 5
120864 1
120876 3
120877 0
120877 2
120877 4
120877 5
120878 1
120890 3
120891 5
120892 0
120892 2
120892 5
120894 1
120906 3
120907 0
120907 2
120907 4
120907 5
120908 1
120920 3
120921 5
120922 0
120922 2
120922 5
120924 1
120936 3
120937 0
120937 2
120937 4
120937 5
120938 1
120950 3
120951 5
120952 0
120952 2
120952 4
120954 1
120964 3
120965 5
120967 0
120967 2
120967 4
120970 1
120978 3
120979 5
120981 2
120982 4
120983 0
120986 1
120987 4
120992 3
120993 5
120996 2
120997 5
120998 0
121002 1
121003 4
121008 3
121009 5
121011 2
121012 5
121013 0
121016 1
121017 4
121024 3
121025 2
121025 5
121027 5
121029 0
121030 1
121031 4
121040 2
121040 3
121041 5
121042 5
121044 0
121044 1
121045 4
121055 2
121056 3
121057 5
121058 1
121059 0
121060 4
121070 2
121072 1
121072 3
121072 5
121074 0
121085 2
121086 1
121087 5
121088 3
121089 0
121100 1
121100 2
121102 5
121104 0
121104 3
121115 1
121115 2
121117 4
121119 0
121119 3
121130 2
121131 1
121132 5
121133 3
121134 0
121145 1
121145 2
121147 5
121149 0
121149 3
121159 1
121160 2
121160 4
121162 4
121164 0
121165 3
121175 1
121176 2
121176 4
121177 5
121178 0
121179 3
121189 1
121190 4
121191 2
121192 5
121193 0
121195 3
121203 1
121204 4
121206 2
121207 4
121208 0
121211 3
121219 1
121220 4
121222 0
121222 2
121222 5
121225 3
121233 1
121234 4
121237 0
121237 2
121237 4
121241 3
121249 1
121250 4
121252 0
121252 2
121252 5
121255 3
121263 1
121264 4
121267 0
121267 2
121267 4
121271 3
121279 1
121280 4
121281 0
121282 5
121283 2
121285 3
121286 5
121293 1
121294 4
121296 0
121297 4
121298 2
121301 3
121302 5
121309 1
121310 4
121311 0
121312 4
121313 2
121315 3
121316 5
121325 0
121325 1
121326 4
121327 5
121329 2
121329 3
121330 5
121339 1
121340 0
121340 4
121342 4
121344 2
121345 3
121346 5
121355 0
121355 1
121356 4
121357 4
121359 2
121359 3
121360 5
121370 0
121371 1
121372 4
121373 3
121374 2
121375 5
121384 0
121387 1
121387 3
121387 5
121390 2
121399 0
121400 1
121401 4
121402 4
121404 3
121405 2
121406 5
121414 0
121416 1
121417 4
121418 3
121420 2
121421 5
121429 0
121432 1
121432 3
121432 4
121435 2
121444 0
121446 3
121447 4
121448 1
121450 2
121459 0
121460 3
121462 4
121464 1
121465 2
121474 0
121474 3
121477 5
121480 1
121480 2
121490 0
121491 3
121492 4
121493 1
121494 2
121505 0
121505 3
121507 4
121509 1
121509 2
121519 3
121520 0
121520 5
121522 4
121524 2
121525 1
121533 3
121534 5
121535 0
121537 5
121539 2
121541 1
121549 3
121550 5
121551 0
121552 4
121553 2
121555 1
121563 3
121564 5
121566 0
121567 4
121568 2
121571 1
121577 3
121578 5
121581 0
121582 5
121583 2
121587 1
121593 3
121594 5
121597 0
121597 2
121597 4
121601 1
121607 3
121608 5
121612 0
121612 2
121612 5
121617 1
121623 3
121624 5
121626 2
121627 4
121628 0
121631 1
121632 4
121637 3
121638 5
121641 2
121642 5
121643 0
121647 1
121648 4
121653 3
121654 5
121656 2
121657 5
121658 0
121661 1
121662 4
121669 3
121670 2
121670 5
121672 4
121674 0
121675 1
121676 4
121683 3
121684 5
121685 2
121687 5
121689 0
121691 1
121692 4
121699 3
121700 2
121700 5
121702 5
121704 0
121705 1
121706 4
121714 2
121715 3
121716 5
121717 5
121719 1
121720 0
121721 4
121729 2
121731 3
121732 5
121733 1
121735 0
121736 4
121744 2
121746 3
121747 5
121748 1
121750 0
121751 4
121759 2
121762 1
121762 3
121762 4
121765 0
121774 2
121776 3
121777 5
121778 1
121780 0
121781 4
121789 2
121792 1
121792 3
121792 5
121795 0
121804 2
121806 1
121807 5
121808 3
121810 0
121819 2
121821 1
121822 5
121823 3
121825 0
121834 2
121835 1
121837 5
121839 3
121840 0
121849 1
121849 2
121852 5
121855 0
121855 3
121863 1
121864 4
121865 2
121867 4
121869 0
121871 3
121879 1
121880 2
121880 4
121882 5
121884 0
121885 3
121893 1
121894 4
121895 2
121897 5
121899 0
121901 3
121907 1
121908 4
121911 2
121912 4
121913 0
121917 3
121924 1
121925 4
121926 2
121927 5
121928 0
121930 3
121938 1
121939 4
121941 2
121942 5
121943 0
121946 3
121952 1
121953 4
121957 0
121957 2
121957 4
121962 3
121968 1
121969 4
121972 0
121972 2
121972 5
121976 3
121982 1
121983 4
121986 0
121987 4
121988 2
121992 3
121993 5
121998 1
121999 4
122001 0
122002 4
122003 2
122006 3
122007 5
122014 1
122015 0
122015 4
122017 5
122019 2
122020 3
122021 5
122027 1
122028 4
122030 0
122032 4
122034 2
122037 3
122038 5
122043 1
122044 4
122045 0
122047 4
122049 2
122051 3
122052 5
122059 0
122059 1
122060 4
122062 4
122065 2
122065 3
122066 5
122074 0
122075 1
122076 4
122077 4
122079 3
122080 2
122081 5
122089 0
122091 1
122092 4
122092 5
122093 3
122095 2
122104 0
122105 1
122106 4
122107 4
122109 3
122110 2
122111 5
122119 0
122120 1
122121 4
122122 4
122124 3
122125 2
122126 5
122133 0
122134 4
122136 1
122137 4
122138 3
122141 2
122142 5
