832 0
832 1
832 2
832 3
832 4
846 3
847 0
847 2
847 4
848 1
860 3
862 0
862 2
862 5
864 1
876 3
877 0
877 2
877 5
878 1
892 0
892 1
892 2
892 3
892 5
906 1
907 0
907 2
907 5
908 3
920 1
922 0
922 2
922 4
924 3
936 1
937 0
937 2
937 4
938 3
952 0
952 1
952 2
952 3
952 5
966 1
967 0
967 2
967 4
968 3
982 0
982 1
982 2
982 3
982 5
996 1
997 0
997 2
997 5
998 3
1010 1
1012 0
1012 2
1012 5
1014 3
1024 1
1026 0
1027 5
1028 2
1030 3
1038 1
1041 0
1042 5
1043 2
1046 3
1052 1
1056 0
1057 5
1058 2
1062 3
1066 1
1070 0
1072 4
1074 2
1078 3
1081 1
1085 0
1087 4
1089 2
1093 3
1097 1
1099 0
1102 4
1105 2
1107 3
1113 1
1114 0
1117 4
1120 2
1121 3
1128 0
1129 1
1132 4
1135 3
1136 2
