1140 tensor([[ 0.0509,  0.0659],
        [ 0.0212,  0.0735],
        [-0.0661, -0.0541],
        [-0.0512, -0.0709]], device='cuda:0')
1141 tensor([[ 0.0510,  0.0659],
        [ 0.0213,  0.0736],
        [-0.0662, -0.0542],
        [-0.0513, -0.0709]], device='cuda:0')
1142 tensor([[ 0.0511,  0.0660],
        [ 0.0214,  0.0736],
        [-0.0663, -0.0542],
        [-0.0514, -0.0710]], device='cuda:0')
1143 tensor([[ 0.0512,  0.0661],
        [ 0.0215,  0.0737],
        [-0.0664, -0.0543],
        [-0.0515, -0.0711]], device='cuda:0')
1144 tensor([[ 0.0513,  0.0661],
        [ 0.0216,  0.0737],
        [-0.0664, -0.0544],
        [-0.0515, -0.0711]], device='cuda:0')
1145 tensor([[ 0.0514,  0.0662],
        [ 0.0217,  0.0738],
        [-0.0665, -0.0544],
        [-0.0516, -0.0712]], device='cuda:0')
1146 tensor([[ 0.0515,  0.0663],
        [ 0.0218,  0.0738],
        [-0.0666, -0.0545],
        [-0.0517, -0.0713]], device='cuda:0')
1147 tensor([[ 0.0516,  0.0663],
        [ 0.0218,  0.0739],
        [-0.0667, -0.0546],
        [-0.0518, -0.0713]], device='cuda:0')
1148 tensor([[ 0.0517,  0.0664],
        [ 0.0219,  0.0739],
        [-0.0668, -0.0547],
        [-0.0518, -0.0714]], device='cuda:0')
1149 tensor([[ 0.0518,  0.0665],
        [ 0.0220,  0.0740],
        [-0.0669, -0.0547],
        [-0.0519, -0.0714]], device='cuda:0')
1150 tensor([[ 0.0519,  0.0665],
        [ 0.0221,  0.0740],
        [-0.0670, -0.0548],
        [-0.0520, -0.0715]], device='cuda:0')
1151 tensor([[ 0.0520,  0.0666],
        [ 0.0221,  0.0741],
        [-0.0671, -0.0548],
        [-0.0521, -0.0715]], device='cuda:0')
1152 tensor([[ 0.0520,  0.0667],
        [ 0.0222,  0.0741],
        [-0.0672, -0.0549],
        [-0.0522, -0.0716]], device='cuda:0')
1153 tensor([[ 0.0521,  0.0667],
        [ 0.0223,  0.0742],
        [-0.0673, -0.0550],
        [-0.0522, -0.0716]], device='cuda:0')
1154 tensor([[ 0.0522,  0.0668],
        [ 0.0224,  0.0742],
        [-0.0674, -0.0550],
        [-0.0523, -0.0717]], device='cuda:0')
1155 tensor([[ 0.0523,  0.0669],
        [ 0.0224,  0.0743],
        [-0.0675, -0.0551],
        [-0.0524, -0.0717]], device='cuda:0')
1156 tensor([[ 0.0524,  0.0669],
        [ 0.0225,  0.0743],
        [-0.0676, -0.0551],
        [-0.0525, -0.0718]], device='cuda:0')
1157 tensor([[ 0.0525,  0.0670],
        [ 0.0226,  0.0744],
        [-0.0677, -0.0552],
        [-0.0525, -0.0718]], device='cuda:0')
1158 tensor([[ 0.0526,  0.0671],
        [ 0.0227,  0.0744],
        [-0.0678, -0.0552],
        [-0.0526, -0.0719]], device='cuda:0')
1159 tensor([[ 0.0527,  0.0671],
        [ 0.0227,  0.0745],
        [-0.0679, -0.0553],
        [-0.0527, -0.0719]], device='cuda:0')
1160 tensor([[ 0.0527,  0.0672],
        [ 0.0228,  0.0745],
        [-0.0680, -0.0554],
        [-0.0528, -0.0720]], device='cuda:0')
1161 tensor([[ 0.0528,  0.0673],
        [ 0.0229,  0.0746],
        [-0.0681, -0.0554],
        [-0.0528, -0.0720]], device='cuda:0')
1162 tensor([[ 0.0529,  0.0673],
        [ 0.0230,  0.0746],
        [-0.0682, -0.0555],
        [-0.0529, -0.0721]], device='cuda:0')
1163 tensor([[ 0.0530,  0.0674],
        [ 0.0231,  0.0747],
        [-0.0683, -0.0555],
        [-0.0530, -0.0721]], device='cuda:0')
1164 tensor([[ 0.0531,  0.0674],
        [ 0.0232,  0.0747],
        [-0.0684, -0.0556],
        [-0.0531, -0.0722]], device='cuda:0')
1165 tensor([[ 0.0532,  0.0675],
        [ 0.0233,  0.0748],
        [-0.0684, -0.0557],
        [-0.0532, -0.0722]], device='cuda:0')
1166 tensor([[ 0.0533,  0.0675],
        [ 0.0234,  0.0748],
        [-0.0685, -0.0557],
        [-0.0533, -0.0723]], device='cuda:0')
1167 tensor([[ 0.0533,  0.0676],
        [ 0.0235,  0.0748],
        [-0.0686, -0.0558],
        [-0.0534, -0.0723]], device='cuda:0')
1168 tensor([[ 0.0534,  0.0677],
        [ 0.0236,  0.0749],
        [-0.0687, -0.0558],
        [-0.0535, -0.0724]], device='cuda:0')
1169 tensor([[ 0.0535,  0.0677],
        [ 0.0237,  0.0749],
        [-0.0688, -0.0559],
        [-0.0536, -0.0724]], device='cuda:0')
1170 tensor([[ 0.0536,  0.0678],
        [ 0.0239,  0.0750],
        [-0.0689, -0.0560],
        [-0.0537, -0.0725]], device='cuda:0')
1171 tensor([[ 0.0537,  0.0678],
        [ 0.0240,  0.0750],
        [-0.0690, -0.0560],
        [-0.0538, -0.0725]], device='cuda:0')
1172 tensor([[ 0.0538,  0.0679],
        [ 0.0241,  0.0750],
        [-0.0690, -0.0561],
        [-0.0539, -0.0726]], device='cuda:0')
1173 tensor([[ 0.0539,  0.0679],
        [ 0.0242,  0.0751],
        [-0.0691, -0.0561],
        [-0.0540, -0.0726]], device='cuda:0')
1174 tensor([[ 0.0539,  0.0680],
        [ 0.0243,  0.0751],
        [-0.0692, -0.0562],
        [-0.0541, -0.0727]], device='cuda:0')
1175 tensor([[ 0.0540,  0.0680],
        [ 0.0244,  0.0752],
        [-0.0693, -0.0562],
        [-0.0542, -0.0727]], device='cuda:0')
1176 tensor([[ 0.0541,  0.0681],
        [ 0.0245,  0.0752],
        [-0.0694, -0.0563],
        [-0.0543, -0.0728]], device='cuda:0')
1177 tensor([[ 0.0542,  0.0681],
        [ 0.0246,  0.0752],
        [-0.0694, -0.0564],
        [-0.0544, -0.0728]], device='cuda:0')
1178 tensor([[ 0.0543,  0.0682],
        [ 0.0247,  0.0753],
        [-0.0695, -0.0564],
        [-0.0545, -0.0728]], device='cuda:0')
1179 tensor([[ 0.0544,  0.0683],
        [ 0.0248,  0.0753],
        [-0.0696, -0.0565],
        [-0.0546, -0.0729]], device='cuda:0')
1180 tensor([[ 0.0544,  0.0683],
        [ 0.0249,  0.0754],
        [-0.0697, -0.0565],
        [-0.0547, -0.0729]], device='cuda:0')
1181 tensor([[ 0.0545,  0.0684],
        [ 0.0250,  0.0754],
        [-0.0698, -0.0566],
        [-0.0548, -0.0730]], device='cuda:0')
1182 tensor([[ 0.0546,  0.0684],
        [ 0.0251,  0.0754],
        [-0.0698, -0.0566],
        [-0.0549, -0.0730]], device='cuda:0')
1183 tensor([[ 0.0547,  0.0685],
        [ 0.0252,  0.0755],
        [-0.0699, -0.0567],
        [-0.0550, -0.0731]], device='cuda:0')
1184 tensor([[ 0.0548,  0.0685],
        [ 0.0253,  0.0755],
        [-0.0700, -0.0567],
        [-0.0551, -0.0731]], device='cuda:0')
1185 tensor([[ 0.0548,  0.0686],
        [ 0.0254,  0.0755],
        [-0.0701, -0.0568],
        [-0.0552, -0.0732]], device='cuda:0')
1186 tensor([[ 0.0549,  0.0686],
        [ 0.0255,  0.0756],
        [-0.0701, -0.0569],
        [-0.0553, -0.0732]], device='cuda:0')
1187 tensor([[ 0.0550,  0.0687],
        [ 0.0256,  0.0756],
        [-0.0702, -0.0569],
        [-0.0554, -0.0733]], device='cuda:0')
1188 tensor([[ 0.0551,  0.0687],
        [ 0.0257,  0.0757],
        [-0.0703, -0.0570],
        [-0.0555, -0.0733]], device='cuda:0')
1189 tensor([[ 0.0552,  0.0688],
        [ 0.0258,  0.0757],
        [-0.0704, -0.0570],
        [-0.0555, -0.0734]], device='cuda:0')
1190 tensor([[ 0.0552,  0.0688],
        [ 0.0259,  0.0757],
        [-0.0704, -0.0571],
        [-0.0556, -0.0734]], device='cuda:0')
1191 tensor([[ 0.0553,  0.0689],
        [ 0.0260,  0.0758],
        [-0.0705, -0.0571],
        [-0.0557, -0.0735]], device='cuda:0')
1192 tensor([[ 0.0554,  0.0689],
        [ 0.0261,  0.0758],
        [-0.0706, -0.0572],
        [-0.0558, -0.0735]], device='cuda:0')
1193 tensor([[ 0.0555,  0.0689],
        [ 0.0262,  0.0758],
        [-0.0707, -0.0572],
        [-0.0559, -0.0735]], device='cuda:0')
1194 tensor([[ 0.0555,  0.0690],
        [ 0.0263,  0.0759],
        [-0.0707, -0.0573],
        [-0.0559, -0.0736]], device='cuda:0')
1195 tensor([[ 0.0556,  0.0690],
        [ 0.0264,  0.0759],
        [-0.0708, -0.0573],
        [-0.0560, -0.0736]], device='cuda:0')
1196 tensor([[ 0.0557,  0.0691],
        [ 0.0264,  0.0759],
        [-0.0709, -0.0574],
        [-0.0560, -0.0737]], device='cuda:0')
1197 tensor([[ 0.0558,  0.0691],
        [ 0.0265,  0.0760],
        [-0.0709, -0.0574],
        [-0.0561, -0.0737]], device='cuda:0')
1198 tensor([[ 0.0558,  0.0692],
        [ 0.0265,  0.0760],
        [-0.0710, -0.0575],
        [-0.0561, -0.0738]], device='cuda:0')
1199 tensor([[ 0.0559,  0.0692],
        [ 0.0266,  0.0760],
        [-0.0711, -0.0575],
        [-0.0562, -0.0738]], device='cuda:0')
1200 tensor([[ 0.0560,  0.0693],
        [ 0.0266,  0.0761],
        [-0.0712, -0.0576],
        [-0.0562, -0.0738]], device='cuda:0')
1201 tensor([[ 0.0560,  0.0693],
        [ 0.0267,  0.0761],
        [-0.0712, -0.0576],
        [-0.0563, -0.0739]], device='cuda:0')
1202 tensor([[ 0.0561,  0.0694],
        [ 0.0268,  0.0761],
        [-0.0713, -0.0577],
        [-0.0563, -0.0739]], device='cuda:0')
1203 tensor([[ 0.0562,  0.0694],
        [ 0.0268,  0.0762],
        [-0.0714, -0.0577],
        [-0.0564, -0.0740]], device='cuda:0')
1204 tensor([[ 0.0563,  0.0695],
        [ 0.0269,  0.0762],
        [-0.0714, -0.0578],
        [-0.0564, -0.0740]], device='cuda:0')
1205 tensor([[ 0.0563,  0.0695],
        [ 0.0269,  0.0762],
        [-0.0715, -0.0578],
        [-0.0565, -0.0741]], device='cuda:0')
1206 tensor([[ 0.0564,  0.0696],
        [ 0.0270,  0.0763],
        [-0.0716, -0.0579],
        [-0.0565, -0.0741]], device='cuda:0')
1207 tensor([[ 0.0565,  0.0696],
        [ 0.0270,  0.0763],
        [-0.0716, -0.0579],
        [-0.0566, -0.0741]], device='cuda:0')
1208 tensor([[ 0.0565,  0.0696],
        [ 0.0271,  0.0763],
        [-0.0717, -0.0580],
        [-0.0566, -0.0741]], device='cuda:0')
1209 tensor([[ 0.0566,  0.0697],
        [ 0.0271,  0.0764],
        [-0.0718, -0.0580],
        [-0.0567, -0.0741]], device='cuda:0')
1210 tensor([[ 0.0567,  0.0697],
        [ 0.0272,  0.0764],
        [-0.0719, -0.0581],
        [-0.0567, -0.0741]], device='cuda:0')
1211 tensor([[ 0.0567,  0.0698],
        [ 0.0272,  0.0764],
        [-0.0719, -0.0581],
        [-0.0568, -0.0741]], device='cuda:0')
1212 tensor([[ 0.0568,  0.0698],
        [ 0.0273,  0.0764],
        [-0.0720, -0.0581],
        [-0.0568, -0.0742]], device='cuda:0')
1213 tensor([[ 0.0569,  0.0699],
        [ 0.0273,  0.0764],
        [-0.0721, -0.0582],
        [-0.0569, -0.0742]], device='cuda:0')
1214 tensor([[ 0.0569,  0.0699],
        [ 0.0274,  0.0764],
        [-0.0721, -0.0582],
        [-0.0570, -0.0742]], device='cuda:0')
1215 tensor([[ 0.0570,  0.0700],
        [ 0.0274,  0.0764],
        [-0.0722, -0.0583],
        [-0.0570, -0.0742]], device='cuda:0')
1216 tensor([[ 0.0570,  0.0700],
        [ 0.0275,  0.0764],
        [-0.0723, -0.0583],
        [-0.0571, -0.0742]], device='cuda:0')
1217 tensor([[ 0.0571,  0.0701],
        [ 0.0275,  0.0764],
        [-0.0723, -0.0583],
        [-0.0571, -0.0742]], device='cuda:0')
1218 tensor([[ 0.0572,  0.0701],
        [ 0.0276,  0.0764],
        [-0.0724, -0.0584],
        [-0.0572, -0.0742]], device='cuda:0')
1219 tensor([[ 0.0572,  0.0702],
        [ 0.0276,  0.0764],
        [-0.0725, -0.0584],
        [-0.0572, -0.0742]], device='cuda:0')
1220 tensor([[ 0.0573,  0.0702],
        [ 0.0277,  0.0764],
        [-0.0726, -0.0585],
        [-0.0573, -0.0742]], device='cuda:0')
1221 tensor([[ 0.0573,  0.0703],
        [ 0.0277,  0.0764],
        [-0.0726, -0.0585],
        [-0.0573, -0.0742]], device='cuda:0')
1222 tensor([[ 0.0574,  0.0703],
        [ 0.0278,  0.0764],
        [-0.0727, -0.0585],
        [-0.0574, -0.0742]], device='cuda:0')
1223 tensor([[ 0.0575,  0.0704],
        [ 0.0278,  0.0765],
        [-0.0728, -0.0586],
        [-0.0574, -0.0741]], device='cuda:0')
1224 tensor([[ 0.0575,  0.0704],
        [ 0.0279,  0.0764],
        [-0.0728, -0.0586],
        [-0.0575, -0.0741]], device='cuda:0')
1225 tensor([[ 0.0576,  0.0705],
        [ 0.0279,  0.0764],
        [-0.0729, -0.0587],
        [-0.0575, -0.0741]], device='cuda:0')
1226 tensor([[ 0.0576,  0.0705],
        [ 0.0280,  0.0764],
        [-0.0730, -0.0587],
        [-0.0576, -0.0740]], device='cuda:0')
1227 tensor([[ 0.0577,  0.0705],
        [ 0.0280,  0.0763],
        [-0.0730, -0.0587],
        [-0.0576, -0.0740]], device='cuda:0')
1228 tensor([[ 0.0577,  0.0706],
        [ 0.0280,  0.0763],
        [-0.0731, -0.0588],
        [-0.0577, -0.0740]], device='cuda:0')
1229 tensor([[ 0.0578,  0.0706],
        [ 0.0281,  0.0763],
        [-0.0732, -0.0588],
        [-0.0577, -0.0739]], device='cuda:0')
1230 tensor([[ 0.0579,  0.0707],
        [ 0.0281,  0.0762],
        [-0.0732, -0.0588],
        [-0.0578, -0.0739]], device='cuda:0')
1231 tensor([[ 0.0579,  0.0707],
        [ 0.0282,  0.0762],
        [-0.0733, -0.0589],
        [-0.0578, -0.0739]], device='cuda:0')
1232 tensor([[ 0.0580,  0.0708],
        [ 0.0282,  0.0762],
        [-0.0733, -0.0589],
        [-0.0579, -0.0738]], device='cuda:0')
1233 tensor([[ 0.0580,  0.0708],
        [ 0.0283,  0.0762],
        [-0.0734, -0.0590],
        [-0.0579, -0.0738]], device='cuda:0')
1234 tensor([[ 0.0581,  0.0709],
        [ 0.0283,  0.0761],
        [-0.0735, -0.0590],
        [-0.0580, -0.0738]], device='cuda:0')
1235 tensor([[ 0.0581,  0.0709],
        [ 0.0283,  0.0761],
        [-0.0735, -0.0590],
        [-0.0580, -0.0737]], device='cuda:0')
1236 tensor([[ 0.0582,  0.0710],
        [ 0.0284,  0.0761],
        [-0.0736, -0.0591],
        [-0.0581, -0.0737]], device='cuda:0')
1237 tensor([[ 0.0582,  0.0710],
        [ 0.0284,  0.0760],
        [-0.0737, -0.0591],
        [-0.0581, -0.0737]], device='cuda:0')
1238 tensor([[ 0.0583,  0.0710],
        [ 0.0285,  0.0760],
        [-0.0737, -0.0591],
        [-0.0582, -0.0736]], device='cuda:0')
1239 tensor([[ 0.0583,  0.0711],
        [ 0.0285,  0.0760],
        [-0.0738, -0.0592],
        [-0.0582, -0.0736]], device='cuda:0')
1240 tensor([[ 0.0584,  0.0711],
        [ 0.0286,  0.0760],
        [-0.0739, -0.0592],
        [-0.0582, -0.0736]], device='cuda:0')
1241 tensor([[ 0.0584,  0.0712],
        [ 0.0286,  0.0759],
        [-0.0739, -0.0592],
        [-0.0583, -0.0736]], device='cuda:0')
1242 tensor([[ 0.0585,  0.0712],
        [ 0.0286,  0.0759],
        [-0.0740, -0.0593],
        [-0.0583, -0.0735]], device='cuda:0')
1243 tensor([[ 0.0586,  0.0712],
        [ 0.0287,  0.0759],
        [-0.0740, -0.0593],
        [-0.0584, -0.0735]], device='cuda:0')
1244 tensor([[ 0.0586,  0.0713],
        [ 0.0287,  0.0759],
        [-0.0741, -0.0593],
        [-0.0584, -0.0735]], device='cuda:0')
1245 tensor([[ 0.0587,  0.0713],
        [ 0.0288,  0.0758],
        [-0.0742, -0.0594],
        [-0.0585, -0.0734]], device='cuda:0')
1246 tensor([[ 0.0587,  0.0714],
        [ 0.0288,  0.0758],
        [-0.0742, -0.0594],
        [-0.0585, -0.0734]], device='cuda:0')
1247 tensor([[ 0.0588,  0.0714],
        [ 0.0288,  0.0758],
        [-0.0743, -0.0594],
        [-0.0586, -0.0734]], device='cuda:0')
1248 tensor([[ 0.0588,  0.0715],
        [ 0.0289,  0.0758],
        [-0.0743, -0.0595],
        [-0.0586, -0.0733]], device='cuda:0')
1249 tensor([[ 0.0589,  0.0715],
        [ 0.0289,  0.0757],
        [-0.0744, -0.0595],
        [-0.0587, -0.0733]], device='cuda:0')
1250 tensor([[ 0.0589,  0.0715],
        [ 0.0290,  0.0757],
        [-0.0744, -0.0595],
        [-0.0587, -0.0733]], device='cuda:0')
1251 tensor([[ 0.0590,  0.0716],
        [ 0.0290,  0.0757],
        [-0.0745, -0.0596],
        [-0.0587, -0.0733]], device='cuda:0')
1252 tensor([[ 0.0590,  0.0716],
        [ 0.0290,  0.0756],
        [-0.0746, -0.0596],
        [-0.0588, -0.0732]], device='cuda:0')
1253 tensor([[ 0.0591,  0.0717],
        [ 0.0291,  0.0757],
        [-0.0746, -0.0596],
        [-0.0588, -0.0732]], device='cuda:0')
1254 tensor([[ 0.0591,  0.0717],
        [ 0.0291,  0.0757],
        [-0.0747, -0.0597],
        [-0.0589, -0.0732]], device='cuda:0')
1255 tensor([[ 0.0592,  0.0717],
        [ 0.0291,  0.0757],
        [-0.0747, -0.0597],
        [-0.0589, -0.0732]], device='cuda:0')
1256 tensor([[ 0.0592,  0.0718],
        [ 0.0292,  0.0757],
        [-0.0748, -0.0597],
        [-0.0590, -0.0732]], device='cuda:0')
1257 tensor([[ 0.0593,  0.0718],
        [ 0.0292,  0.0757],
        [-0.0748, -0.0598],
        [-0.0590, -0.0732]], device='cuda:0')
1258 tensor([[ 0.0593,  0.0719],
        [ 0.0293,  0.0757],
        [-0.0749, -0.0598],
        [-0.0590, -0.0732]], device='cuda:0')
1259 tensor([[ 0.0593,  0.0719],
        [ 0.0293,  0.0757],
        [-0.0750, -0.0598],
        [-0.0591, -0.0732]], device='cuda:0')
1260 tensor([[ 0.0594,  0.0719],
        [ 0.0293,  0.0758],
        [-0.0750, -0.0599],
        [-0.0591, -0.0733]], device='cuda:0')
1261 tensor([[ 0.0594,  0.0720],
        [ 0.0294,  0.0758],
        [-0.0751, -0.0599],
        [-0.0592, -0.0733]], device='cuda:0')
1262 tensor([[ 0.0595,  0.0720],
        [ 0.0294,  0.0758],
        [-0.0751, -0.0599],
        [-0.0592, -0.0733]], device='cuda:0')
1263 tensor([[ 0.0595,  0.0720],
        [ 0.0294,  0.0758],
        [-0.0752, -0.0600],
        [-0.0593, -0.0733]], device='cuda:0')
1264 tensor([[ 0.0596,  0.0721],
        [ 0.0295,  0.0758],
        [-0.0752, -0.0600],
        [-0.0593, -0.0733]], device='cuda:0')
1265 tensor([[ 0.0596,  0.0721],
        [ 0.0295,  0.0758],
        [-0.0753, -0.0600],
        [-0.0593, -0.0733]], device='cuda:0')
1266 tensor([[ 0.0597,  0.0722],
        [ 0.0295,  0.0758],
        [-0.0753, -0.0600],
        [-0.0594, -0.0733]], device='cuda:0')
1267 tensor([[ 0.0597,  0.0722],
        [ 0.0296,  0.0758],
        [-0.0754, -0.0601],
        [-0.0594, -0.0733]], device='cuda:0')
1268 tensor([[ 0.0598,  0.0722],
        [ 0.0296,  0.0759],
        [-0.0754, -0.0601],
        [-0.0595, -0.0733]], device='cuda:0')
1269 tensor([[ 0.0598,  0.0723],
        [ 0.0297,  0.0759],
        [-0.0755, -0.0601],
        [-0.0595, -0.0733]], device='cuda:0')
1270 tensor([[ 0.0599,  0.0723],
        [ 0.0297,  0.0759],
        [-0.0756, -0.0602],
        [-0.0595, -0.0734]], device='cuda:0')
1271 tensor([[ 0.0599,  0.0723],
        [ 0.0297,  0.0760],
        [-0.0756, -0.0602],
        [-0.0596, -0.0734]], device='cuda:0')
1272 tensor([[ 0.0599,  0.0724],
        [ 0.0298,  0.0760],
        [-0.0757, -0.0602],
        [-0.0596, -0.0734]], device='cuda:0')
1273 tensor([[ 0.0600,  0.0724],
        [ 0.0298,  0.0761],
        [-0.0757, -0.0602],
        [-0.0597, -0.0735]], device='cuda:0')
1274 tensor([[ 0.0600,  0.0724],
        [ 0.0298,  0.0761],
        [-0.0758, -0.0603],
        [-0.0597, -0.0735]], device='cuda:0')
1275 tensor([[ 0.0601,  0.0725],
        [ 0.0299,  0.0762],
        [-0.0758, -0.0603],
        [-0.0597, -0.0736]], device='cuda:0')
1276 tensor([[ 0.0601,  0.0725],
        [ 0.0299,  0.0762],
        [-0.0759, -0.0603],
        [-0.0598, -0.0736]], device='cuda:0')
1277 tensor([[ 0.0602,  0.0725],
        [ 0.0299,  0.0762],
        [-0.0759, -0.0604],
        [-0.0598, -0.0736]], device='cuda:0')
1278 tensor([[ 0.0602,  0.0726],
        [ 0.0300,  0.0763],
        [-0.0760, -0.0604],
        [-0.0598, -0.0737]], device='cuda:0')
1279 tensor([[ 0.0602,  0.0726],
        [ 0.0300,  0.0763],
        [-0.0760, -0.0604],
        [-0.0599, -0.0737]], device='cuda:0')
1280 tensor([[ 0.0603,  0.0726],
        [ 0.0300,  0.0763],
        [-0.0761, -0.0604],
        [-0.0599, -0.0737]], device='cuda:0')
1281 tensor([[ 0.0603,  0.0727],
        [ 0.0301,  0.0764],
        [-0.0761, -0.0605],
        [-0.0600, -0.0738]], device='cuda:0')
1282 tensor([[ 0.0604,  0.0727],
        [ 0.0301,  0.0764],
        [-0.0762, -0.0605],
        [-0.0600, -0.0738]], device='cuda:0')
1283 tensor([[ 0.0604,  0.0727],
        [ 0.0301,  0.0765],
        [-0.0762, -0.0605],
        [-0.0600, -0.0738]], device='cuda:0')
1284 tensor([[ 0.0605,  0.0728],
        [ 0.0302,  0.0765],
        [-0.0763, -0.0606],
        [-0.0601, -0.0739]], device='cuda:0')
1285 tensor([[ 0.0605,  0.0728],
        [ 0.0302,  0.0766],
        [-0.0763, -0.0606],
        [-0.0601, -0.0739]], device='cuda:0')
1286 tensor([[ 0.0605,  0.0728],
        [ 0.0302,  0.0767],
        [-0.0763, -0.0606],
        [-0.0601, -0.0740]], device='cuda:0')
1287 tensor([[ 0.0606,  0.0729],
        [ 0.0303,  0.0767],
        [-0.0764, -0.0606],
        [-0.0602, -0.0740]], device='cuda:0')
1288 tensor([[ 0.0606,  0.0729],
        [ 0.0303,  0.0768],
        [-0.0764, -0.0607],
        [-0.0602, -0.0741]], device='cuda:0')
1289 tensor([[ 0.0607,  0.0729],
        [ 0.0303,  0.0768],
        [-0.0765, -0.0607],
        [-0.0602, -0.0741]], device='cuda:0')
1290 tensor([[ 0.0607,  0.0730],
        [ 0.0303,  0.0769],
        [-0.0765, -0.0607],
        [-0.0603, -0.0742]], device='cuda:0')
1291 tensor([[ 0.0607,  0.0730],
        [ 0.0304,  0.0770],
        [-0.0766, -0.0607],
        [-0.0603, -0.0743]], device='cuda:0')
1292 tensor([[ 0.0608,  0.0730],
        [ 0.0304,  0.0770],
        [-0.0766, -0.0608],
        [-0.0604, -0.0743]], device='cuda:0')
1293 tensor([[ 0.0608,  0.0731],
        [ 0.0304,  0.0771],
        [-0.0767, -0.0608],
        [-0.0604, -0.0744]], device='cuda:0')
1294 tensor([[ 0.0609,  0.0731],
        [ 0.0305,  0.0771],
        [-0.0767, -0.0608],
        [-0.0604, -0.0744]], device='cuda:0')
1295 tensor([[ 0.0609,  0.0731],
        [ 0.0305,  0.0772],
        [-0.0768, -0.0608],
        [-0.0605, -0.0745]], device='cuda:0')
1296 tensor([[ 0.0609,  0.0732],
        [ 0.0305,  0.0772],
        [-0.0768, -0.0609],
        [-0.0605, -0.0746]], device='cuda:0')
1297 tensor([[ 0.0610,  0.0732],
        [ 0.0306,  0.0773],
        [-0.0769, -0.0609],
        [-0.0605, -0.0746]], device='cuda:0')
1298 tensor([[ 0.0610,  0.0732],
        [ 0.0306,  0.0774],
        [-0.0769, -0.0609],
        [-0.0606, -0.0747]], device='cuda:0')
1299 tensor([[ 0.0610,  0.0733],
        [ 0.0306,  0.0774],
        [-0.0769, -0.0609],
        [-0.0606, -0.0747]], device='cuda:0')
1300 tensor([[ 0.0611,  0.0733],
        [ 0.0306,  0.0775],
        [-0.0770, -0.0610],
        [-0.0606, -0.0748]], device='cuda:0')
1301 tensor([[ 0.0611,  0.0733],
        [ 0.0307,  0.0776],
        [-0.0770, -0.0610],
        [-0.0607, -0.0748]], device='cuda:0')
1302 tensor([[ 0.0612,  0.0734],
        [ 0.0307,  0.0777],
        [-0.0771, -0.0610],
        [-0.0607, -0.0749]], device='cuda:0')
1303 tensor([[ 0.0612,  0.0734],
        [ 0.0307,  0.0777],
        [-0.0771, -0.0610],
        [-0.0607, -0.0750]], device='cuda:0')
1304 tensor([[ 0.0612,  0.0734],
        [ 0.0308,  0.0778],
        [-0.0772, -0.0611],
        [-0.0608, -0.0750]], device='cuda:0')
1305 tensor([[ 0.0613,  0.0734],
        [ 0.0308,  0.0779],
        [-0.0772, -0.0611],
        [-0.0608, -0.0751]], device='cuda:0')
1306 tensor([[ 0.0613,  0.0735],
        [ 0.0308,  0.0780],
        [-0.0773, -0.0611],
        [-0.0608, -0.0752]], device='cuda:0')
1307 tensor([[ 0.0613,  0.0735],
        [ 0.0308,  0.0780],
        [-0.0773, -0.0611],
        [-0.0609, -0.0753]], device='cuda:0')
1308 tensor([[ 0.0614,  0.0735],
        [ 0.0309,  0.0781],
        [-0.0773, -0.0612],
        [-0.0609, -0.0753]], device='cuda:0')
1309 tensor([[ 0.0614,  0.0736],
        [ 0.0309,  0.0782],
        [-0.0774, -0.0612],
        [-0.0609, -0.0754]], device='cuda:0')
1310 tensor([[ 0.0614,  0.0736],
        [ 0.0309,  0.0782],
        [-0.0774, -0.0612],
        [-0.0610, -0.0755]], device='cuda:0')
1311 tensor([[ 0.0615,  0.0736],
        [ 0.0310,  0.0783],
        [-0.0775, -0.0612],
        [-0.0610, -0.0756]], device='cuda:0')
1312 tensor([[ 0.0615,  0.0736],
        [ 0.0310,  0.0783],
        [-0.0775, -0.0613],
        [-0.0610, -0.0756]], device='cuda:0')
1313 tensor([[ 0.0616,  0.0737],
        [ 0.0310,  0.0784],
        [-0.0775, -0.0613],
        [-0.0610, -0.0757]], device='cuda:0')
1314 tensor([[ 0.0616,  0.0737],
        [ 0.0311,  0.0785],
        [-0.0776, -0.0613],
        [-0.0611, -0.0758]], device='cuda:0')
1315 tensor([[ 0.0616,  0.0737],
        [ 0.0311,  0.0785],
        [-0.0776, -0.0613],
        [-0.0611, -0.0758]], device='cuda:0')
1316 tensor([[ 0.0617,  0.0737],
        [ 0.0312,  0.0786],
        [-0.0776, -0.0614],
        [-0.0611, -0.0759]], device='cuda:0')
1317 tensor([[ 0.0617,  0.0738],
        [ 0.0312,  0.0786],
        [-0.0777, -0.0614],
        [-0.0611, -0.0760]], device='cuda:0')
1318 tensor([[ 0.0618,  0.0738],
        [ 0.0313,  0.0787],
        [-0.0777, -0.0614],
        [-0.0612, -0.0761]], device='cuda:0')
1319 tensor([[ 0.0618,  0.0738],
        [ 0.0314,  0.0788],
        [-0.0777, -0.0615],
        [-0.0612, -0.0761]], device='cuda:0')
1320 tensor([[ 0.0618,  0.0738],
        [ 0.0314,  0.0788],
        [-0.0778, -0.0615],
        [-0.0612, -0.0762]], device='cuda:0')
1321 tensor([[ 0.0619,  0.0738],
        [ 0.0315,  0.0789],
        [-0.0778, -0.0615],
        [-0.0613, -0.0763]], device='cuda:0')
1322 tensor([[ 0.0619,  0.0739],
        [ 0.0315,  0.0789],
        [-0.0778, -0.0615],
        [-0.0613, -0.0763]], device='cuda:0')
1323 tensor([[ 0.0620,  0.0739],
        [ 0.0316,  0.0790],
        [-0.0779, -0.0616],
        [-0.0614, -0.0764]], device='cuda:0')
1324 tensor([[ 0.0620,  0.0739],
        [ 0.0316,  0.0790],
        [-0.0779, -0.0616],
        [-0.0614, -0.0765]], device='cuda:0')
1325 tensor([[ 0.0620,  0.0739],
        [ 0.0316,  0.0791],
        [-0.0779, -0.0616],
        [-0.0614, -0.0765]], device='cuda:0')
1326 tensor([[ 0.0621,  0.0740],
        [ 0.0317,  0.0791],
        [-0.0780, -0.0617],
        [-0.0615, -0.0766]], device='cuda:0')
1327 tensor([[ 0.0621,  0.0740],
        [ 0.0317,  0.0792],
        [-0.0780, -0.0617],
        [-0.0615, -0.0767]], device='cuda:0')
1328 tensor([[ 0.0621,  0.0740],
        [ 0.0318,  0.0793],
        [-0.0780, -0.0617],
        [-0.0616, -0.0767]], device='cuda:0')
1329 tensor([[ 0.0622,  0.0741],
        [ 0.0318,  0.0794],
        [-0.0781, -0.0618],
        [-0.0616, -0.0768]], device='cuda:0')
1330 tensor([[ 0.0622,  0.0742],
        [ 0.0318,  0.0794],
        [-0.0781, -0.0618],
        [-0.0616, -0.0769]], device='cuda:0')
1331 tensor([[ 0.0622,  0.0742],
        [ 0.0319,  0.0795],
        [-0.0782, -0.0619],
        [-0.0617, -0.0769]], device='cuda:0')
1332 tensor([[ 0.0623,  0.0743],
        [ 0.0319,  0.0796],
        [-0.0782, -0.0619],
        [-0.0617, -0.0770]], device='cuda:0')
1333 tensor([[ 0.0623,  0.0744],
        [ 0.0319,  0.0797],
        [-0.0782, -0.0620],
        [-0.0618, -0.0771]], device='cuda:0')
1334 tensor([[ 0.0623,  0.0744],
        [ 0.0320,  0.0798],
        [-0.0783, -0.0621],
        [-0.0618, -0.0772]], device='cuda:0')
1335 tensor([[ 0.0624,  0.0745],
        [ 0.0320,  0.0798],
        [-0.0783, -0.0621],
        [-0.0619, -0.0772]], device='cuda:0')
1336 tensor([[ 0.0624,  0.0745],
        [ 0.0321,  0.0799],
        [-0.0783, -0.0622],
        [-0.0619, -0.0773]], device='cuda:0')
1337 tensor([[ 0.0624,  0.0746],
        [ 0.0321,  0.0800],
        [-0.0784, -0.0622],
        [-0.0619, -0.0774]], device='cuda:0')
1338 tensor([[ 0.0624,  0.0747],
        [ 0.0321,  0.0801],
        [-0.0784, -0.0623],
        [-0.0620, -0.0775]], device='cuda:0')
1339 tensor([[ 0.0625,  0.0747],
        [ 0.0322,  0.0801],
        [-0.0784, -0.0623],
        [-0.0620, -0.0775]], device='cuda:0')
1340 tensor([[ 0.0625,  0.0748],
        [ 0.0322,  0.0802],
        [-0.0785, -0.0624],
        [-0.0621, -0.0776]], device='cuda:0')
1341 tensor([[ 0.0625,  0.0748],
        [ 0.0322,  0.0803],
        [-0.0785, -0.0625],
        [-0.0621, -0.0777]], device='cuda:0')
1342 tensor([[ 0.0626,  0.0749],
        [ 0.0323,  0.0803],
        [-0.0785, -0.0625],
        [-0.0621, -0.0778]], device='cuda:0')
1343 tensor([[ 0.0626,  0.0750],
        [ 0.0323,  0.0804],
        [-0.0786, -0.0626],
        [-0.0622, -0.0778]], device='cuda:0')
1344 tensor([[ 0.0626,  0.0751],
        [ 0.0323,  0.0805],
        [-0.0786, -0.0627],
        [-0.0622, -0.0779]], device='cuda:0')
1345 tensor([[ 0.0627,  0.0752],
        [ 0.0324,  0.0806],
        [-0.0786, -0.0627],
        [-0.0623, -0.0780]], device='cuda:0')
1346 tensor([[ 0.0627,  0.0753],
        [ 0.0324,  0.0807],
        [-0.0787, -0.0628],
        [-0.0623, -0.0780]], device='cuda:0')
1347 tensor([[ 0.0627,  0.0754],
        [ 0.0324,  0.0808],
        [-0.0787, -0.0629],
        [-0.0623, -0.0781]], device='cuda:0')
1348 tensor([[ 0.0627,  0.0755],
        [ 0.0325,  0.0809],
        [-0.0787, -0.0630],
        [-0.0624, -0.0782]], device='cuda:0')
1349 tensor([[ 0.0628,  0.0756],
        [ 0.0325,  0.0809],
        [-0.0788, -0.0631],
        [-0.0624, -0.0783]], device='cuda:0')
1350 tensor([[ 0.0628,  0.0757],
        [ 0.0325,  0.0810],
        [-0.0788, -0.0632],
        [-0.0624, -0.0784]], device='cuda:0')
1351 tensor([[ 0.0628,  0.0757],
        [ 0.0326,  0.0811],
        [-0.0788, -0.0633],
        [-0.0625, -0.0784]], device='cuda:0')
1352 tensor([[ 0.0628,  0.0758],
        [ 0.0326,  0.0812],
        [-0.0789, -0.0634],
        [-0.0625, -0.0785]], device='cuda:0')
1353 tensor([[ 0.0629,  0.0759],
        [ 0.0326,  0.0813],
        [-0.0789, -0.0635],
        [-0.0626, -0.0786]], device='cuda:0')
1354 tensor([[ 0.0629,  0.0760],
        [ 0.0327,  0.0813],
        [-0.0789, -0.0635],
        [-0.0626, -0.0787]], device='cuda:0')
1355 tensor([[ 0.0629,  0.0761],
        [ 0.0327,  0.0814],
        [-0.0790, -0.0636],
        [-0.0626, -0.0788]], device='cuda:0')
1356 tensor([[ 0.0630,  0.0762],
        [ 0.0327,  0.0815],
        [-0.0790, -0.0637],
        [-0.0627, -0.0789]], device='cuda:0')
1357 tensor([[ 0.0630,  0.0763],
        [ 0.0328,  0.0815],
        [-0.0790, -0.0638],
        [-0.0627, -0.0790]], device='cuda:0')
1358 tensor([[ 0.0630,  0.0764],
        [ 0.0328,  0.0816],
        [-0.0791, -0.0639],
        [-0.0627, -0.0790]], device='cuda:0')
1359 tensor([[ 0.0630,  0.0765],
        [ 0.0328,  0.0817],
        [-0.0791, -0.0640],
        [-0.0628, -0.0791]], device='cuda:0')
1360 tensor([[ 0.0631,  0.0766],
        [ 0.0329,  0.0818],
        [-0.0791, -0.0641],
        [-0.0628, -0.0792]], device='cuda:0')
1361 tensor([[ 0.0631,  0.0768],
        [ 0.0329,  0.0819],
        [-0.0792, -0.0642],
        [-0.0628, -0.0792]], device='cuda:0')
1362 tensor([[ 0.0631,  0.0769],
        [ 0.0329,  0.0820],
        [-0.0792, -0.0643],
        [-0.0629, -0.0793]], device='cuda:0')
1363 tensor([[ 0.0631,  0.0770],
        [ 0.0330,  0.0821],
        [-0.0792, -0.0644],
        [-0.0629, -0.0794]], device='cuda:0')
1364 tensor([[ 0.0632,  0.0771],
        [ 0.0330,  0.0822],
        [-0.0793, -0.0645],
        [-0.0630, -0.0795]], device='cuda:0')
1365 tensor([[ 0.0632,  0.0772],
        [ 0.0330,  0.0823],
        [-0.0793, -0.0646],
        [-0.0630, -0.0796]], device='cuda:0')
1366 tensor([[ 0.0632,  0.0773],
        [ 0.0331,  0.0823],
        [-0.0793, -0.0647],
        [-0.0630, -0.0797]], device='cuda:0')
1367 tensor([[ 0.0632,  0.0774],
        [ 0.0331,  0.0824],
        [-0.0793, -0.0649],
        [-0.0631, -0.0797]], device='cuda:0')
1368 tensor([[ 0.0633,  0.0776],
        [ 0.0331,  0.0825],
        [-0.0794, -0.0650],
        [-0.0631, -0.0798]], device='cuda:0')
1369 tensor([[ 0.0633,  0.0777],
        [ 0.0332,  0.0825],
        [-0.0794, -0.0651],
        [-0.0631, -0.0799]], device='cuda:0')
1370 tensor([[ 0.0633,  0.0778],
        [ 0.0332,  0.0826],
        [-0.0794, -0.0652],
        [-0.0632, -0.0800]], device='cuda:0')
1371 tensor([[ 0.0633,  0.0779],
        [ 0.0332,  0.0827],
        [-0.0795, -0.0653],
        [-0.0632, -0.0801]], device='cuda:0')
1372 tensor([[ 0.0634,  0.0780],
        [ 0.0332,  0.0827],
        [-0.0795, -0.0654],
        [-0.0632, -0.0802]], device='cuda:0')
1373 tensor([[ 0.0634,  0.0781],
        [ 0.0333,  0.0828],
        [-0.0795, -0.0655],
        [-0.0633, -0.0803]], device='cuda:0')
1374 tensor([[ 0.0635,  0.0782],
        [ 0.0333,  0.0829],
        [-0.0795, -0.0656],
        [-0.0633, -0.0803]], device='cuda:0')
1375 tensor([[ 0.0635,  0.0783],
        [ 0.0334,  0.0829],
        [-0.0796, -0.0657],
        [-0.0633, -0.0804]], device='cuda:0')
1376 tensor([[ 0.0636,  0.0784],
        [ 0.0334,  0.0830],
        [-0.0797, -0.0658],
        [-0.0633, -0.0805]], device='cuda:0')
1377 tensor([[ 0.0637,  0.0785],
        [ 0.0335,  0.0831],
        [-0.0797, -0.0659],
        [-0.0633, -0.0806]], device='cuda:0')
1378 tensor([[ 0.0637,  0.0786],
        [ 0.0335,  0.0831],
        [-0.0798, -0.0660],
        [-0.0633, -0.0807]], device='cuda:0')
1379 tensor([[ 0.0638,  0.0787],
        [ 0.0336,  0.0832],
        [-0.0798, -0.0662],
        [-0.0634, -0.0808]], device='cuda:0')
1380 tensor([[ 0.0638,  0.0788],
        [ 0.0336,  0.0833],
        [-0.0799, -0.0663],
        [-0.0634, -0.0809]], device='cuda:0')
1381 tensor([[ 0.0639,  0.0789],
        [ 0.0337,  0.0833],
        [-0.0799, -0.0664],
        [-0.0634, -0.0809]], device='cuda:0')
1382 tensor([[ 0.0640,  0.0790],
        [ 0.0337,  0.0834],
        [-0.0800, -0.0665],
        [-0.0635, -0.0810]], device='cuda:0')
1383 tensor([[ 0.0640,  0.0791],
        [ 0.0337,  0.0835],
        [-0.0800, -0.0666],
        [-0.0635, -0.0811]], device='cuda:0')
1384 tensor([[ 0.0641,  0.0792],
        [ 0.0338,  0.0835],
        [-0.0801, -0.0667],
        [-0.0635, -0.0812]], device='cuda:0')
1385 tensor([[ 0.0641,  0.0793],
        [ 0.0338,  0.0836],
        [-0.0801, -0.0668],
        [-0.0636, -0.0813]], device='cuda:0')
1386 tensor([[ 0.0642,  0.0794],
        [ 0.0338,  0.0837],
        [-0.0802, -0.0669],
        [-0.0636, -0.0814]], device='cuda:0')
1387 tensor([[ 0.0642,  0.0795],
        [ 0.0339,  0.0837],
        [-0.0802, -0.0670],
        [-0.0636, -0.0814]], device='cuda:0')
1388 tensor([[ 0.0643,  0.0796],
        [ 0.0339,  0.0838],
        [-0.0803, -0.0671],
        [-0.0637, -0.0815]], device='cuda:0')
1389 tensor([[ 0.0643,  0.0797],
        [ 0.0339,  0.0839],
        [-0.0803, -0.0672],
        [-0.0637, -0.0816]], device='cuda:0')
1390 tensor([[ 0.0644,  0.0799],
        [ 0.0340,  0.0840],
        [-0.0804, -0.0673],
        [-0.0637, -0.0816]], device='cuda:0')
1391 tensor([[ 0.0644,  0.0800],
        [ 0.0340,  0.0840],
        [-0.0804, -0.0674],
        [-0.0638, -0.0817]], device='cuda:0')
1392 tensor([[ 0.0645,  0.0801],
        [ 0.0340,  0.0841],
        [-0.0805, -0.0675],
        [-0.0638, -0.0818]], device='cuda:0')
1393 tensor([[ 0.0645,  0.0802],
        [ 0.0341,  0.0842],
        [-0.0805, -0.0676],
        [-0.0638, -0.0818]], device='cuda:0')
1394 tensor([[ 0.0646,  0.0803],
        [ 0.0341,  0.0843],
        [-0.0806, -0.0678],
        [-0.0639, -0.0819]], device='cuda:0')
1395 tensor([[ 0.0646,  0.0805],
        [ 0.0341,  0.0844],
        [-0.0806, -0.0679],
        [-0.0639, -0.0820]], device='cuda:0')
1396 tensor([[ 0.0647,  0.0806],
        [ 0.0342,  0.0844],
        [-0.0807, -0.0680],
        [-0.0640, -0.0821]], device='cuda:0')
1397 tensor([[ 0.0647,  0.0807],
        [ 0.0342,  0.0845],
        [-0.0807, -0.0681],
        [-0.0640, -0.0821]], device='cuda:0')
1398 tensor([[ 0.0648,  0.0808],
        [ 0.0342,  0.0846],
        [-0.0808, -0.0682],
        [-0.0640, -0.0822]], device='cuda:0')
1399 tensor([[ 0.0648,  0.0809],
        [ 0.0342,  0.0846],
        [-0.0809, -0.0684],
        [-0.0641, -0.0823]], device='cuda:0')
1400 tensor([[ 0.0648,  0.0810],
        [ 0.0343,  0.0847],
        [-0.0809, -0.0685],
        [-0.0641, -0.0824]], device='cuda:0')
1401 tensor([[ 0.0649,  0.0812],
        [ 0.0343,  0.0847],
        [-0.0810, -0.0686],
        [-0.0641, -0.0825]], device='cuda:0')
1402 tensor([[ 0.0649,  0.0813],
        [ 0.0343,  0.0848],
        [-0.0810, -0.0687],
        [-0.0642, -0.0825]], device='cuda:0')
1403 tensor([[ 0.0650,  0.0814],
        [ 0.0344,  0.0849],
        [-0.0811, -0.0688],
        [-0.0642, -0.0826]], device='cuda:0')
1404 tensor([[ 0.0650,  0.0815],
        [ 0.0344,  0.0850],
        [-0.0811, -0.0689],
        [-0.0642, -0.0827]], device='cuda:0')
1405 tensor([[ 0.0651,  0.0817],
        [ 0.0344,  0.0850],
        [-0.0812, -0.0690],
        [-0.0643, -0.0827]], device='cuda:0')
1406 tensor([[ 0.0651,  0.0818],
        [ 0.0344,  0.0851],
        [-0.0812, -0.0691],
        [-0.0643, -0.0828]], device='cuda:0')
1407 tensor([[ 0.0652,  0.0819],
        [ 0.0345,  0.0852],
        [-0.0813, -0.0692],
        [-0.0643, -0.0829]], device='cuda:0')
1408 tensor([[ 0.0652,  0.0821],
        [ 0.0345,  0.0853],
        [-0.0813, -0.0694],
        [-0.0644, -0.0829]], device='cuda:0')
1409 tensor([[ 0.0652,  0.0822],
        [ 0.0345,  0.0854],
        [-0.0813, -0.0695],
        [-0.0644, -0.0830]], device='cuda:0')
