7867 0
7867 1
7867 2
7867 3
7867 5
7881 1
7882 0
7882 2
7882 4
7883 3
7897 0
7897 1
7897 2
7897 3
7897 5
7911 1
7912 0
7912 2
7912 4
7913 3
7927 0
7927 1
7927 2
7927 3
7927 4
7941 3
7942 0
7942 2
7942 5
7943 1
7957 0
7957 1
7957 2
7957 3
7957 4
7971 3
7972 0
7972 2
7972 5
7973 1
7987 0
7987 1
7987 2
7987 3
7987 4
8001 2
8001 3
8002 5
8003 0
8003 1
8016 2
8017 1
8017 3
8017 5
8018 0
8031 1
8031 2
8032 5
8033 0
8033 3
8045 1
8046 2
8047 4
8048 0
8049 3
8061 1
8062 0
8062 2
8062 4
8063 3
8077 0
8077 1
8077 2
8077 3
8077 5
8092 0
8092 1
8092 2
8092 3
8092 5
8106 1
8107 0
8107 2
8107 5
8108 3
8120 1
8122 0
8122 2
8122 5
8124 3
8134 1
8137 0
8137 2
8137 4
8140 3
8150 1
8152 0
8152 2
8152 4
8154 3
8166 0
8166 1
8167 5
8168 2
8168 3
8179 1
8181 0
8182 4
8183 2
8185 3
8195 1
8196 0
8197 5
8198 2
8199 3
8209 1
8211 0
8212 4
8213 2
8215 3
8225 1
8226 0
8227 4
8228 2
8229 3
8241 0
8241 1
8242 4
8243 2
8243 3
8255 0
8257 1
8257 3
8257 4
8259 2
8270 0
8271 3
8272 4
8273 1
8274 2
8285 3
8286 0
8287 5
8288 2
8289 1
8301 0
8301 3
8302 5
8303 1
8303 2
8316 0
8317 1
8317 3
8317 4
8318 2
8331 0
8331 3
8332 4
8333 1
8333 2
8345 3
8346 0
8347 5
8348 2
8349 1
8361 0
8361 3
8362 4
8363 1
8363 2
8375 3
8376 0
8377 5
8378 2
8379 1
8391 0
8392 1
8392 3
8392 5
8393 2
8406 0
8406 1
8407 4
8408 2
8408 3
8421 0
8422 1
8422 3
8422 4
8423 2
8436 0
8436 3
8437 4
8438 1
8438 2
8450 3
8451 0
8452 5
8453 2
8454 1
8466 3
8467 0
8467 2
8467 5
8468 1
8482 0
8482 1
8482 2
8482 3
8482 4
8496 3
8497 0
8497 2
8497 5
8498 1
8512 0
8512 1
8512 2
8512 3
8512 4
8526 3
8527 0
8527 2
8527 4
8528 1
8540 3
8542 0
8542 2
8542 4
8544 1
8554 3
8557 0
8557 2
8557 5
8560 1
8570 3
8571 2
8572 5
8573 0
8574 1
8586 2
8586 3
8587 4
8588 0
8588 1
8600 3
8601 2
8602 5
8603 0
8604 1
8616 2
8616 3
8617 5
8618 0
8618 1
8631 2
8632 1
8632 3
8632 5
8633 0
8646 1
8646 2
8647 4
8648 0
8648 3
8661 2
8661 3
8662 5
8663 0
8663 1
8676 2
8677 1
8677 3
8677 4
8678 0
8691 2
8691 3
8692 5
8693 0
8693 1
8706 2
8707 1
8707 3
8707 4
8708 0
8721 2
8721 3
8722 5
8723 0
8723 1
8736 2
8737 1
8737 3
8737 5
8738 0
8751 1
8751 2
8752 5
8753 0
8753 3
8765 1
8766 2
8767 5
8768 0
8769 3
8779 1
8781 2
8782 4
8783 0
8785 3
8795 1
8796 2
8797 5
8798 0
8799 3
8809 1
8811 2
8812 4
8813 0
8815 3
8825 1
8827 0
8827 2
8827 4
8829 3
8841 1
8842 0
8842 2
8842 4
8843 3
8857 0
8857 1
8857 2
8857 3
8857 5
8871 1
8872 0
8872 2
8872 5
8873 3
8885 1
8887 0
8887 2
8887 5
8889 3
8899 1
8902 0
8902 2
8902 4
8905 3
8915 1
8917 0
8917 2
8917 4
8919 3
8931 1
8932 0
8932 2
8932 5
8933 3
8945 1
8947 0
8947 2
8947 4
8949 3
8961 0
8961 1
8962 5
8963 2
8963 3
8975 1
8976 0
8977 4
8978 2
8979 3
8991 0
8991 1
8992 4
8993 2
8993 3
9006 0
9007 1
9007 3
9007 5
9008 2
9021 0
9021 1
9022 4
9023 2
9023 3
9036 0
9037 1
9037 3
9037 5
9038 2
9051 0
9051 1
9052 4
9053 2
9053 3
9066 0
9067 1
9067 3
9067 5
9068 2
9081 0
9081 1
9082 4
9083 2
9083 3
9096 0
9097 1
9097 3
9097 4
9098 2
9111 0
9111 3
9112 4
9113 1
9113 2
9125 3
9126 0
9127 4
9128 2
9129 1
9139 3
9141 0
9142 4
9143 2
9145 1
9153 3
9157 0
9157 2
9157 4
9161 1
9167 3
9172 0
9172 2
9172 4
9177 1
9181 3
9187 0
9187 2
9187 4
9193 1
9195 3
9201 2
9202 4
9203 0
9209 1
9210 3
9215 2
9217 4
9219 0
9224 1
9225 3
9230 2
9232 4
9234 0
9239 1
9240 3
9244 2
9247 4
9250 0
9254 1
9255 3
9258 2
9262 4
9266 0
9269 1
