107827 0
107827 1
107827 2
107827 3
107827 4
107841 3
107842 0
107842 2
107842 5
107843 1
107857 0
107857 1
107857 2
107857 3
107857 4
107871 3
107872 0
107872 2
107872 5
107873 1
107887 0
107887 1
107887 2
107887 3
107887 4
107901 3
107902 0
107902 2
107902 5
107903 1
107917 0
107917 1
107917 2
107917 3
107917 4
107931 3
107932 0
107932 2
107932 5
107933 1
107947 0
107947 1
107947 2
107947 3
107947 4
107961 3
107962 0
107962 2
107962 5
107963 1
107977 0
107977 1
107977 2
107977 3
107977 4
107991 3
107992 0
107992 2
107992 5
107993 1
108006 2
108007 1
108007 3
108007 4
108007 5
108008 0
108021 2
108021 3
108022 5
108023 0
108023 1
108036 2
108037 1
108037 3
108037 5
108038 0
108051 1
108051 2
108052 4
108053 0
108053 3
108066 2
108067 1
108067 3
108067 5
108068 0
108081 1
108081 2
108082 4
108083 0
108083 3
108096 2
108097 1
108097 3
108097 4
108097 5
108098 0
108111 2
108111 3
108112 5
108113 0
108113 1
108126 2
108127 1
108127 3
108127 5
108128 0
108141 1
108141 2
108142 5
108143 0
108143 3
108155 1
108156 2
108156 4
108157 4
108158 0
108159 3
108171 1
108171 2
108172 5
108173 0
108173 3
108186 1
108186 2
108187 4
108188 0
108188 3
108202 0
108202 1
108202 2
108202 3
108202 5
108216 1
108217 0
108217 2
108217 4
108218 3
108232 0
108232 1
108232 2
108232 3
108232 5
108246 1
108247 0
108247 2
108247 4
108248 3
108262 0
108262 1
108262 2
108262 3
108262 5
108276 1
108277 0
108277 2
108277 4
108278 3
108292 0
108292 1
108292 2
108292 3
108292 5
108306 1
108307 0
108307 2
108307 4
108308 3
108322 0
108322 1
108322 2
108322 3
108322 5
108336 1
108337 0
108337 2
108337 4
108338 3
108351 0
108352 1
108352 3
108352 5
108353 2
108366 0
108366 1
108367 4
108368 2
108368 3
108381 0
108381 1
108382 4
108382 5
108383 2
108383 3
108395 1
108396 0
108396 4
108397 4
108398 2
108399 3
108411 0
108411 1
108412 4
108413 2
108413 3
108426 0
108427 1
108427 3
108427 5
108428 2
108441 0
108441 1
108442 4
108443 2
108443 3
108456 0
108457 1
108457 3
108457 5
108458 2
108471 0
108471 1
108472 4
108473 2
108473 3
108486 0
108487 1
108487 3
108487 4
108488 2
108501 0
108501 3
108502 5
108503 1
108503 2
108516 0
108517 1
108517 3
108517 4
108518 2
108531 0
108531 3
108532 5
108533 1
108533 2
108546 0
108547 1
108547 3
108547 4
108548 2
108561 0
108561 3
108562 4
108563 1
108563 2
108575 3
108576 0
108576 5
108577 5
108578 2
108579 1
108591 0
108591 3
108592 4
108593 1
108593 2
108605 3
108606 0
108606 5
108607 5
108608 2
108609 1
108621 3
108622 0
108622 2
108622 4
108622 5
108623 1
108635 3
108636 5
108637 0
108637 2
108637 5
108639 1
108651 3
108652 0
108652 2
108652 4
108652 5
108653 1
108665 3
108666 5
108667 0
108667 2
108667 5
108669 1
108681 3
108682 0
108682 2
108682 4
108682 5
108683 1
108695 3
108696 5
108697 0
108697 2
108697 5
108699 1
108711 3
108712 0
108712 2
108712 5
108713 1
108727 0
108727 1
108727 2
108727 3
108727 5
108741 1
108742 0
108742 2
108742 5
108743 3
108755 1
108757 0
108757 2
108757 4
108759 3
108771 1
108772 0
108772 2
108772 5
108773 3
108785 1
108787 0
108787 2
108787 4
108789 3
108801 1
108802 0
108802 2
108802 4
108803 3
108816 0
108817 1
108817 3
108817 4
108818 2
108831 0
108831 3
108832 4
108833 1
108833 2
108845 3
108846 0
108846 5
108847 4
108848 2
108849 1
108859 3
108860 5
108862 0
108862 2
108862 5
108865 1
108875 3
108876 5
108877 0
108877 2
108877 4
108879 1
108889 3
108890 5
108892 0
108892 2
108892 5
108895 1
108906 3
108907 0
108907 2
108907 4
108907 5
108908 1
108919 3
108920 5
108922 0
108922 2
108922 5
108925 1
108935 3
108936 2
108936 5
108937 4
108938 0
108939 1
108949 3
108950 5
108951 2
108952 5
108953 0
108955 1
108956 4
108965 3
108966 2
108966 5
108967 5
108968 0
108969 1
108981 2
108981 3
108982 4
108982 5
108983 0
108983 1
108995 3
108996 2
108996 5
108997 5
108998 0
108999 1
109011 2
109011 3
109012 5
109013 0
109013 1
109026 2
109027 1
109027 3
109027 4
109028 0
109041 2
109041 3
109042 5
109043 0
109043 1
109055 2
109057 1
109057 3
109057 5
109059 0
109070 2
109071 1
109072 4
109073 3
109074 0
109085 2
109087 1
109087 3
109087 5
109089 0
109100 2
109101 1
109102 5
109103 3
109104 0
109115 1
109116 2
109117 4
109118 0
109119 3
109131 2
109132 1
109132 3
109132 5
109133 0
109146 1
109146 2
109147 5
109148 0
109148 3
109160 1
109161 2
109162 4
109163 0
109164 3
109176 1
109176 2
109177 5
109178 0
109178 3
109190 1
109191 2
109192 5
109193 0
109194 3
109204 1
109206 2
109207 4
109208 0
109210 3
109220 1
109222 0
109222 2
109222 5
109224 3
109234 1
109237 0
109237 2
109237 4
109240 3
109250 1
109252 0
109252 2
109252 5
109254 3
109264 1
109267 0
109267 2
109267 4
109270 3
109280 1
109281 0
109282 4
109283 2
109284 3
109285 5
109296 0
109296 1
109297 4
109297 5
109298 2
109298 3
109310 1
109311 0
109311 4
109312 4
109313 2
109314 3
109326 0
109326 1
109327 4
109327 5
109328 2
109328 3
109340 1
109341 0
109341 4
109342 4
109343 2
109344 3
109356 0
109356 1
109357 4
109358 2
109358 3
109370 0
109372 1
109372 3
109372 5
109374 2
109385 0
109385 1
109386 4
109387 4
109389 2
109389 3
109390 5
109400 0
109401 1
109402 4
109403 3
109404 2
109405 5
109415 0
109417 1
109417 3
109417 4
109419 2
109430 0
109431 3
109432 5
109433 1
109434 2
109445 0
109446 4
109447 1
109447 3
109447 4
109449 2
109460 0
109461 3
109461 4
109462 5
109463 1
109464 2
109475 0
109476 4
109477 1
109477 3
109477 4
109479 2
109490 0
109491 3
109491 4
109492 4
109493 1
109494 2
109505 0
109505 3
109507 4
109509 1
109509 2
109519 3
109520 5
109521 0
109522 5
109523 2
109525 1
109536 0
109536 3
109537 4
109538 1
109538 2
109550 3
109551 0
109551 5
109552 5
109553 2
109554 1
109566 0
109566 3
109567 4
109568 1
109568 2
109580 3
109581 0
109581 5
109582 4
109583 2
109584 1
109594 3
109595 5
109596 0
109597 5
109598 2
109600 1
109610 3
109611 5
109612 0
109612 2
109612 4
109614 1
109624 3
109625 5
109627 0
109627 2
109627 5
109630 1
109640 3
109641 5
109642 0
109642 2
109642 4
109644 1
109654 3
109655 5
109657 0
109657 2
109657 5
109660 1
109670 3
109671 2
109671 5
109672 4
109673 0
109674 1
109684 3
109685 5
109686 2
109687 5
109688 0
109690 1
109691 4
109700 3
109701 2
109701 5
109702 5
109703 0
109704 1
109715 2
109716 3
109717 4
109717 5
109718 1
109719 0
109730 2
109730 3
109731 5
109732 5
109734 0
109734 1
109735 4
109745 2
109745 3
109746 5
109747 5
109749 0
109749 1
109750 4
109760 2
109761 3
109762 4
109762 5
109763 1
109764 0
109775 2
109775 3
109776 5
109777 5
109779 0
109779 1
109780 4
109790 2
109791 3
109792 5
109793 1
109794 0
109795 4
109805 2
109807 1
109807 3
109807 5
109809 0
109820 2
109821 1
109822 4
109823 3
109824 0
109835 2
109837 1
109837 3
109837 5
109839 0
109850 2
109851 1
109852 5
109853 3
109854 0
109865 2
109866 1
109867 5
109868 3
109869 0
109880 1
109880 2
109882 4
109884 0
109884 3
109895 2
109896 1
109897 5
109898 3
109899 0
109910 1
109910 2
109912 5
109914 0
109914 3
109924 1
109925 2
109927 5
109929 0
109930 3
109938 1
109941 2
109942 4
109943 0
109946 3
109954 1
109956 2
109957 5
109958 0
109960 3
109968 1
109971 2
109972 4
109973 0
109976 3
109984 1
109987 0
109987 2
109987 5
109990 3
109998 1
110002 0
110002 2
110002 4
110006 3
110014 1
110017 0
110017 2
110017 5
110020 3
110028 1
110032 0
110032 2
110032 4
110036 3
110044 1
110046 0
110047 4
110047 5
110048 2
110050 3
110058 1
110061 0
110062 4
110063 2
110066 3
110067 5
110074 1
110075 4
110076 0
110077 4
110078 2
110080 3
110081 5
110090 0
110090 1
110091 4
110092 5
110094 2
110094 3
110095 5
110104 1
110105 0
110105 4
110107 4
110109 2
110110 3
110111 5
110120 0
110120 1
110121 4
110122 4
110124 2
110124 3
110125 5
110135 0
110136 1
110136 4
110137 4
110138 3
110139 2
110150 0
110151 4
110152 1
110152 3
110152 5
110154 2
110165 0
110166 1
110166 4
110167 4
110168 3
110169 2
110179 0
110180 4
110181 1
110182 4
110183 3
110185 2
110186 5
110194 0
110195 4
110197 1
110197 3
110197 4
110200 2
110209 0
110210 4
110211 3
110212 4
110213 1
110215 2
110224 0
110225 3
110225 4
110227 5
110229 1
110230 2
110240 0
110241 3
110241 4
110242 4
110243 1
110244 2
110255 0
110255 3
110257 4
110259 1
110259 2
110270 0
110270 3
110272 4
110274 1
110274 2
110284 3
110285 0
110285 5
110287 5
110289 2
110290 1
110300 0
110300 3
110302 4
110304 1
110304 2
110314 3
110315 5
110316 0
110317 4
110318 2
110320 1
110328 3
110329 5
110331 0
110332 4
110333 2
110336 1
110342 3
110343 5
110346 0
110347 5
110348 2
110352 1
110358 3
110359 5
110362 0
110362 2
110362 4
110366 1
110372 3
110373 5
110377 0
110377 2
110377 5
110382 1
110388 3
110389 5
110391 2
110392 5
110393 0
110396 1
110397 4
110404 3
110405 5
110406 2
110407 5
110408 0
110410 1
110411 4
110420 3
110421 2
110421 5
110422 4
110423 0
110424 1
110434 3
110435 2
110435 5
110437 5
110439 0
110440 1
110441 4
110450 2
110450 3
110451 5
110452 5
110454 0
110454 1
110455 4
110465 2
110466 3
110467 4
110467 5
110468 1
110469 0
110480 2
110480 3
110481 5
110482 5
110484 0
110484 1
110485 4
110495 2
110495 3
110496 5
110497 5
110499 0
110499 1
110500 4
110509 2
110511 3
110512 5
110513 1
110515 0
110516 4
110524 2
110527 1
110527 3
110527 4
110530 0
110539 2
110540 5
110541 3
110542 5
110543 1
110545 0
110546 4
110554 2
110555 5
110557 1
110557 3
110557 5
110560 0
110569 2
110570 5
110571 1
110572 5
110573 3
110575 0
110584 2
110585 5
110586 1
110587 5
110588 3
110590 0
110599 2
110600 1
110600 5
110602 5
110604 3
110605 0
110614 1
110615 2
110617 4
110619 0
110620 3
110630 1
110630 2
110632 5
110634 0
110634 3
110644 1
110645 2
110645 4
110647 5
110649 0
110650 3
110658 1
110659 4
110660 2
110662 4
110664 0
110666 3
110674 1
110675 4
110676 2
110677 5
110678 0
110680 3
110688 1
110689 4
110691 2
110692 5
110693 0
110696 3
110703 1
110704 4
110706 2
110707 4
110708 0
110711 3
110719 1
110720 4
110722 0
110722 2
110722 5
110725 3
110733 1
110734 4
110737 0
110737 2
110737 4
110741 3
110749 1
110750 4
110751 0
110752 5
110753 2
110755 3
110756 5
110763 1
110764 4
110766 0
110767 4
110768 2
110771 3
110772 5
110779 1
110780 4
110781 0
110782 4
110783 2
110785 3
110786 5
110794 1
110795 0
110795 4
110797 5
110799 2
110800 3
110801 5
110808 1
110809 4
110810 0
110812 4
110814 2
110816 3
110817 5
110824 1
110825 0
110825 4
110827 4
110829 2
110830 3
110831 5
