12982 0
12982 1
12982 2
12982 3
12982 5
12996 1
12997 0
12997 2
12997 4
12998 3
13012 0
13012 1
13012 2
13012 3
13012 4
13026 3
13027 0
13027 2
13027 4
13028 1
13040 3
13042 0
13042 2
13042 5
13044 1
13056 3
13057 0
13057 2
13057 5
13058 1
13071 2
13072 1
13072 3
13072 5
13073 0
13086 1
13086 2
13087 5
13088 0
13088 3
13100 1
13102 0
13102 2
13102 4
13104 3
13116 1
13117 0
13117 2
13117 4
13118 3
13132 0
13132 1
13132 2
13132 3
13132 4
13146 3
13147 0
13147 2
13147 5
13148 1
13162 0
13162 1
13162 2
13162 3
13162 5
13176 1
13177 0
13177 2
13177 5
13178 3
13190 1
13192 0
13192 2
13192 4
13194 3
13206 1
13207 0
13207 2
13207 4
13208 3
13222 0
13222 1
13222 2
13222 3
13222 5
13236 1
13237 0
13237 2
13237 4
13238 3
13252 0
13252 1
13252 2
13252 3
13252 5
13266 1
13267 0
13267 2
13267 5
13268 3
13280 1
13282 0
13282 2
13282 5
13284 3
13294 1
13297 0
13297 2
13297 5
13300 3
13308 1
13311 0
13312 4
13313 2
13316 3
13324 1
13326 0
13327 4
13328 2
13330 3
13340 1
13341 0
13342 4
13343 2
13344 3
13356 0
13356 1
13357 4
13358 2
13358 3
13370 0
13372 1
13372 3
13372 4
13374 2
13385 0
13386 3
13387 4
13388 1
13389 2
13400 0
13400 3
13402 4
13404 1
13404 2
13414 3
13416 0
13417 5
13418 2
13420 1
13431 0
13431 3
13432 5
13433 1
13433 2
13446 0
13447 1
13447 3
13447 4
13448 2
13461 0
13461 3
13462 4
13463 1
13463 2
13475 3
13476 0
13477 4
13478 2
13479 1
13489 3
13491 0
13492 5
13493 2
13495 1
13505 3
13507 0
13507 2
13507 4
13509 1
13519 3
13522 0
13522 2
13522 5
13525 1
13535 3
13537 0
13537 2
13537 4
13539 1
13549 3
13552 0
13552 2
13552 5
13555 1
13565 3
13566 2
13567 5
13568 0
13569 1
13581 2
13581 3
13582 4
13583 0
13583 1
13595 3
13596 2
13597 4
13598 0
13599 1
13609 3
13611 2
13612 5
13613 0
13615 1
13624 3
13625 2
13627 5
13629 0
13630 1
13640 2
13640 3
13642 5
13644 0
13644 1
13655 2
13656 3
13657 4
13658 1
13659 0
13670 2
13670 3
13672 4
13674 0
13674 1
13684 3
13685 2
13687 5
13689 0
13690 1
13699 2
13700 3
13702 4
13704 1
13705 0
13714 2
13714 3
13717 4
13720 0
13720 1
13727 3
13729 2
13732 5
13735 0
13737 1
13743 2
13743 3
13747 5
13751 0
13751 1
