228876 0
228877 1
228877 3
228877 5
228878 2
228891 0
228891 1
228892 4
228893 2
228893 3
228906 0
228907 1
228907 3
228907 4
228908 2
228921 0
228921 3
228922 5
228923 1
228923 2
228936 0
228937 1
228937 3
228937 4
228938 2
228951 0
228951 3
228952 5
228953 1
228953 2
228966 0
228967 1
228967 3
228967 4
228968 2
228981 0
228981 3
228982 5
228983 1
228983 2
228997 0
228997 1
228997 2
228997 3
228997 4
229011 0
229011 3
229012 5
229013 1
229013 2
229027 0
229027 1
229027 2
229027 3
229027 4
229041 3
229042 0
229042 2
229042 4
229042 5
229043 1
229055 3
229056 5
229057 0
229057 2
229057 5
229059 1
229071 3
229072 0
229072 2
229072 4
229072 5
229073 1
229085 3
229086 5
229087 0
229087 2
229087 5
229089 1
229101 3
229102 0
229102 2
229102 4
229102 5
229103 1
229115 3
229116 5
229117 0
229117 2
229117 5
229119 1
229131 3
229132 0
229132 2
229132 4
229132 5
229133 1
229145 3
229146 5
229147 0
229147 2
229147 5
229149 1
229161 3
229162 0
229162 2
229162 4
229162 5
229163 1
229175 3
229176 5
229177 0
229177 2
229177 5
229179 1
229191 2
229191 3
229192 5
229193 0
229193 1
229206 2
229207 1
229207 3
229207 4
229208 0
229221 2
229221 3
229222 5
229223 0
229223 1
229236 2
229237 1
229237 3
229237 4
229238 0
229251 2
229251 3
229252 5
229253 0
229253 1
229266 2
229267 1
229267 3
229267 4
229268 0
229281 2
229281 3
229282 5
229283 0
229283 1
229296 2
229297 1
229297 3
229297 5
229298 0
229311 1
229311 2
229312 4
229313 0
229313 3
229326 2
229327 1
229327 3
229327 5
229328 0
229341 1
229341 2
229342 4
229343 0
229343 3
229356 2
229357 1
229357 3
229357 5
229358 0
229371 1
229371 2
229372 4
229373 0
229373 3
229387 0
229387 1
229387 2
229387 3
229387 5
229401 1
229402 0
229402 2
229402 5
229403 3
229415 1
229417 0
229417 2
229417 4
229419 3
229431 1
229432 0
229432 2
229432 5
229433 3
229445 1
229447 0
229447 2
229447 4
229449 3
229461 1
229462 0
229462 2
229462 5
229463 3
229475 1
229477 0
229477 2
229477 4
229479 3
229491 1
229492 0
229492 2
229492 5
229493 3
229505 1
229507 0
229507 2
229507 4
229509 3
229521 0
229521 1
229522 4
229523 2
229523 3
229536 0
229537 1
229537 3
229537 5
229538 2
229551 0
229551 1
229552 4
229553 2
229553 3
229566 0
229567 1
229567 3
229567 5
229568 2
229581 0
229581 1
229582 4
229583 2
229583 3
229596 0
229597 1
229597 3
229597 5
229598 2
229611 0
229611 1
229612 4
229613 2
229613 3
229626 0
229627 1
229627 3
229627 4
229628 2
229641 0
229641 3
229642 5
229643 1
229643 2
229656 0
229657 1
229657 3
229657 4
229658 2
229671 0
229671 3
229672 5
229673 1
229673 2
229686 0
229687 1
229687 3
229687 4
229688 2
229701 0
229701 3
229702 4
229703 1
229703 2
229715 3
229716 0
229716 5
229717 5
229718 2
229719 1
229731 0
229731 3
229732 4
229733 1
229733 2
229745 3
229746 5
229747 0
229747 2
229747 5
229749 1
229762 0
229762 1
229762 2
229762 3
229762 4
229776 3
229777 0
229777 2
229777 5
229778 1
229792 0
229792 1
229792 2
229792 3
229792 4
229806 3
229807 0
229807 2
229807 5
229808 1
229822 0
229822 1
229822 2
229822 3
229822 4
229836 3
229837 0
229837 2
229837 5
229838 1
229852 0
229852 1
229852 2
229852 3
229852 4
229866 3
229867 0
229867 2
229867 5
229868 1
229882 0
229882 1
229882 2
229882 3
229882 4
229895 3
229896 5
229897 0
229897 2
229897 5
229899 1
229911 2
229911 3
229912 4
229912 5
229913 0
229913 1
229925 3
229926 2
229926 5
229927 5
229928 0
229929 1
229941 2
229941 3
229942 5
229943 0
229943 1
229956 2
229957 1
229957 3
229957 4
229958 0
229971 2
229971 3
229972 5
229973 0
229973 1
229986 2
229987 1
229987 3
229987 4
229988 0
230001 2
230001 3
230002 5
230003 0
230003 1
230016 2
230017 1
230017 3
230017 5
230018 0
230031 1
230031 2
230032 4
230033 0
230033 3
230046 2
230047 1
230047 3
230047 5
230048 0
230061 1
230061 2
230062 4
230063 0
230063 3
230076 2
230077 1
230077 3
230077 5
230078 0
230091 1
230091 2
230092 4
230093 0
230093 3
230106 2
230107 1
230107 3
230107 5
230108 0
230121 1
230121 2
230122 5
230123 0
230123 3
230135 1
230136 2
230136 4
230137 4
230138 0
230139 3
230151 1
230152 0
230152 2
230152 4
230152 5
230153 3
230165 1
230166 4
230167 0
230167 2
230167 4
230169 3
230181 1
230182 0
230182 2
230182 4
230182 5
230183 3
230195 1
230196 4
230197 0
230197 2
230197 4
230199 3
230211 1
230212 0
230212 2
230212 4
230212 5
230213 3
230225 1
230226 4
230227 0
230227 2
230227 4
230229 3
230241 1
230242 0
230242 2
230242 4
230242 5
230243 3
230255 1
230256 4
230257 0
230257 2
230257 4
230259 3
230271 0
230271 1
230272 4
230272 5
230273 2
230273 3
230285 1
230286 0
230286 4
230287 4
230288 2
230289 3
230301 0
230301 1
230302 4
230303 2
230303 3
230316 0
230317 1
230317 3
230317 5
230318 2
230331 0
230331 1
230332 4
230333 2
230333 3
230346 0
230347 1
230347 3
230347 5
230348 2
230361 0
230361 1
230362 4
230363 2
230363 3
230376 0
230377 1
230377 3
230377 4
230378 2
230391 0
230391 3
230392 5
230393 1
230393 2
230406 0
230407 1
230407 3
230407 4
230408 2
230421 0
230421 3
230422 5
230423 1
230423 2
230436 0
230437 1
230437 3
230437 4
230438 2
230451 0
230451 3
230452 4
230453 1
230453 2
230465 3
230466 0
230467 5
230468 2
230469 1
230481 0
230481 3
230482 4
230483 1
230483 2
230495 3
230496 0
230497 5
230498 2
230499 1
230511 3
230512 0
230512 2
230512 4
230513 1
230525 3
230527 0
230527 2
230527 5
230529 1
230542 0
230542 1
230542 2
230542 3
230542 4
230556 3
230557 0
230557 2
230557 5
230558 1
230572 0
230572 1
230572 2
230572 3
230572 4
230586 3
230587 0
230587 2
230587 5
230588 1
230602 0
230602 1
230602 2
230602 3
230602 4
230616 3
230617 0
230617 2
230617 5
230618 1
230632 0
230632 1
230632 2
230632 3
230632 4
230645 3
230646 5
230647 0
230647 2
230647 5
230649 1
230661 2
230661 3
230662 4
230662 5
230663 0
230663 1
230675 3
230676 2
230676 5
230677 5
230678 0
230679 1
230691 2
230691 3
230692 5
230693 0
230693 1
230706 2
230707 1
230707 3
230707 4
230708 0
230721 2
230721 3
230722 5
230723 0
230723 1
230736 2
230737 1
230737 3
230737 4
230738 0
230751 2
230751 3
230752 5
230753 0
230753 1
230766 2
230767 1
230767 3
230767 5
230768 0
230781 1
230781 2
230782 4
230783 0
230783 3
230796 2
230797 1
230797 3
230797 5
230798 0
230811 1
230811 2
230812 4
230813 0
230813 3
230826 2
230827 1
230827 3
230827 5
230828 0
230841 1
230841 2
230842 4
230843 0
230843 3
230856 2
230857 1
230857 3
230857 5
230858 0
230871 1
230871 2
230872 5
230873 0
230873 3
230885 1
230886 2
230886 4
230887 4
230888 0
230889 3
230901 1
230902 0
230902 2
230902 4
230902 5
230903 3
230915 1
230916 4
230917 0
230917 2
230917 4
230919 3
230931 1
230932 0
230932 2
230932 4
230932 5
230933 3
230945 1
230946 4
230947 0
230947 2
230947 4
230949 3
230961 1
230962 0
230962 2
230962 4
230962 5
230963 3
230975 1
230976 4
230977 0
230977 2
230977 4
230979 3
230991 1
230992 0
230992 2
230992 4
230992 5
230993 3
231005 1
231006 4
231007 0
231007 2
231007 4
231009 3
231021 0
231021 1
231022 4
231022 5
231023 2
231023 3
231035 1
231036 0
231036 4
231037 4
231038 2
231039 3
231051 0
231051 1
231052 4
231053 2
231053 3
231066 0
231067 1
231067 3
231067 5
231068 2
231081 0
231081 1
231082 4
231083 2
231083 3
231096 0
231097 1
231097 3
231097 5
231098 2
231111 0
231111 1
231112 4
231113 2
231113 3
231126 0
231127 1
231127 3
231127 4
231128 2
231141 0
231141 3
231142 5
231143 1
231143 2
231156 0
231157 1
231157 3
231157 4
231158 2
231171 0
231171 3
231172 4
231173 1
231173 2
231185 3
231186 0
231187 5
231188 2
231189 1
231201 0
231201 3
231202 4
231203 1
231203 2
231215 3
231216 0
231217 5
231218 2
231219 1
231231 0
231232 1
231232 3
231232 4
231233 2
231246 0
231246 3
231247 5
231248 1
231248 2
231262 0
231262 1
231262 2
231262 3
231262 4
231276 3
231277 0
231277 2
231277 5
231278 1
231292 0
231292 1
231292 2
231292 3
231292 4
231306 3
231307 0
231307 2
231307 4
231308 1
231320 3
231322 0
231322 2
231322 5
231324 1
231336 3
231337 0
231337 2
231337 4
231337 5
231338 1
231350 3
231351 5
231352 0
231352 2
231352 5
231354 1
231366 2
231366 3
231367 5
231368 0
231368 1
231381 2
231382 1
231382 3
231382 4
231383 0
231396 2
231396 3
231397 5
231398 0
231398 1
231411 2
231411 3
231412 4
231412 5
231413 0
231413 1
231425 3
231426 2
231426 5
231427 5
231428 0
231429 1
231441 2
231441 3
231442 5
231443 0
231443 1
231456 2
231457 1
231457 3
231457 4
231458 0
231471 2
231471 3
231472 5
231473 0
231473 1
231486 2
231487 1
231487 3
231487 4
231488 0
231501 2
231501 3
231502 5
231503 0
231503 1
231516 2
231517 1
231517 3
231517 5
231518 0
231531 1
231531 2
231532 4
231533 0
231533 3
231546 2
231547 1
231547 3
231547 5
231548 0
231561 1
231561 2
231562 5
231563 0
231563 3
231575 1
231576 2
231577 4
231578 0
231579 3
231591 1
231591 2
231592 5
231593 0
231593 3
231605 1
231606 2
231606 4
231607 4
231608 0
231609 3
231621 1
231621 2
231622 5
231623 0
231623 3
231635 1
231636 2
231636 4
231637 5
231638 0
231639 3
231649 1
231650 4
231652 0
231652 2
231652 4
231655 3
231666 1
231667 0
231667 2
231667 4
231667 5
231668 3
231680 1
231681 4
231682 0
231682 2
231682 4
231684 3
231696 1
231697 0
231697 2
231697 4
231697 5
231698 3
231710 1
231711 4
231712 0
231712 2
231712 4
231714 3
231726 1
231727 0
231727 2
231727 4
231727 5
231728 3
231739 1
231740 4
231741 0
231742 4
231743 2
231745 3
231746 5
231755 1
231756 0
231756 4
231757 4
231758 2
231759 3
231771 0
231771 1
231772 4
231772 5
231773 2
231773 3
231785 1
231786 0
231786 4
231787 4
231788 2
231789 3
231801 0
231801 1
231802 4
231802 5
231803 2
231803 3
231815 1
231816 0
231816 4
231817 4
231818 2
231819 3
231831 0
231831 1
231832 4
231833 2
231833 3
231845 0
231847 1
231847 3
231847 4
231849 2
231860 0
231861 3
231862 5
231863 1
231864 2
231876 0
231877 1
231877 3
231877 5
231878 2
