2902 0
2902 1
2902 2
2902 3
2902 5
2916 1
2917 0
2917 2
2917 5
2918 3
2930 1
2932 0
2932 2
2932 4
2934 3
2946 0
2946 1
2947 4
2948 2
2948 3
2961 0
2962 1
2962 3
2962 5
2963 2
2976 0
2976 1
2977 5
2978 2
2978 3
2990 1
2991 0
2992 4
2993 2
2994 3
3006 0
3006 1
3007 5
3008 2
3008 3
3019 1
3021 0
3022 4
3023 2
3025 3
3035 0
3035 1
3037 5
3039 2
3039 3
3049 1
3050 0
3052 5
3054 2
3055 3
3063 1
3065 0
3067 5
3069 2
3071 3
3077 1
3080 0
3082 4
3084 2
3087 3
3093 1
3094 0
3097 5
3100 2
3101 3
3107 1
3109 0
3112 4
3115 2
3117 3
3122 1
3123 0
3127 4
3131 2
3132 3
