147727 0
147727 1
147727 2
147727 3
147727 5
147741 1
147742 0
147742 2
147742 4
147743 3
147757 0
147757 1
147757 2
147757 3
147757 5
147771 1
147772 0
147772 2
147772 4
147773 3
147787 0
147787 1
147787 2
147787 3
147787 5
147801 1
147802 0
147802 2
147802 4
147803 3
147817 0
147817 1
147817 2
147817 3
147817 5
147831 1
147832 0
147832 2
147832 4
147833 3
147847 0
147847 1
147847 2
147847 3
147847 4
147861 3
147862 0
147862 2
147862 5
147863 1
147877 0
147877 1
147877 2
147877 3
147877 4
147891 3
147892 0
147892 2
147892 5
147893 1
147907 0
147907 1
147907 2
147907 3
147907 4
147921 3
147922 0
147922 2
147922 5
147923 1
147937 0
147937 1
147937 2
147937 3
147937 4
147951 3
147952 0
147952 2
147952 4
147952 5
147953 1
147965 3
147966 5
147967 0
147967 2
147967 5
147969 1
147981 3
147982 0
147982 2
147982 5
147983 1
147997 0
147997 1
147997 2
147997 3
147997 4
148011 3
148012 0
148012 2
148012 5
148013 1
148027 0
148027 1
148027 2
148027 3
148027 4
148041 3
148042 0
148042 2
148042 5
148043 1
148057 0
148057 1
148057 2
148057 3
148057 4
148071 3
148072 0
148072 2
148072 5
148073 1
148087 0
148087 1
148087 2
148087 3
148087 4
148101 3
148102 0
148102 2
148102 5
148103 1
148117 0
148117 1
148117 2
148117 3
148117 4
148131 3
148132 0
148132 2
148132 5
148133 1
148147 0
148147 1
148147 2
148147 3
148147 4
148161 3
148162 0
148162 2
148162 5
148163 1
148176 2
148177 1
148177 3
148177 5
148178 0
148191 1
148191 2
148192 4
148193 0
148193 3
148207 0
148207 1
148207 2
148207 3
148207 5
148221 1
148222 0
148222 2
148222 4
148223 3
148237 0
148237 1
148237 2
148237 3
148237 5
148251 1
148252 0
148252 2
148252 4
148253 3
148267 0
148267 1
148267 2
148267 3
148267 5
148281 1
148282 0
148282 2
148282 4
148283 3
148297 0
148297 1
148297 2
148297 3
148297 5
148311 1
148312 0
148312 2
148312 4
148313 3
148327 0
148327 1
148327 2
148327 3
148327 5
148341 1
148342 0
148342 2
148342 4
148343 3
148357 0
148357 1
148357 2
148357 3
148357 5
148371 1
148372 0
148372 2
148372 4
148373 3
148387 0
148387 1
148387 2
148387 3
148387 5
148401 1
148402 0
148402 2
148402 4
148403 3
148417 0
148417 1
148417 2
148417 3
148417 5
148431 1
148432 0
148432 2
148432 4
148433 3
148447 0
148447 1
148447 2
148447 3
148447 5
148461 1
148462 0
148462 2
148462 4
148463 3
148477 0
148477 1
148477 2
148477 3
148477 5
148491 1
148492 0
148492 2
148492 4
148493 3
148507 0
148507 1
148507 2
148507 3
148507 5
148521 1
148522 0
148522 2
148522 4
148523 3
148537 0
148537 1
148537 2
148537 3
148537 5
148551 1
148552 0
148552 2
148552 4
148552 5
148553 3
148565 1
148566 4
148567 0
148567 2
148567 4
148569 3
148581 1
148582 0
148582 2
148582 4
148583 3
148597 0
148597 1
148597 2
148597 3
148597 5
148611 1
148612 0
148612 2
148612 4
148613 3
148626 0
148627 1
148627 3
148627 5
148628 2
148641 0
148641 1
148642 4
148643 2
148643 3
148656 0
148657 1
148657 3
148657 4
148658 2
148671 0
148671 3
148672 5
148673 1
148673 2
148686 0
148687 1
148687 3
148687 4
148688 2
148701 0
148701 3
148702 5
148703 1
148703 2
148717 0
148717 1
148717 2
148717 3
148717 4
148731 3
148732 0
148732 2
148732 5
148733 1
148747 0
148747 1
148747 2
148747 3
148747 4
148761 3
148762 0
148762 2
148762 5
148763 1
148777 0
148777 1
148777 2
148777 3
148777 4
148791 3
148792 0
148792 2
148792 4
148792 5
148793 1
148805 3
148806 5
148807 0
148807 2
148807 5
148809 1
148821 3
148822 0
148822 2
148822 4
148822 5
148823 1
148835 3
148836 5
148837 0
148837 2
148837 5
148839 1
148851 3
148852 0
148852 2
148852 4
148852 5
148853 1
148865 3
148866 5
148867 0
148867 2
148867 5
148869 1
148881 3
148882 0
148882 2
148882 5
148883 1
148897 0
148897 1
148897 2
148897 3
148897 4
148911 3
148912 0
148912 2
148912 5
148913 1
148927 0
148927 1
148927 2
148927 3
148927 4
148941 3
148942 0
148942 2
148942 5
148943 1
148956 2
148957 1
148957 3
148957 4
148958 0
148971 2
148971 3
148972 5
148973 0
148973 1
148986 2
148987 1
148987 3
148987 4
148988 0
149001 2
149001 3
149002 5
149003 0
149003 1
149016 2
149017 1
149017 3
149017 5
149018 0
149031 1
149031 2
149032 4
149033 0
149033 3
149046 2
149047 1
149047 3
149047 5
149048 0
149061 1
149061 2
149062 4
149063 0
149063 3
149076 2
149077 1
149077 3
149077 5
149078 0
149091 1
149091 2
149092 4
149093 0
149093 3
149107 0
149107 1
149107 2
149107 3
149107 5
149121 1
149122 0
149122 2
149122 4
149122 5
149123 3
149135 1
149136 4
149137 0
149137 2
149137 4
149139 3
149151 1
149152 0
149152 2
149152 4
149152 5
149153 3
149165 1
149166 4
149167 0
149167 2
149167 4
149169 3
149181 1
149182 0
149182 2
149182 4
149182 5
149183 3
149195 1
149196 4
149197 0
149197 2
149197 4
149199 3
149211 1
149212 0
149212 2
149212 4
149212 5
149213 3
149225 1
149226 4
149227 0
149227 2
149227 4
149229 3
149241 1
149242 0
149242 2
149242 4
149243 3
149257 0
149257 1
149257 2
149257 3
149257 5
149271 1
149272 0
149272 2
149272 4
149273 3
149286 0
149287 1
149287 3
149287 5
149288 2
149301 0
149301 1
149302 4
149303 2
149303 3
149316 0
149317 1
149317 3
149317 5
149318 2
149331 0
149331 1
149332 4
149332 5
149333 2
149333 3
149345 1
149346 0
149346 4
149347 4
149348 2
149349 3
149361 0
149361 1
149362 4
149363 2
149363 3
149376 0
149377 1
149377 3
149377 4
149378 2
149391 0
149391 3
149392 5
149393 1
149393 2
149406 0
149407 1
149407 3
149407 4
149408 2
149421 0
149421 3
149422 5
149423 1
149423 2
149436 0
149437 1
149437 3
149437 4
149438 2
149451 0
149451 3
149452 4
149453 1
149453 2
149465 3
149466 0
149467 5
149468 2
149469 1
149481 0
149481 3
149482 4
149483 1
149483 2
149495 3
149496 0
149497 5
149498 2
149499 1
149511 3
149512 0
149512 2
149512 4
149512 5
149513 1
149525 3
149526 5
149527 0
149527 2
149527 5
149529 1
149541 3
149542 0
149542 2
149542 4
149542 5
149543 1
149555 3
149556 5
149557 0
149557 2
149557 5
149559 1
149572 0
149572 1
149572 2
149572 3
149572 4
149585 3
149586 5
149587 0
149587 2
149587 5
149589 1
149602 0
149602 1
149602 2
149602 3
149602 4
149615 3
149616 5
149617 0
149617 2
149617 5
149619 1
149631 3
149632 0
149632 2
149632 4
149632 5
149633 1
149645 3
149646 5
149647 0
149647 2
149647 5
149649 1
149661 2
149661 3
149662 5
149663 0
149663 1
149676 2
149677 1
149677 3
149677 4
149678 0
149691 2
149691 3
149692 4
149692 5
149693 0
149693 1
149705 3
149706 2
149706 5
149707 5
149708 0
149709 1
149721 2
149721 3
149722 5
149723 0
149723 1
149736 2
149737 1
149737 3
149737 4
149738 0
149751 2
149751 3
149752 5
149753 0
149753 1
149766 2
149767 1
149767 3
149767 4
149768 0
149781 2
149781 3
149782 5
149783 0
149783 1
149796 2
149797 1
149797 3
149797 5
149798 0
149811 1
149811 2
149812 4
149813 0
149813 3
149826 2
149827 1
149827 3
149827 5
149828 0
149841 1
149841 2
149842 5
149843 0
149843 3
149855 1
149856 2
149857 4
149858 0
149859 3
149871 1
149871 2
149872 5
149873 0
149873 3
149885 1
149886 2
149887 4
149888 0
149889 3
149901 1
149901 2
149902 5
149903 0
149903 3
149915 1
149917 0
149917 2
149917 4
149919 3
149932 0
149932 1
149932 2
149932 3
149932 5
149946 1
149947 0
149947 2
149947 4
149948 3
149962 0
149962 1
149962 2
149962 3
149962 5
149976 1
149977 0
149977 2
149977 4
149978 3
149992 0
149992 1
149992 2
149992 3
149992 5
150006 1
150007 0
150007 2
150007 4
150008 3
150022 0
150022 1
150022 2
150022 3
150022 5
150036 1
150037 0
150037 2
150037 4
150038 3
150052 0
150052 1
150052 2
150052 3
150052 5
150065 1
150066 4
150067 0
150067 2
150067 4
150069 3
150081 0
150081 1
150082 4
150082 5
150083 2
150083 3
150095 1
150096 0
150096 4
150097 4
150098 2
150099 3
150111 0
150111 1
150112 4
150112 5
150113 2
150113 3
150125 1
150126 0
150126 4
150127 4
150128 2
150129 3
150141 0
150141 1
150142 4
150143 2
150143 3
150156 0
150157 1
150157 3
150157 5
150158 2
150171 0
150171 1
150172 4
150173 2
150173 3
150186 0
150187 1
150187 3
150187 4
150188 2
150201 0
150201 3
150202 5
150203 1
150203 2
150216 0
150217 1
150217 3
150217 4
150218 2
150231 0
150231 3
150232 5
150233 1
150233 2
150246 0
150247 1
150247 3
150247 4
150248 2
150261 0
150261 3
150262 4
150263 1
150263 2
150275 3
150276 0
150276 5
150277 5
150278 2
150279 1
150291 0
150291 3
150292 4
150293 1
150293 2
150305 3
150306 0
150306 5
150307 5
150308 2
150309 1
150321 0
150321 3
150322 4
150323 1
150323 2
150335 3
150336 5
150337 0
150337 2
150337 5
150339 1
150352 0
150352 1
150352 2
150352 3
150352 4
150366 3
150367 0
150367 2
150367 4
150367 5
150368 1
150380 3
150381 5
150382 0
150382 2
150382 5
150384 1
150396 3
150397 0
150397 2
150397 4
150397 5
150398 1
150410 3
150411 5
150412 0
150412 2
150412 5
150414 1
150426 3
150427 0
150427 2
150427 5
150428 1
150441 2
150442 1
150442 3
150442 4
150443 0
150455 3
150456 2
150456 5
150457 5
150458 0
150459 1
150471 2
150471 3
150472 4
150472 5
150473 0
150473 1
150485 3
150486 2
150486 5
150487 4
150488 0
150489 1
150499 3
150500 5
150501 2
150502 5
150503 0
150505 1
150506 4
150515 3
150516 2
150516 5
150517 5
150518 0
150519 1
150531 2
150531 3
150532 5
150533 0
150533 1
150545 2
150547 1
150547 3
150547 4
150549 0
150561 2
150561 3
150562 5
150563 0
150563 1
150575 2
150577 1
150577 3
150577 5
150579 0
150590 2
150591 1
150592 5
150593 3
150594 0
150605 1
150605 2
150607 5
150609 0
150609 3
150619 1
150621 2
150622 4
150623 0
150625 3
150635 1
150636 2
150637 4
150638 0
150639 3
150651 2
150652 1
150652 3
150652 5
150653 0
150666 1
150666 2
150667 5
150668 0
150668 3
150680 1
150681 2
150682 4
150683 0
150684 3
150696 1
150696 2
150697 5
150698 0
150698 3
150710 1
150712 0
150712 2
150712 4
150714 3
150726 1
150727 0
150727 2
150727 4
150728 3
