6037 0
6037 1
6037 2
6037 3
6037 5
6051 1
6052 0
6052 2
6052 4
6053 3
6067 0
6067 1
6067 2
6067 3
6067 5
6081 1
6082 0
6082 2
6082 5
6083 3
6095 1
6097 0
6097 2
6097 4
6099 3
6111 0
6111 1
6112 4
6113 2
6113 3
6126 0
6127 1
6127 3
6127 4
6128 2
6141 0
6141 3
6142 4
6143 1
6143 2
6155 3
6156 0
6157 4
6158 2
6159 1
6169 3
6172 0
6172 2
6172 4
6175 1
6183 3
6187 0
6187 2
6187 5
6191 1
6199 3
6202 0
6202 2
6202 5
6205 1
6215 3
6216 2
6217 5
6218 0
6219 1
6231 2
6231 3
6232 4
6233 0
6233 1
6245 3
6246 2
6247 5
6248 0
6249 1
6261 2
6261 3
6262 5
6263 0
6263 1
6276 2
6277 1
6277 3
6277 4
6278 0
6291 2
6291 3
6292 4
6293 0
6293 1
6305 3
6306 2
6307 4
6308 0
6309 1
6319 3
6321 2
6322 4
6323 0
6325 1
6333 3
6335 2
6337 4
6339 0
6341 1
6347 3
6350 2
6352 5
6354 0
6357 1
6362 3
6364 2
6367 5
6370 0
6372 1
6378 3
6379 2
6382 5
6385 0
6386 1
6394 2
6394 3
6397 5
6400 0
6400 1
6408 2
6410 3
6412 5
6414 1
6416 0
