28222 0
28222 1
28222 2
28222 3
28222 4
28236 3
28237 0
28237 2
28237 4
28238 1
28250 3
28252 0
28252 2
28252 5
28254 1
28266 2
28266 3
28267 5
28268 0
28268 1
28281 2
28282 1
28282 3
28282 4
28283 0
28296 2
28296 3
28297 5
28298 0
28298 1
28311 2
28312 1
28312 3
28312 5
28313 0
28326 1
28326 2
28327 5
28328 0
28328 3
28340 1
28341 2
28342 4
28343 0
28344 3
28356 1
28357 0
28357 2
28357 5
28358 3
28370 1
28372 0
28372 2
28372 4
28374 3
28386 1
28387 0
28387 2
28387 5
28388 3
28400 1
28402 0
28402 2
28402 5
28404 3
28414 1
28417 0
28417 2
28417 4
28420 3
28430 1
28432 0
28432 2
28432 4
28434 3
28446 1
28447 0
28447 2
28447 5
28448 3
28460 1
28462 0
28462 2
28462 4
28464 3
28476 0
28476 1
28477 4
28477 5
28478 2
28478 3
28490 1
28491 0
28492 4
28493 2
28494 3
28506 0
28506 1
28507 4
28508 2
28508 3
28521 0
28522 1
28522 3
28522 4
28523 2
28536 0
28536 3
28537 5
28538 1
28538 2
28551 0
28552 1
28552 3
28552 4
28552 5
28553 2
28566 0
28566 1
28567 4
28568 2
28568 3
28581 0
28582 1
28582 3
28582 4
28583 2
28596 0
28596 3
28597 5
28598 1
28598 2
28611 0
28612 1
28612 3
28612 4
28613 2
28626 0
28626 3
28627 4
28628 1
28628 2
28640 3
28641 0
28642 5
28643 2
28644 1
28656 0
28656 3
28657 4
28658 1
28658 2
28670 3
28672 0
28672 2
28672 5
28674 1
28686 3
28687 0
28687 2
28687 4
28688 1
28700 3
28702 0
28702 2
28702 5
28704 1
28716 3
28717 0
28717 2
28717 4
28718 1
28730 3
28732 0
28732 2
28732 5
28734 1
28746 3
28747 0
28747 2
28747 4
28748 1
28760 3
28762 0
28762 2
28762 5
28764 1
28776 3
28777 0
28777 2
28777 4
28778 1
28790 3
28792 0
28792 2
28792 5
28794 1
28806 2
28806 3
28807 5
28808 0
28808 1
28821 2
28822 1
28822 3
28822 4
28823 0
28836 2
28836 3
28837 5
28838 0
28838 1
28851 2
28852 1
28852 3
28852 5
28853 0
28866 1
28866 2
28867 5
28868 0
28868 3
28880 1
28881 2
28882 4
28883 0
28884 3
28896 1
28897 0
28897 2
28897 5
28898 3
28910 1
28912 0
28912 2
28912 4
28914 3
28926 1
28927 0
28927 2
28927 4
28928 3
28942 0
28942 1
28942 2
28942 3
28942 4
28956 3
28957 0
28957 2
28957 5
28958 1
28972 0
28972 1
28972 2
28972 3
28972 5
28986 1
28987 0
28987 2
28987 4
28988 3
29002 0
29002 1
29002 2
29002 3
29002 4
29016 3
29017 0
29017 2
29017 5
29018 1
29032 0
29032 1
29032 2
29032 3
29032 4
29046 3
29047 0
29047 2
29047 5
29048 1
29062 0
29062 1
29062 2
29062 3
29062 4
29076 3
29077 0
29077 2
29077 5
29078 1
29092 0
29092 1
29092 2
29092 3
29092 4
29106 3
29107 0
29107 2
29107 4
29108 1
29120 3
29122 0
29122 2
29122 5
29124 1
29136 3
29137 0
29137 2
29137 5
29138 1
29152 0
29152 1
29152 2
29152 3
29152 4
29166 3
29167 0
29167 2
29167 5
29168 1
29182 0
29182 1
29182 2
29182 3
29182 4
29196 3
29197 0
29197 2
29197 5
29198 1
29211 2
29212 1
29212 3
29212 5
29213 0
29226 1
29226 2
29227 4
29228 0
29228 3
29242 0
29242 1
29242 2
29242 3
29242 5
29256 1
29257 0
29257 2
29257 5
29258 3
29270 1
29272 0
29272 2
29272 4
29274 3
29286 1
29287 0
29287 2
29287 4
29288 3
29302 0
29302 1
29302 2
29302 3
29302 5
29316 1
29317 0
29317 2
29317 4
29318 3
29332 0
29332 1
29332 2
29332 3
29332 5
29346 1
29347 0
29347 2
29347 4
29348 3
29362 0
29362 1
29362 2
29362 3
29362 5
29376 1
29377 0
29377 2
29377 5
29378 3
29390 1
29392 0
29392 2
29392 5
29394 3
29404 1
29407 0
29407 2
29407 4
29410 3
29420 1
29421 0
29422 4
29423 2
29424 3
29436 0
29436 1
29437 4
29438 2
29438 3
29451 0
29452 1
29452 3
29452 5
29453 2
29466 0
29466 1
29467 4
29468 2
29468 3
29481 0
29482 1
29482 3
29482 4
29483 2
29496 0
29496 3
29497 5
29498 1
29498 2
29511 0
29512 1
29512 3
29512 4
29512 5
29513 2
29526 0
29526 1
29527 4
29528 2
29528 3
29541 0
29542 1
29542 3
29542 4
29543 2
29556 0
29556 3
29557 4
29558 1
29558 2
29570 3
29571 0
29572 4
29573 2
29574 1
29584 3
29586 0
29587 5
29588 2
29590 1
29600 3
29602 0
29602 2
29602 5
29604 1
29616 3
29617 0
29617 2
29617 5
29618 1
29632 0
29632 1
29632 2
29632 3
29632 4
29646 3
29647 0
29647 2
29647 4
29648 1
29660 3
29662 0
29662 2
29662 5
29664 1
29676 3
29677 0
29677 2
29677 4
29678 1
29690 3
29692 0
29692 2
29692 5
29694 1
29706 3
29707 0
29707 2
29707 4
29708 1
29720 3
29722 0
29722 2
29722 5
29724 1
29736 3
29737 0
29737 2
29737 4
29738 1
29750 3
29752 0
29752 2
29752 5
29754 1
29766 2
29766 3
29767 4
29768 0
29768 1
29780 3
29781 2
29782 5
29783 0
29784 1
29796 2
29796 3
29797 5
29798 0
29798 1
29811 2
29812 1
29812 3
29812 5
29813 0
29826 1
29826 2
29827 4
29828 0
29828 3
29841 2
29842 1
29842 3
29842 4
29843 0
29856 2
29856 3
29857 4
29858 0
29858 1
29870 3
29871 2
29872 4
29873 0
29874 1
29884 3
29886 2
29887 5
29888 0
29890 1
29900 3
29901 2
29902 5
29903 0
29904 1
29916 2
29916 3
29917 4
29918 0
29918 1
29930 2
29930 3
29932 5
29934 0
29934 1
29935 4
29945 2
29946 3
29947 5
29948 1
29949 0
29960 2
29962 1
29962 3
29962 5
29964 0
29975 2
29977 1
29977 3
29977 5
29979 0
29990 2
29991 1
29992 4
29993 3
29994 0
30005 2
30007 1
30007 3
30007 5
30009 0
30020 2
30021 1
30022 4
30023 3
30024 0
30035 2
30037 1
30037 3
30037 5
30039 0
30050 2
30051 1
30052 5
30053 3
30054 0
30065 1
30065 2
30067 5
30069 0
30069 3
30079 1
30081 2
30082 4
30083 0
30085 3
30095 1
30096 2
30097 5
30098 0
30099 3
30109 1
30111 2
30112 5
30113 0
30115 3
30123 1
30126 2
30127 5
30128 0
30131 3
30137 1
30142 0
30142 2
30142 5
30147 3
30151 1
30157 0
30157 2
30157 4
30163 3
30168 1
30171 0
30172 4
30173 2
30176 3
30183 1
30186 0
30187 4
30187 5
30188 2
30191 3
30197 1
30201 0
30202 4
30203 2
30207 3
30213 1
30215 0
30216 4
30217 4
30219 2
30221 3
30229 1
30230 0
30231 4
30232 5
30234 2
30235 3
30243 1
30245 0
30246 4
30247 4
30249 2
30251 3
30259 0
30259 1
30260 4
30262 5
30265 2
30265 3
30273 1
30274 0
30275 4
30277 4
30280 2
30281 3
30288 0
30289 1
30290 4
30292 4
30295 3
30296 2
30303 0
30304 1
30305 4
30307 4
30310 3
30311 2
