46266 0
46267 1
46267 3
46267 4
46268 2
46281 0
46281 3
46282 5
46283 1
46283 2
46297 0
46297 1
46297 2
46297 3
46297 4
46311 3
46312 0
46312 2
46312 5
46313 1
46327 0
46327 1
46327 2
46327 3
46327 4
46341 3
46342 0
46342 2
46342 5
46343 1
46357 0
46357 1
46357 2
46357 3
46357 4
46371 3
46372 0
46372 2
46372 5
46373 1
46387 0
46387 1
46387 2
46387 3
46387 4
46401 3
46402 0
46402 2
46402 4
46402 5
46403 1
46415 3
46416 5
46417 0
46417 2
46417 5
46419 1
46431 3
46432 0
46432 2
46432 5
46433 1
46447 0
46447 1
46447 2
46447 3
46447 4
46461 3
46462 0
46462 2
46462 5
46463 1
46477 0
46477 1
46477 2
46477 3
46477 4
46491 3
46492 0
46492 2
46492 5
46493 1
46507 0
46507 1
46507 2
46507 3
46507 4
46521 3
46522 0
46522 2
46522 5
46523 1
46537 0
46537 1
46537 2
46537 3
46537 4
46551 3
46552 0
46552 2
46552 4
46552 5
46553 1
46565 3
46566 5
46567 0
46567 2
46567 5
46569 1
46581 2
46581 3
46582 5
46583 0
46583 1
46596 2
46597 1
46597 3
46597 5
46598 0
46611 1
46611 2
46612 4
46613 0
46613 3
46627 0
46627 1
46627 2
46627 3
46627 5
46641 1
46642 0
46642 2
46642 4
46643 3
46657 0
46657 1
46657 2
46657 3
46657 5
46671 1
46672 0
46672 2
46672 4
46673 3
46687 0
46687 1
46687 2
46687 3
46687 5
46701 1
46702 0
46702 2
46702 4
46703 3
46717 0
46717 1
46717 2
46717 3
46717 5
46731 1
46732 0
46732 2
46732 4
46732 5
46733 3
46745 1
46746 4
46747 0
46747 2
46747 4
46749 3
46761 1
46762 0
46762 2
46762 4
46763 3
46777 0
46777 1
46777 2
46777 3
46777 5
46791 1
46792 0
46792 2
46792 4
46793 3
46807 0
46807 1
46807 2
46807 3
46807 4
46821 3
46822 0
46822 2
46822 5
46823 1
46837 0
46837 1
46837 2
46837 3
46837 5
46851 1
46852 0
46852 2
46852 4
46853 3
46867 0
46867 1
46867 2
46867 3
46867 5
46881 1
46882 0
46882 2
46882 4
46883 3
46897 0
46897 1
46897 2
46897 3
46897 4
46911 3
46912 0
46912 2
46912 5
46913 1
46927 0
46927 1
46927 2
46927 3
46927 5
46941 1
46942 0
46942 2
46942 4
46943 3
46957 0
46957 1
46957 2
46957 3
46957 4
46971 3
46972 0
46972 2
46972 5
46973 1
46987 0
46987 1
46987 2
46987 3
46987 5
47001 1
47002 0
47002 2
47002 4
47003 3
47017 0
47017 1
47017 2
47017 3
47017 4
47031 3
47032 0
47032 2
47032 4
47032 5
47033 1
47045 3
47046 5
47047 0
47047 2
47047 5
47049 1
47061 3
47062 0
47062 2
47062 5
47063 1
47077 0
47077 1
47077 2
47077 3
47077 5
47091 1
47092 0
47092 2
47092 4
47093 3
47107 0
47107 1
47107 2
47107 3
47107 5
47121 1
47122 0
47122 2
47122 4
47123 3
47137 0
47137 1
47137 2
47137 3
47137 5
47151 1
47152 0
47152 2
47152 4
47153 3
47167 0
47167 1
47167 2
47167 3
47167 4
47181 3
47182 0
47182 2
47182 5
47183 1
47197 0
47197 1
47197 2
47197 3
47197 5
47211 1
47212 0
47212 2
47212 4
47213 3
47227 0
47227 1
47227 2
47227 3
47227 5
47241 1
47242 0
47242 2
47242 4
47243 3
47257 0
47257 1
47257 2
47257 3
47257 4
47271 3
47272 0
47272 2
47272 5
47273 1
47287 0
47287 1
47287 2
47287 3
47287 5
47301 1
47302 0
47302 2
47302 4
47303 3
47317 0
47317 1
47317 2
47317 3
47317 5
47331 1
47332 0
47332 2
47332 4
47332 5
47333 3
47345 1
47346 4
47347 0
47347 2
47347 4
47349 3
47361 1
47362 0
47362 2
47362 4
47363 3
47376 0
47377 1
47377 3
47377 4
47378 2
47391 0
47391 3
47392 5
47393 1
47393 2
47407 0
47407 1
47407 2
47407 3
47407 4
47421 0
47421 3
47422 5
47423 1
47423 2
47437 0
47437 1
47437 2
47437 3
47437 4
47451 3
47452 0
47452 2
47452 5
47453 1
47467 0
47467 1
47467 2
47467 3
47467 5
47481 1
47482 0
47482 2
47482 4
47482 5
47483 3
47495 1
47496 0
47496 4
47497 4
47498 2
47499 3
47511 0
47511 1
47512 4
47513 2
47513 3
47526 0
47527 1
47527 3
47527 4
47528 2
47541 0
47541 3
47542 4
47543 1
47543 2
47556 0
47556 3
47557 4
47558 1
47558 2
47570 3
47571 0
47571 5
47572 4
47573 2
47574 1
47584 3
47585 5
47586 0
47587 5
47588 2
47590 1
47600 3
47601 5
47602 0
47602 2
47602 5
47604 1
47616 3
47617 0
47617 2
47617 4
47617 5
47618 1
47630 3
47631 5
47632 0
47632 2
47632 4
47634 1
47644 3
47645 5
47647 0
47647 2
47647 5
47650 1
47660 3
47661 2
47661 5
47662 5
47663 0
47664 1
47676 2
47676 3
47677 5
47678 0
47678 1
47691 2
47692 1
47692 3
47692 4
47693 0
47705 3
47706 2
47706 5
47707 5
47708 0
47709 1
47721 2
47721 3
47722 5
47723 0
47723 1
47736 2
47737 1
47737 3
47737 5
47738 0
47751 1
47751 2
47752 4
47753 0
47753 3
47766 2
47767 1
47767 3
47767 5
47768 0
47781 1
47781 2
47782 4
47783 0
47783 3
47796 2
47797 1
47797 3
47797 5
47798 0
47811 1
47811 2
47812 4
47813 0
47813 3
47826 2
47827 1
47827 3
47827 4
47828 0
47841 2
47841 3
47842 5
47843 0
47843 1
47856 2
47857 1
47857 3
47857 5
47858 0
47871 1
47871 2
47872 5
47873 0
47873 3
47885 1
47886 2
47886 4
47887 5
47888 0
47889 3
47899 1
47900 4
47901 2
47902 5
47903 0
47905 3
47913 1
47914 4
47916 2
47917 4
47918 0
47921 3
47930 1
47931 4
47932 0
47932 2
47932 4
47934 3
47946 1
47947 0
47947 2
47947 4
47947 5
47948 3
47960 1
47961 4
47962 0
47962 2
47962 4
47964 3
47976 1
47977 0
47977 2
47977 4
47977 5
47978 3
47989 1
47990 4
47992 0
47992 2
47992 4
47995 3
48005 1
48006 0
48006 4
48007 5
48008 2
48009 3
48019 1
48020 4
48021 0
48022 4
48023 2
48025 3
48035 1
48036 0
48036 4
48037 4
48038 2
48039 3
48051 0
48051 1
48052 4
48052 5
48053 2
48053 3
48065 1
48066 0
48066 4
48067 4
48068 2
48069 3
48081 0
48081 1
48082 4
48083 2
48083 3
48095 0
48097 1
48097 3
48097 5
48099 2
48110 0
48111 1
48112 4
48112 5
48113 3
48114 2
48125 0
48125 1
48126 4
48127 4
48129 2
48129 3
48130 5
48140 0
48141 1
48142 4
48143 3
48144 2
48155 0
48157 1
48157 3
48157 4
48159 2
48170 0
48171 3
48172 4
48173 1
48174 2
48185 0
48186 3
48187 5
48188 1
48189 2
48200 0
48202 1
48202 3
48202 4
48204 2
48215 0
48216 3
48217 4
48218 1
48219 2
48230 0
48230 3
48232 4
48234 1
48234 2
48244 3
48246 0
48247 5
48248 2
48250 1
48260 3
48261 0
48262 4
48263 2
48264 1
48274 3
48276 0
48277 4
48278 2
48280 1
48288 3
48291 0
48292 5
48293 2
48296 1
48304 3
48307 0
48307 2
48307 4
48310 1
48318 3
48322 0
48322 2
48322 5
48326 1
48334 3
48337 0
48337 2
48337 4
48340 1
48348 3
48351 2
48352 5
48353 0
48356 1
48357 4
48364 3
48366 2
48367 4
48368 0
48370 1
48371 4
48378 3
48381 2
48382 4
48383 0
48386 1
48387 4
48392 3
48396 2
48397 5
48398 0
48402 1
48403 4
48408 3
48410 2
48412 5
48414 0
48416 1
48417 4
48424 3
48425 2
48425 5
48427 5
48429 0
48430 1
48431 4
48439 2
48440 3
48441 5
48442 4
48444 1
48445 0
48446 4
48454 2
48454 3
48455 5
48457 5
48460 0
48460 1
48461 4
48469 2
48469 3
48470 5
48472 4
48475 0
48475 1
48476 4
48483 3
48484 2
48484 5
48487 5
48490 0
48491 1
48492 4
48498 2
48499 3
48500 5
48502 5
48505 1
48506 0
48507 4
