33337 0
33337 1
33337 2
33337 3
33337 5
33351 1
33352 0
33352 2
33352 4
33353 3
33367 0
33367 1
33367 2
33367 3
33367 4
33381 3
33382 0
33382 2
33382 5
33383 1
33397 0
33397 1
33397 2
33397 3
33397 5
33411 1
33412 0
33412 2
33412 4
33413 3
33427 0
33427 1
33427 2
33427 3
33427 4
33441 3
33442 0
33442 2
33442 5
33443 1
33457 0
33457 1
33457 2
33457 3
33457 5
33471 1
33472 0
33472 2
33472 4
33473 3
33487 0
33487 1
33487 2
33487 3
33487 5
33501 1
33502 0
33502 2
33502 4
33502 5
33503 3
33515 1
33516 4
33517 0
33517 2
33517 4
33519 3
33531 1
33532 0
33532 2
33532 4
33532 5
33533 3
33545 1
33546 4
33547 0
33547 2
33547 4
33549 3
33561 1
33562 0
33562 2
33562 4
33562 5
33563 3
33575 1
33576 4
33577 0
33577 2
33577 4
33579 3
33591 1
33592 0
33592 2
33592 4
33592 5
33593 3
33605 1
33606 4
33607 0
33607 2
33607 5
33609 3
33619 1
33620 4
33622 0
33622 2
33622 4
33625 3
33635 1
33636 0
33636 4
33637 4
33638 2
33639 3
33651 0
33651 1
33652 4
33653 2
33653 3
33666 0
33667 1
33667 3
33667 5
33668 2
33681 0
33681 1
33682 4
33682 5
33683 2
33683 3
33695 1
33696 0
33696 4
33697 4
33698 2
33699 3
33711 0
33711 1
33712 4
33713 2
33713 3
33726 0
33727 1
33727 3
33727 5
33728 2
33741 0
33741 1
33742 4
33743 2
33743 3
33756 0
33757 1
33757 3
33757 4
33758 2
33771 0
33771 3
33772 4
33773 1
33773 2
33785 3
33786 0
33787 4
33788 2
33789 1
33799 3
33801 0
33802 5
33803 2
33805 1
33816 0
33816 3
33817 5
33818 1
33818 2
33831 0
33832 1
33832 3
33832 4
33833 2
33846 0
33846 3
33847 4
33848 1
33848 2
33860 3
33861 0
33862 5
33863 2
33864 1
33876 3
33877 0
33877 2
33877 4
33878 1
33890 3
33892 0
33892 2
33892 4
33894 1
33904 3
33907 0
33907 2
33907 4
33910 1
33918 3
33922 0
33922 2
33922 5
33926 1
33934 3
33936 2
33937 4
33938 0
33940 1
33941 4
33948 3
33951 2
33952 4
33953 0
33956 1
33957 4
33962 3
33966 2
33967 5
33968 0
33972 1
33973 4
33977 3
33980 2
33982 5
33984 0
33987 1
33988 4
33993 3
33995 2
33997 5
33999 0
34001 1
34002 4
34009 2
34009 3
34010 5
34012 5
34015 0
34015 1
34016 4
34024 2
34025 3
34026 5
34027 5
34029 1
34030 0
34031 4
34039 2
34041 3
34042 5
34043 1
34045 0
34046 4
34054 2
34057 1
34057 3
34057 5
34060 0
34069 2
34072 1
34072 3
34072 5
34075 0
34084 2
34086 1
34087 5
34088 3
34090 0
34099 2
34100 1
34102 5
34104 3
34105 0
34114 1
34114 2
34117 5
34120 0
34120 3
34128 1
34129 2
34129 4
34132 5
34135 0
34136 3
34142 1
34143 4
34145 2
34147 4
34149 0
34152 3
34159 1
34160 2
34160 4
34162 5
34164 0
34165 3
34173 1
34174 4
34175 2
34177 4
34179 0
34181 3
34189 1
34190 4
34191 2
34192 5
34193 0
34195 3
34203 1
34204 4
34206 2
34207 5
34208 0
34211 3
34217 1
34218 4
34222 0
34222 2
34222 5
34227 3
34231 1
34232 4
34237 0
34237 2
34237 4
34243 3
34247 1
34248 4
34251 0
34252 4
34253 2
34257 3
34263 1
34264 4
34266 0
34267 5
34268 2
34271 3
34277 1
34278 4
34280 0
34282 4
34284 2
34287 3
34293 1
34294 4
34295 0
34297 4
34299 2
34301 3
34309 1
34310 0
34310 4
34312 4
34314 2
34315 3
34324 0
34324 1
34325 4
34327 4
34330 2
34330 3
34339 0
34340 1
34341 4
34342 5
34344 3
34345 2
34354 0
34354 1
34355 4
34357 4
34360 2
34360 3
34369 0
34370 1
34371 4
34372 4
34374 3
34375 2
34383 0
34386 1
34387 4
34388 3
34391 2
