1147 0
1147 1
1147 2
1147 3
1147 5
1161 1
1162 0
1162 2
1162 4
1163 3
1177 0
1177 1
1177 2
1177 3
1177 4
1191 3
1192 0
1192 2
1192 4
1193 1
1205 3
1207 0
1207 2
1207 5
1209 1
1221 3
1222 0
1222 2
1222 5
1223 1
1237 0
1237 1
1237 2
1237 3
1237 5
1251 1
1252 0
1252 2
1252 5
1253 3
1265 1
1267 0
1267 2
1267 5
1269 3
1279 1
1282 0
1282 2
1282 5
1285 3
1293 1
1297 0
1297 2
1297 5
1301 3
1307 1
1312 0
1312 2
1312 4
1317 3
1323 1
1326 0
1327 5
1328 2
1331 3
1337 1
1341 0
1342 5
1343 2
1347 3
1351 1
1355 0
1357 5
1359 2
1363 3
1365 1
1370 0
1372 4
1374 2
1379 3
1381 1
1384 0
1387 5
1390 2
1393 3
1395 1
1398 0
1402 5
1406 2
1409 3
