145851 0
145852 1
145852 3
145852 4
145852 5
145853 2
145866 0
145866 1
145867 4
145868 2
145868 3
145881 0
145882 1
145882 3
145882 4
145882 5
145883 2
145896 0
145896 1
145897 4
145898 2
145898 3
145911 0
145912 1
145912 3
145912 4
145913 2
145926 0
145926 3
145927 5
145928 1
145928 2
145941 0
145942 1
145942 3
145942 4
145943 2
145956 0
145956 3
145957 5
145958 1
145958 2
145971 0
145972 1
145972 3
145972 4
145973 2
145986 0
145986 3
145987 4
145988 1
145988 2
146001 0
146001 3
146002 5
146003 1
146003 2
146016 0
146017 1
146017 3
146017 4
146018 2
146031 0
146031 3
146032 5
146033 1
146033 2
146046 0
146047 1
146047 3
146047 4
146048 2
146061 0
146061 3
146062 4
146063 1
146063 2
146075 3
146076 5
146077 0
146077 2
146077 5
146079 1
146091 3
146092 0
146092 2
146092 4
146092 5
146093 1
146105 3
146106 5
146107 0
146107 2
146107 5
146109 1
146121 3
146122 0
146122 2
146122 4
146122 5
146123 1
146135 3
146136 5
146137 0
146137 2
146137 5
146139 1
146151 3
146152 0
146152 2
146152 4
146152 5
146153 1
146165 3
146166 2
146166 5
146167 5
146168 0
146169 1
146181 2
146181 3
146182 5
146183 0
146183 1
146196 2
146197 1
146197 3
146197 4
146198 0
146211 2
146211 3
146212 5
146213 0
146213 1
146226 2
146227 1
146227 3
146227 4
146228 0
146240 3
146241 2
146241 5
146242 5
146243 0
146244 1
146256 2
146256 3
146257 5
146258 0
146258 1
146271 2
146272 1
146272 3
146272 4
146273 0
146286 2
146286 3
146287 5
146288 0
146288 1
146301 2
146302 1
146302 3
146302 5
146303 0
146316 1
146316 2
146317 5
146318 0
146318 3
146330 1
146331 2
146332 4
146333 0
146334 3
146346 1
146346 2
146347 5
146348 0
146348 3
146360 1
146361 2
146362 4
146363 0
146364 3
146376 1
146376 2
146377 5
146378 0
146378 3
146390 1
146391 2
146392 4
146393 0
146394 3
146406 1
146406 2
146407 5
146408 0
146408 3
146420 1
146421 2
146422 5
146423 0
146424 3
146434 1
146437 0
146437 2
146437 4
146440 3
146450 1
146452 0
146452 2
146452 5
146454 3
146464 1
146467 0
146467 2
146467 4
146470 3
146480 1
146482 0
146482 2
146482 5
146484 3
146494 1
146497 0
146497 2
146497 4
146500 3
146510 1
146511 0
146512 4
146513 2
146514 3
146515 5
146526 0
146526 1
146527 4
146527 5
146528 2
146528 3
146540 1
146541 0
146541 4
146542 4
146543 2
146544 3
146556 0
146556 1
146557 4
146557 5
146558 2
146558 3
146570 1
146571 0
146571 4
146572 4
146573 2
146574 3
146586 0
146586 1
146587 4
146588 2
146588 3
146601 0
146602 1
146602 3
146602 5
146603 2
146616 0
146616 1
146617 4
146618 2
146618 3
146630 0
146631 4
146632 1
146632 3
146632 4
146634 2
146645 0
146646 3
146646 4
146647 5
146648 1
146649 2
146660 0
146661 4
146662 1
146662 3
146662 4
146664 2
146675 0
146676 3
146676 4
146677 4
146678 1
146679 2
146691 0
146691 3
146692 5
146693 1
146693 2
146706 0
146707 1
146707 3
146707 4
146708 2
146721 0
146721 3
146722 4
146723 1
146723 2
146735 3
146736 0
146737 5
146738 2
146739 1
146751 0
146751 3
146752 4
146753 1
146753 2
146765 3
146766 0
146766 5
146767 4
146768 2
146769 1
146779 3
146780 5
146781 0
146782 5
146783 2
146785 1
146795 3
146796 5
146797 0
146797 2
146797 4
146799 1
146809 3
146810 5
146812 0
146812 2
146812 5
146815 1
146825 3
146826 5
146827 0
146827 2
146827 4
146829 1
146839 3
146840 5
146842 0
146842 2
146842 5
146845 1
146855 3
146856 5
146857 0
146857 2
146857 4
146859 1
146869 3
146870 5
146871 2
146872 5
146873 0
146875 1
146876 4
146885 3
146886 2
146886 5
146887 4
146888 0
146889 1
146899 3
146900 5
146901 2
146902 5
146903 0
146905 1
146906 4
146915 3
146916 2
146916 5
146917 5
146918 0
146919 1
146930 2
146931 3
146932 4
146932 5
146933 1
146934 0
146945 2
146945 3
146946 5
146947 4
146949 0
146949 1
146950 4
146959 3
146960 2
146960 5
146962 5
146964 0
146965 1
146966 4
146974 3
146975 2
146975 5
146977 5
146979 0
146980 1
146981 4
146989 2
146990 3
146991 5
146992 5
146994 1
146995 0
146996 4
147004 2
147006 3
147007 5
147008 1
147010 0
147011 4
147019 2
147022 1
147022 3
147022 5
147025 0
147034 2
147036 1
147037 5
147038 3
147040 0
147049 2
147050 1
147052 5
147054 3
147055 0
147064 2
147065 1
147067 5
147069 3
147070 0
147079 1
147080 2
147082 5
147084 0
147085 3
147093 1
147095 2
147097 4
147099 0
147101 3
147109 1
147110 2
147112 5
147114 0
147115 3
147123 1
147126 2
147127 4
147128 0
147131 3
147139 1
147141 2
147142 4
147143 0
147145 3
147155 1
147156 2
147157 5
147158 0
147159 3
147169 1
147171 2
147172 5
147173 0
147175 3
147183 1
147187 0
147187 2
147187 5
147191 3
147197 1
147202 0
147202 2
147202 4
147207 3
147213 1
147216 0
147217 4
147217 5
147218 2
147221 3
147227 1
147231 0
147232 4
147233 2
147237 3
147238 5
147243 1
147244 4
147246 0
147247 4
147248 2
147251 3
147252 5
147259 1
147260 0
147260 4
147262 5
147264 2
147265 3
147266 5
147273 1
147274 4
147275 0
147277 4
147279 2
147281 3
147282 5
147289 1
147290 0
147290 4
147292 4
147294 2
147295 3
147296 5
147304 0
147305 1
147305 4
147307 4
147309 3
147310 2
147311 5
147319 0
147320 4
147321 1
147322 5
147323 3
147325 2
147334 0
147334 1
147335 4
147337 4
147340 2
147340 3
147341 5
147349 0
147350 1
147350 4
147352 4
147354 3
147355 2
147356 5
147364 0
147365 4
147366 1
147367 4
147368 3
147370 2
147379 0
147380 4
147382 1
147382 3
147382 4
147385 2
147393 0
147394 4
147396 3
147397 4
147398 1
147401 2
147409 0
147410 4
147411 3
147412 4
147413 1
147415 2
147424 0
147425 3
147425 4
147427 4
147429 1
147430 2
147439 0
147439 3
147442 4
147445 1
147445 2
147453 3
147454 0
147454 5
147457 5
147460 2
147461 1
147469 3
147470 0
147470 5
147472 4
147474 2
147475 1
147484 3
147485 0
147485 5
147487 4
147489 2
147490 1
147498 3
147499 5
147500 0
147502 4
147504 2
147506 1
147512 3
147513 5
147515 0
147517 5
147519 2
147522 1
147528 3
147529 5
147531 0
147532 4
147533 2
147536 1
147542 3
147543 5
147546 0
147547 4
147548 2
147552 1
147556 3
147557 5
147562 0
147562 2
147562 5
147568 1
147572 3
147573 5
147577 0
147577 2
147577 5
147582 1
147588 3
147589 5
147591 2
147592 4
147593 0
147596 1
147597 4
147602 3
147603 5
147606 2
147607 5
147608 0
147612 1
147613 4
147618 3
147619 5
147620 2
147622 5
147624 0
147626 1
147627 4
147634 3
147635 2
147635 5
147637 4
147639 0
147640 1
147641 4
147648 3
147649 5
147650 2
147652 5
147654 0
147656 1
147657 4
147664 2
147664 3
147665 5
147667 5
147670 0
147670 1
147671 4
147679 2
147679 3
147680 5
147682 5
147685 0
147685 1
147686 4
147694 2
147695 3
147696 5
147697 5
147699 1
147700 0
147701 4
147708 2
147711 3
147712 5
147713 1
147716 0
147717 4
