243951 0
243952 1
243952 3
243952 4
243953 2
243966 0
243966 3
243967 5
243968 1
243968 2
243981 0
243982 1
243982 3
243982 4
243983 2
243996 0
243996 3
243997 5
243998 1
243998 2
244011 0
244012 1
244012 3
244012 4
244013 2
244026 0
244026 3
244027 4
244028 1
244028 2
244040 3
244041 0
244041 5
244042 5
244043 2
244044 1
244056 3
244057 0
244057 2
244057 4
244057 5
244058 1
244070 3
244071 5
244072 0
244072 2
244072 5
244074 1
244086 3
244087 0
244087 2
244087 4
244087 5
244088 1
244100 3
244101 5
244102 0
244102 2
244102 5
244104 1
244116 3
244117 0
244117 2
244117 4
244117 5
244118 1
244130 3
244131 5
244132 0
244132 2
244132 5
244134 1
244146 3
244147 0
244147 2
244147 4
244147 5
244148 1
244160 3
244161 5
244162 0
244162 2
244162 5
244164 1
244176 3
244177 0
244177 2
244177 4
244177 5
244178 1
244190 3
244191 5
244192 0
244192 2
244192 5
244194 1
244206 2
244206 3
244207 5
244208 0
244208 1
244221 2
244222 1
244222 3
244222 4
244223 0
244236 2
244236 3
244237 5
244238 0
244238 1
244251 2
244252 1
244252 3
244252 4
244253 0
244266 2
244266 3
244267 5
244268 0
244268 1
244281 2
244282 1
244282 3
244282 4
244283 0
244296 2
244296 3
244297 5
244298 0
244298 1
244311 2
244312 1
244312 3
244312 5
244313 0
244326 1
244326 2
244327 4
244328 0
244328 3
244341 2
244342 1
244342 3
244342 5
244343 0
244356 1
244356 2
244357 4
244358 0
244358 3
244371 2
244372 1
244372 3
244372 5
244373 0
244386 1
244386 2
244387 5
244388 0
244388 3
244400 1
244401 2
244402 4
244403 0
244404 3
244416 1
244417 0
244417 2
244417 5
244418 3
244430 1
244432 0
244432 2
244432 4
244434 3
244446 1
244447 0
244447 2
244447 5
244448 3
244460 1
244462 0
244462 2
244462 4
244464 3
244476 1
244477 0
244477 2
244477 5
244478 3
244490 1
244492 0
244492 2
244492 4
244494 3
244506 1
244507 0
244507 2
244507 5
244508 3
244520 1
244522 0
244522 2
244522 4
244524 3
244536 1
244537 0
244537 2
244537 5
244538 3
244550 1
244552 0
244552 2
244552 4
244554 3
244566 0
244566 1
244567 4
244567 5
244568 2
244568 3
244580 1
244581 0
244582 4
244583 2
244584 3
244585 5
244596 0
244596 1
244597 4
244598 2
244598 3
244611 0
244612 1
244612 3
244612 5
244613 2
244626 0
244626 1
244627 4
244628 2
244628 3
244641 0
244642 1
244642 3
244642 5
244643 2
244656 0
244656 1
244657 4
244658 2
244658 3
244671 0
244672 1
244672 3
244672 4
244673 2
244686 0
244686 3
244687 5
244688 1
244688 2
244701 0
244702 1
244702 3
244702 4
244703 2
244716 0
244716 3
244717 4
244718 1
244718 2
244730 3
244731 0
244732 5
244733 2
244734 1
244746 0
244746 3
244747 4
244748 1
244748 2
244760 3
244761 0
244762 5
244763 2
244764 1
244776 0
244777 1
244777 3
244777 4
244778 2
244791 0
244791 3
244792 5
244793 1
244793 2
244807 0
244807 1
244807 2
244807 3
244807 4
244821 3
244822 0
244822 2
244822 4
244822 5
244823 1
244835 3
244836 5
244837 0
244837 2
244837 5
244839 1
244851 3
244852 0
244852 2
244852 4
244852 5
244853 1
244865 3
244866 5
244867 0
244867 2
244867 5
244869 1
244881 3
244882 0
244882 2
244882 4
244882 5
244883 1
244895 3
244896 5
244897 0
244897 2
244897 5
244899 1
244911 2
244911 3
244912 5
244913 0
244913 1
244926 2
244927 1
244927 3
244927 4
244928 0
244941 2
244941 3
244942 5
244943 0
244943 1
244956 2
244956 3
244957 4
244957 5
244958 0
244958 1
244970 3
244971 2
244971 5
244972 5
244973 0
244974 1
244986 2
244986 3
244987 5
244988 0
244988 1
245001 2
245002 1
245002 3
245002 4
245003 0
245016 2
245016 3
245017 5
245018 0
245018 1
245031 2
245032 1
245032 3
245032 5
245033 0
245046 1
245046 2
245047 4
245048 0
245048 3
245061 2
245062 1
245062 3
245062 5
245063 0
245076 1
245076 2
245077 4
245078 0
245078 3
245091 2
245092 1
245092 3
245092 5
245093 0
245106 1
245106 2
245107 5
245108 0
245108 3
245120 1
245121 2
245122 4
245123 0
245124 3
245136 1
245136 2
245137 5
245138 0
245138 3
245150 1
245151 2
245152 5
245153 0
245154 3
245164 1
245166 2
245167 4
245168 0
245170 3
245181 1
245182 0
245182 2
245182 5
245183 3
245195 1
245197 0
245197 2
245197 4
245199 3
245211 1
245212 0
245212 2
245212 5
245213 3
245225 1
245227 0
245227 2
245227 4
245229 3
245241 1
245242 0
245242 2
245242 4
245242 5
245243 3
245255 1
245256 4
245257 0
245257 2
245257 4
245259 3
245271 0
245271 1
245272 4
245273 2
245273 3
245286 0
245286 1
245287 4
245287 5
245288 2
245288 3
245300 1
245301 0
245301 4
245302 4
245303 2
245304 3
245316 0
245316 1
245317 4
245317 5
245318 2
245318 3
245330 1
245331 0
245331 4
245332 4
245333 2
245334 3
245346 0
245346 1
245347 4
245348 2
245348 3
245361 0
245362 1
245362 3
245362 5
245363 2
245376 0
245376 1
245377 4
245378 2
245378 3
245391 0
245392 1
245392 3
245392 4
245393 2
245406 0
245406 3
245407 5
245408 1
245408 2
245421 0
245422 1
245422 3
245422 4
245423 2
245436 0
245436 3
245437 4
245438 1
245438 2
245450 3
245451 0
245452 5
245453 2
245454 1
245466 0
245466 3
245467 4
245468 1
245468 2
245480 3
245481 0
245482 5
245483 2
245484 1
245496 0
245497 1
245497 3
245497 4
245498 2
245511 0
245511 3
245512 4
245513 1
245513 2
245525 3
245526 0
245527 5
245528 2
245529 1
245541 0
245541 3
245542 4
245543 1
245543 2
245555 3
245557 0
245557 2
245557 5
245559 1
245571 3
245572 0
245572 2
245572 4
245573 1
245585 3
245587 0
245587 2
245587 5
245589 1
245601 3
245602 0
245602 2
245602 4
245603 1
245615 3
245617 0
245617 2
245617 5
245619 1
245631 3
245632 0
245632 2
245632 4
245632 5
245633 1
245645 3
245646 2
245646 5
245647 5
245648 0
245649 1
245661 2
245661 3
245662 4
245662 5
245663 0
245663 1
245675 3
245676 2
245676 5
245677 5
245678 0
245679 1
245691 2
245691 3
245692 5
245693 0
245693 1
245706 2
245707 1
245707 3
245707 4
245708 0
245720 3
245721 2
245721 5
245722 5
245723 0
245724 1
245736 2
245736 3
245737 5
245738 0
245738 1
245751 2
245752 1
245752 3
245752 4
245753 0
245766 2
245766 3
245767 5
245768 0
245768 1
245780 2
245782 1
245782 3
245782 5
245784 0
245795 2
245796 1
245797 4
245798 3
245799 0
245811 2
245812 1
245812 3
245812 5
245813 0
245826 1
245826 2
245827 5
245828 0
245828 3
245840 1
245841 2
245842 4
245843 0
245844 3
245856 1
245856 2
245857 5
245858 0
245858 3
245870 1
245871 2
245872 5
245873 0
245874 3
245884 1
245886 2
245887 4
245888 0
245890 3
245901 1
245901 2
245902 5
245903 0
245903 3
245915 1
245916 2
245917 4
245918 0
245919 3
245931 1
245932 0
245932 2
245932 5
245933 3
245945 1
245947 0
245947 2
245947 4
245949 3
245961 1
245962 0
245962 2
245962 5
245963 3
245975 1
245977 0
245977 2
245977 4
245979 3
245991 1
245992 0
245992 2
245992 5
245993 3
246005 1
246006 0
246007 4
246008 2
246009 3
246010 5
246021 0
246021 1
246022 4
246022 5
246023 2
246023 3
246035 1
246036 0
246036 4
246037 4
246038 2
246039 3
246050 1
246051 0
246051 4
246052 4
246053 2
246054 3
246066 0
246066 1
246067 4
246067 5
246068 2
246068 3
246080 1
246081 0
246081 4
246082 4
246083 2
246084 3
246096 0
246096 1
246097 4
246098 2
246098 3
246110 0
246112 1
246112 3
246112 5
246114 2
246125 0
246126 1
246127 4
246128 3
246129 2
246130 5
246140 0
246142 1
246142 3
246142 4
246144 2
246155 0
246156 3
246157 5
246158 1
246159 2
246170 0
246171 4
246172 1
246172 3
246172 4
246174 2
246185 0
246186 3
246186 4
246187 4
246188 1
246189 2
246200 0
246200 3
246202 5
246204 1
246204 2
246216 0
246217 1
246217 3
246217 4
246218 2
246231 0
246231 3
246232 4
246233 1
246233 2
246245 3
246246 0
246247 5
246248 2
246249 1
246261 0
246261 3
246262 4
246263 1
246263 2
246275 3
246276 0
246277 5
246278 2
246279 1
246291 0
246291 3
246292 4
246293 1
246293 2
246305 3
246306 0
246307 4
246308 2
246309 1
246319 3
246322 0
246322 2
246322 5
246325 1
246335 3
246337 0
246337 2
246337 4
246339 1
246349 3
246352 0
246352 2
246352 5
246355 1
246365 3
246366 5
246367 0
246367 2
246367 4
246369 1
246379 3
246380 5
246381 2
246382 5
246383 0
246385 1
246386 4
246395 3
246396 2
246396 5
246397 5
246398 0
246399 1
246411 2
246411 3
246412 4
246412 5
246413 0
246413 1
246425 3
246426 2
246426 5
246427 5
246428 0
246429 1
246441 2
246441 3
246442 5
246443 0
246443 1
246455 2
246457 1
246457 3
246457 4
246459 0
246470 2
246470 3
246471 5
246472 5
246474 0
246474 1
246475 4
246485 2
246486 3
246487 5
246488 1
246489 0
246490 4
246500 2
246502 1
246502 3
246502 4
246504 0
246515 2
246516 3
246517 5
246518 1
246519 0
246520 4
246530 2
246532 1
246532 3
246532 5
246534 0
246545 2
246546 1
246547 5
246548 3
246549 0
246560 1
246560 2
246562 4
246564 0
246564 3
246575 2
246576 1
246576 5
246577 5
246578 3
246579 0
246590 1
246590 2
246592 5
246594 0
246594 3
246605 1
246606 2
246607 4
246608 0
246609 3
246621 1
246621 2
246622 5
246623 0
246623 3
246635 1
246636 2
246637 5
246638 0
246639 3
246649 1
246651 2
246652 4
246653 0
246655 3
246665 1
246666 2
246667 5
246668 0
246669 3
246679 1
246680 4
246682 0
246682 2
246682 4
246685 3
246695 1
246696 4
246697 0
246697 2
246697 5
246699 3
246709 1
246710 4
246712 0
246712 2
246712 4
246715 3
246725 1
246726 4
246727 0
246727 2
246727 5
246729 3
246739 1
246740 4
246741 0
246742 4
246743 2
246745 3
246746 5
246755 1
246756 0
246756 4
246757 4
246758 2
246759 3
246771 0
246771 1
246772 4
246772 5
246773 2
246773 3
246785 1
246786 0
246786 4
246787 4
246788 2
246789 3
246800 0
246801 1
246802 4
246803 3
246804 2
246805 5
246815 0
246816 1
246817 4
246817 5
246818 3
246819 2
246830 0
246830 1
246831 4
246832 4
246834 2
246834 3
246835 5
246845 0
246846 1
246847 4
246848 3
246849 2
246850 5
246860 0
246862 1
246862 3
246862 5
246864 2
246875 0
246876 1
246877 4
246878 3
246879 2
246880 5
246890 0
246891 4
246892 1
246892 3
246892 4
246894 2
246905 0
246906 3
246906 4
246907 4
246908 1
246909 2
246920 0
246920 3
246922 5
246924 1
246924 2
246935 0
246936 4
246937 1
246937 3
246937 4
246939 2
246950 0
246951 3
246951 4
246952 4
246953 1
246954 2
