200197 0
200197 1
200197 2
200197 3
200197 4
200211 3
200212 0
200212 2
200212 5
200213 1
200227 0
200227 1
200227 2
200227 3
200227 4
200241 3
200242 0
200242 2
200242 5
200243 1
200257 0
200257 1
200257 2
200257 3
200257 4
200271 3
200272 0
200272 2
200272 5
200273 1
200286 2
200287 1
200287 3
200287 4
200288 0
200301 2
200301 3
200302 5
200303 0
200303 1
200316 2
200317 1
200317 3
200317 4
200318 0
200331 2
200331 3
200332 5
200333 0
200333 1
200346 2
200347 1
200347 3
200347 5
200348 0
200361 1
200361 2
200362 4
200363 0
200363 3
200376 2
200377 1
200377 3
200377 5
200378 0
200391 1
200391 2
200392 4
200393 0
200393 3
200406 2
200407 1
200407 3
200407 5
200408 0
200421 1
200421 2
200422 5
200423 0
200423 3
200435 1
200436 2
200436 4
200437 4
200438 0
200439 3
200451 1
200451 2
200452 5
200453 0
200453 3
200465 1
200466 4
200467 0
200467 2
200467 4
200469 3
200482 0
200482 1
200482 2
200482 3
200482 5
200496 1
200497 0
200497 2
200497 4
200498 3
200512 0
200512 1
200512 2
200512 3
200512 5
200526 1
200527 0
200527 2
200527 4
200528 3
200542 0
200542 1
200542 2
200542 3
200542 5
200556 1
200557 0
200557 2
200557 4
200558 3
200572 0
200572 1
200572 2
200572 3
200572 5
200586 1
200587 0
200587 2
200587 4
200588 3
200602 0
200602 1
200602 2
200602 3
200602 5
200616 1
200617 0
200617 2
200617 4
200618 3
200631 0
200632 1
200632 3
200632 5
200633 2
200645 1
200646 0
200646 4
200647 4
200648 2
200649 3
200661 0
200661 1
200662 4
200663 2
200663 3
200676 0
200677 1
200677 3
200677 5
200678 2
200691 0
200691 1
200692 4
200693 2
200693 3
200706 0
200707 1
200707 3
200707 5
200708 2
200721 0
200721 1
200722 4
200723 2
200723 3
200736 0
200737 1
200737 3
200737 4
200738 2
200751 0
200751 3
200752 5
200753 1
200753 2
200766 0
200767 1
200767 3
200767 4
200768 2
200781 0
200781 3
200782 5
200783 1
200783 2
200796 0
200797 1
200797 3
200797 4
200798 2
200811 0
200811 3
200812 5
200813 1
200813 2
200826 0
200827 1
200827 3
200827 4
200828 2
200841 0
200841 3
200842 4
200843 1
200843 2
200855 3
200856 5
200857 0
200857 2
200857 5
200859 1
200871 3
200872 0
200872 2
200872 4
200872 5
200873 1
200885 3
200886 5
200887 0
200887 2
200887 5
200889 1
200901 3
200902 0
200902 2
200902 4
200902 5
200903 1
200915 3
200916 5
200917 0
200917 2
200917 5
200919 1
200931 3
200932 0
200932 2
200932 4
200932 5
200933 1
200945 3
200946 5
200947 0
200947 2
200947 5
200949 1
200961 3
200962 0
200962 2
200962 4
200962 5
200963 1
200975 3
200976 5
200977 0
200977 2
200977 5
200979 1
200991 2
200991 3
200992 5
200993 0
200993 1
201006 2
201007 1
201007 3
201007 4
201008 0
201021 2
201021 3
201022 5
201023 0
201023 1
201036 2
201037 1
201037 3
201037 4
201038 0
201051 2
201051 3
201052 5
201053 0
201053 1
201066 2
201067 1
201067 3
201067 5
201068 0
201081 1
201081 2
201082 4
201083 0
201083 3
201096 2
201097 1
201097 3
201097 5
201098 0
201111 1
201111 2
201112 4
201113 0
201113 3
201126 2
201127 1
201127 3
201127 5
201128 0
201141 1
201141 2
201142 4
201143 0
201143 3
201156 2
201157 1
201157 3
201157 5
201158 0
201171 1
201171 2
201172 5
201173 0
201173 3
201185 1
201186 2
201187 4
201188 0
201189 3
201201 2
201202 1
201202 3
201202 5
201203 0
201216 1
201216 2
201217 4
201218 0
201218 3
201232 0
201232 1
201232 2
201232 3
201232 5
201246 1
201247 0
201247 2
201247 4
201248 3
201262 0
201262 1
201262 2
201262 3
201262 5
201276 1
201277 0
201277 2
201277 4
201278 3
201292 0
201292 1
201292 2
201292 3
201292 5
201306 1
201307 0
201307 2
201307 4
201307 5
201308 3
201320 1
201321 4
201322 0
201322 2
201322 4
201324 3
201336 1
201337 0
201337 2
201337 4
201338 3
201352 0
201352 1
201352 2
201352 3
201352 5
201366 1
201367 0
201367 2
201367 4
201368 3
201381 0
201382 1
201382 3
201382 5
201383 2
201396 0
201396 1
201397 4
201398 2
201398 3
201411 0
201412 1
201412 3
201412 5
201413 2
201425 1
201426 0
201426 4
201427 4
201428 2
201429 3
201441 0
201441 1
201442 4
201443 2
201443 3
201456 0
201457 1
201457 3
201457 5
201458 2
201471 0
201471 1
201472 4
201473 2
201473 3
201486 0
201487 1
201487 3
201487 5
201488 2
201501 0
201501 1
201502 4
201503 2
201503 3
201516 0
201517 1
201517 3
201517 4
201518 2
201531 0
201531 3
201532 5
201533 1
201533 2
201546 0
201547 1
201547 3
201547 4
201548 2
201561 0
201561 3
201562 5
201563 1
201563 2
201576 0
201577 1
201577 3
201577 4
201578 2
201591 0
201591 3
201592 4
201593 1
201593 2
201605 3
201606 0
201606 5
201607 5
201608 2
201609 1
201621 0
201621 3
201622 4
201623 1
201623 2
201635 3
201636 5
201637 0
201637 2
201637 5
201639 1
201651 3
201652 0
201652 2
201652 4
201652 5
201653 1
201665 3
201666 5
201667 0
201667 2
201667 5
201669 1
201681 3
201682 0
201682 2
201682 4
201682 5
201683 1
201695 3
201696 5
201697 0
201697 2
201697 5
201699 1
201711 3
201712 0
201712 2
201712 4
201712 5
201713 1
201725 3
201726 5
201727 0
201727 2
201727 5
201729 1
201741 3
201742 0
201742 2
201742 4
201742 5
201743 1
201755 3
201756 5
201757 0
201757 2
201757 5
201759 1
201771 2
201771 3
201772 4
201772 5
201773 0
201773 1
201785 3
201786 2
201786 5
201787 5
201788 0
201789 1
201801 2
201801 3
201802 5
201803 0
201803 1
201816 2
201817 1
201817 3
201817 4
201818 0
201831 2
201831 3
201832 5
201833 0
201833 1
201846 2
201847 1
201847 3
201847 4
201848 0
201861 2
201861 3
201862 5
201863 0
201863 1
201876 2
201877 1
201877 3
201877 5
201878 0
201891 1
201891 2
201892 4
201893 0
201893 3
201906 2
201907 1
201907 3
201907 5
201908 0
201921 1
201921 2
201922 4
201923 0
201923 3
201936 2
201937 1
201937 3
201937 5
201938 0
201951 1
201951 2
201952 5
201953 0
201953 3
201966 1
201966 2
201967 4
201968 0
201968 3
201981 2
201982 1
201982 3
201982 5
201983 0
201996 1
201996 2
201997 5
201998 0
201998 3
202010 1
202011 2
202012 4
202013 0
202014 3
202026 1
202027 0
202027 2
202027 5
202028 3
202040 1
202042 0
202042 2
202042 4
202044 3
202056 1
202057 0
202057 2
202057 5
202058 3
202070 1
202072 0
202072 2
202072 4
202074 3
202086 1
202087 0
202087 2
202087 5
202088 3
202100 1
202102 0
202102 2
202102 4
202104 3
202116 0
202116 1
202117 4
202117 5
202118 2
202118 3
202130 1
202131 0
202131 4
202132 4
202133 2
202134 3
202146 0
202146 1
202147 4
202148 2
202148 3
202161 0
202162 1
202162 3
202162 5
202163 2
202176 0
202176 1
202177 4
202178 2
202178 3
202191 0
202192 1
202192 3
202192 4
202193 2
202206 0
202207 1
202207 3
202207 5
202208 2
202221 0
202221 1
202222 4
202223 2
202223 3
202236 0
202237 1
202237 3
202237 5
202238 2
202251 0
202251 1
202252 4
202253 2
202253 3
202266 0
202267 1
202267 3
202267 4
202268 2
202281 0
202281 3
202282 5
202283 1
202283 2
202296 0
202297 1
202297 3
202297 4
202298 2
202311 0
202311 3
202312 4
202313 1
202313 2
202325 3
202326 0
202327 5
202328 2
202329 1
202341 0
202341 3
202342 4
202343 1
202343 2
202355 3
202356 0
202357 5
202358 2
202359 1
202371 0
202371 3
202372 4
202373 1
202373 2
202385 3
202386 0
202387 4
202388 2
202389 1
202399 3
202402 0
202402 2
202402 5
202405 1
202415 3
202416 5
202417 0
202417 2
202417 4
202419 1
202429 3
202430 5
202432 0
202432 2
202432 5
202435 1
202445 3
202446 5
202447 0
202447 2
202447 4
202449 1
202459 3
202460 5
202462 0
202462 2
202462 5
202465 1
202475 3
202476 2
202476 5
202477 5
202478 0
202479 1
202491 2
202491 3
202492 4
202492 5
202493 0
202493 1
202505 3
202506 2
202506 5
202507 5
202508 0
202509 1
202521 2
202521 3
202522 4
202522 5
202523 0
202523 1
202535 3
202536 2
202536 5
202537 5
202538 0
202539 1
202551 2
202551 3
202552 5
202553 0
202553 1
202566 2
202567 1
202567 3
202567 4
202568 0
202581 2
202581 3
202582 5
202583 0
202583 1
202596 2
202597 1
202597 3
202597 5
202598 0
202611 1
202611 2
202612 4
202613 0
202613 3
202626 2
202627 1
202627 3
202627 5
202628 0
202641 1
202641 2
202642 5
202643 0
202643 3
202655 1
202656 2
202657 4
202658 0
202659 3
202671 2
202672 1
202672 3
202672 5
202673 0
202686 1
202686 2
202687 5
202688 0
202688 3
202700 1
202701 2
202702 4
202703 0
202704 3
202716 1
202716 2
202717 5
202718 0
202718 3
202730 1
202731 2
202732 4
202733 0
202734 3
202746 1
202746 2
202747 5
202748 0
202748 3
202760 1
202762 0
202762 2
202762 5
202764 3
202774 1
202777 0
202777 2
202777 4
202780 3
202790 1
202792 0
202792 2
202792 5
202794 3
202804 1
202807 0
202807 2
202807 4
202810 3
202820 1
202821 0
202822 4
202823 2
202824 3
202825 5
202836 0
202836 1
202837 4
202837 5
202838 2
202838 3
202850 1
202851 0
202852 4
202853 2
202854 3
202855 5
202866 0
202866 1
202867 4
202867 5
202868 2
202868 3
202880 1
202881 0
202881 4
202882 4
202883 2
202884 3
202896 0
202896 1
202897 4
202898 2
202898 3
202911 0
202912 1
202912 3
202912 5
202913 2
202926 0
202926 1
202927 4
202928 2
202928 3
202940 0
202941 1
202942 4
202943 3
202944 2
202945 5
202955 0
202957 1
202957 3
202957 5
202959 2
202970 0
202971 1
202972 4
202973 3
202974 2
202975 5
202985 0
202986 4
202987 1
202987 3
202987 4
202989 2
203000 0
203001 3
203001 4
203002 5
203003 1
203004 2
203015 0
203016 4
203017 1
203017 3
203017 4
203019 2
203030 0
203031 3
203031 4
203032 4
203033 1
203034 2
203045 0
203045 3
203047 5
203049 1
203049 2
203061 0
203061 3
203062 4
203063 1
203063 2
203075 3
203076 0
203076 5
203077 4
203078 2
203079 1
203089 3
203090 5
203091 0
203092 5
203093 2
203095 1
203106 0
203106 3
203107 4
203108 1
203108 2
203120 3
203121 0
203121 5
203122 4
203123 2
203124 1
203134 3
203135 5
203136 0
203137 5
203138 2
203140 1
203150 3
203151 5
203152 0
203152 2
203152 4
203154 1
203164 3
203165 5
203167 0
203167 2
203167 5
203170 1
203180 3
203181 5
203182 0
203182 2
203182 4
203184 1
203194 3
203195 5
203196 2
203197 4
203198 0
203200 1
203201 4
