18847 0
18847 1
18847 2
18847 3
18847 5
18861 1
18862 0
18862 2
18862 4
18863 3
18877 0
18877 1
18877 2
18877 3
18877 4
18891 3
18892 0
18892 2
18892 4
18893 1
18905 3
18907 0
18907 2
18907 5
18909 1
18921 3
18922 0
18922 2
18922 4
18923 1
18935 3
18937 0
18937 2
18937 4
18939 1
18949 3
18952 0
18952 2
18952 4
18955 1
18963 3
18967 0
18967 2
18967 5
18971 1
18979 3
18981 2
18982 4
18983 0
18985 1
18993 3
18996 2
18997 5
18998 0
19001 1
19009 3
19011 2
19012 5
19013 0
19015 1
19025 2
19025 3
19027 5
19029 0
19029 1
19040 2
19041 3
19042 5
19043 1
19044 0
19055 2
19057 1
19057 3
19057 5
19059 0
19070 2
19071 1
19072 5
19073 3
19074 0
19085 1
19085 2
19087 4
19089 0
19089 3
19100 2
19101 1
19102 5
19103 3
19104 0
19115 2
19116 1
19117 5
19118 3
19119 0
19130 1
19131 2
19132 5
19133 0
19134 3
19144 1
19146 2
19147 4
19148 0
19150 3
19160 1
19161 2
19162 5
19163 0
19164 3
19174 1
19176 2
19177 4
19178 0
19180 3
19190 1
19192 0
19192 2
19192 5
19194 3
19204 1
19207 0
19207 2
19207 5
19210 3
19218 1
19222 0
19222 2
19222 4
19226 3
19234 1
19236 0
19237 4
19238 2
19240 3
19250 1
19251 0
19252 4
19253 2
19254 3
19266 0
19266 1
19267 5
19268 2
19268 3
19280 1
19281 0
19282 4
19283 2
19284 3
19296 0
19296 1
19297 5
19298 2
19298 3
19310 1
19311 0
19312 4
19313 2
19314 3
19325 0
19326 1
19327 4
19328 3
19329 2
19340 0
19341 1
19342 5
19343 3
19344 2
19355 0
19355 1
19357 4
19359 2
19359 3
19370 0
19371 1
19372 4
19373 3
19374 2
19385 0
19387 1
19387 3
19387 4
19389 2
19400 0
19401 3
19402 4
19403 1
19404 2
19415 0
19415 3
19417 5
19419 1
19419 2
19430 0
19431 3
19432 4
19433 1
19434 2
19445 0
19445 3
19447 4
19449 1
19449 2
19460 0
19460 3
19462 5
19464 1
19464 2
19476 0
19476 3
19477 5
19478 1
19478 2
19491 0
19492 1
19492 3
19492 5
19493 2
19506 0
19506 1
19507 4
19508 2
19508 3
19521 0
19522 1
19522 3
19522 5
19523 2
19536 0
19536 1
19537 4
19538 2
19538 3
19551 0
19552 1
19552 3
19552 4
19553 2
19566 0
19566 3
19567 4
19568 1
19568 2
19580 3
19581 0
19582 4
19583 2
19584 1
19594 3
19596 0
19597 5
19598 2
19600 1
19610 3
19611 0
19612 5
19613 2
19614 1
19626 0
19627 1
19627 3
19627 4
19628 2
19641 0
19641 3
19642 4
19643 1
19643 2
19655 3
19656 0
19657 4
19658 2
19659 1
19669 3
19672 0
19672 2
19672 4
19675 1
19683 3
19687 0
19687 2
19687 4
19691 1
19697 3
19702 0
19702 2
19702 5
19707 1
19713 3
19716 2
19717 4
19718 0
19721 1
19727 3
19731 2
19732 5
19733 0
19737 1
19743 3
19745 2
19747 5
19749 0
19751 1
19758 3
19760 2
19762 5
19764 0
19766 1
19774 2
19774 3
19777 5
19780 0
19780 1
19789 2
19790 3
19792 4
19794 1
19795 0
19804 2
19804 3
19807 5
19810 0
19810 1
19819 2
19820 3
19822 5
19824 1
19825 0
19834 2
19836 3
19837 5
19838 1
19840 0
19848 2
19851 3
19852 5
19853 1
19856 0
