150741 0
150742 1
150742 3
150742 5
150743 2
150756 0
150756 1
150757 4
150758 2
150758 3
150771 0
150772 1
150772 3
150772 5
150773 2
150786 0
150786 1
150787 4
150788 2
150788 3
150801 0
150802 1
150802 3
150802 5
150803 2
150816 0
150816 1
150817 4
150818 2
150818 3
150831 0
150832 1
150832 3
150832 4
150833 2
150846 0
150846 3
150847 5
150848 1
150848 2
150861 0
150862 1
150862 3
150862 4
150863 2
150876 0
150876 3
150877 5
150878 1
150878 2
150891 0
150892 1
150892 3
150892 4
150893 2
150906 0
150906 3
150907 4
150908 1
150908 2
150921 0
150921 3
150922 5
150923 1
150923 2
150936 0
150937 1
150937 3
150937 4
150938 2
150951 0
150951 3
150952 5
150953 1
150953 2
150967 0
150967 1
150967 2
150967 3
150967 4
150981 3
150982 0
150982 2
150982 5
150983 1
150997 0
150997 1
150997 2
150997 3
150997 4
151011 3
151012 0
151012 2
151012 5
151013 1
151027 0
151027 1
151027 2
151027 3
151027 4
151041 3
151042 0
151042 2
151042 4
151042 5
151043 1
151055 3
151056 5
151057 0
151057 2
151057 5
151059 1
151071 3
151072 0
151072 2
151072 4
151072 5
151073 1
151085 3
151086 5
151087 0
151087 2
151087 5
151089 1
151101 2
151101 3
151102 5
151103 0
151103 1
151116 2
151117 1
151117 3
151117 4
151118 0
151131 2
151131 3
151132 5
151133 0
151133 1
151146 2
151147 1
151147 3
151147 4
151148 0
151161 2
151161 3
151162 4
151162 5
151163 0
151163 1
151174 3
151175 5
151176 2
151177 5
151178 0
151180 1
151181 4
151190 3
151191 2
151191 5
151192 5
151193 0
151194 1
151206 2
151206 3
151207 5
151208 0
151208 1
151221 2
151222 1
151222 3
151222 5
151223 0
151236 1
151236 2
151237 4
151238 0
151238 3
151251 2
151252 1
151252 3
151252 5
151253 0
151266 1
151266 2
151267 4
151268 0
151268 3
151281 2
151282 1
151282 3
151282 5
151283 0
151296 1
151296 2
151297 5
151298 0
151298 3
151310 1
151311 2
151312 4
151313 0
151314 3
151326 1
151326 2
151327 5
151328 0
151328 3
151340 1
151341 2
151341 4
151342 4
151343 0
151344 3
151356 1
151356 2
151357 5
151358 0
151358 3
151370 1
151371 2
151371 4
151372 5
151373 0
151374 3
151384 1
151385 4
151387 0
151387 2
151387 4
151390 3
151400 1
151401 4
151402 0
151402 2
151402 5
151404 3
151414 1
151415 4
151417 0
151417 2
151417 4
151420 3
151430 1
151431 4
151432 0
151432 2
151432 5
151434 3
151444 1
151445 4
151447 0
151447 2
151447 5
151450 3
151458 1
151459 4
151461 0
151462 4
151463 2
151466 3
151467 5
151474 1
151475 4
151476 0
151477 4
151478 2
151480 3
151481 5
151490 1
151491 0
151491 4
151492 4
151493 2
151494 3
151506 0
151506 1
151507 4
151507 5
151508 2
151508 3
151520 1
151521 0
151521 4
151522 4
151523 2
151524 3
151535 0
151536 1
151537 4
151538 3
151539 2
151540 5
151550 0
151552 1
151552 3
151552 4
151554 2
151565 0
151566 3
151567 5
151568 1
151569 2
151580 0
151582 1
151582 3
151582 4
151584 2
151595 0
151596 3
151597 5
151598 1
151599 2
151610 0
151612 1
151612 3
151612 4
151614 2
151625 0
151627 1
151627 3
151627 4
151629 2
151640 0
151641 3
151642 5
151643 1
151644 2
151656 0
151657 1
151657 3
151657 4
151658 2
151671 0
151671 3
151672 4
151673 1
151673 2
151685 3
151686 0
151686 5
151687 5
151688 2
151689 1
151701 0
151701 3
151702 4
151703 1
151703 2
151715 3
151716 0
151716 5
151717 4
151718 2
151719 1
151729 3
151730 5
151731 0
151732 5
151733 2
151735 1
151745 3
151746 0
151746 5
151747 4
151748 2
151749 1
151759 3
151760 5
151762 0
151762 2
151762 4
151765 1
151773 3
151774 5
151777 0
151777 2
151777 5
151781 1
151789 3
151790 5
151792 0
151792 2
151792 5
151795 1
151805 3
151806 2
151806 5
151807 4
151808 0
151809 1
151819 3
151820 5
151821 2
151822 5
151823 0
151825 1
151826 4
151835 3
151836 2
151836 5
151837 4
151838 0
151839 1
151849 3
151850 5
151851 2
151852 5
151853 0
151855 1
151856 4
151865 3
151866 2
151866 5
151867 5
151868 0
151869 1
151880 2
151881 3
151882 4
151882 5
151883 1
151884 0
151895 2
151895 3
151896 5
151897 5
151899 0
151899 1
151900 4
151910 2
151911 3
151912 5
151913 1
151914 0
151915 4
151925 2
151927 1
151927 3
151927 5
151929 0
151940 2
151942 1
151942 3
151942 4
151944 0
151955 2
151956 3
151957 5
151958 1
151959 0
151960 4
151970 2
151972 1
151972 3
151972 5
151974 0
151985 2
151986 1
151987 5
151988 3
151989 0
152000 1
152000 2
152002 4
152004 0
152004 3
152015 2
152016 1
152017 5
152018 3
152019 0
152030 1
152030 2
152032 5
152034 0
152034 3
152044 1
152045 2
152045 4
152047 5
152049 0
152050 3
152059 1
152060 4
152061 2
152062 4
152063 0
152065 3
152075 1
152076 2
152076 4
152077 5
152078 0
152079 3
152089 1
152090 4
152091 2
152092 4
152093 0
152095 3
152105 1
152106 2
152106 4
152107 5
152108 0
152109 3
152119 1
152120 4
152122 0
152122 2
152122 4
152125 3
152135 1
152136 4
152137 0
152137 2
152137 5
152139 3
152149 1
152150 4
152152 0
152152 2
152152 4
152155 3
152165 1
152166 0
152166 4
152167 5
152168 2
152169 3
152179 1
152180 4
152181 0
152182 4
152183 2
152185 3
152186 5
152195 1
152196 0
152196 4
152197 5
152198 2
152199 3
152209 1
152210 4
152211 0
152212 4
152213 2
152215 3
152216 5
152225 0
152225 1
152226 4
152227 4
152229 2
152229 3
152230 5
152240 0
152240 1
152241 4
152242 4
152244 2
152244 3
152245 5
152255 0
152256 1
152257 4
152257 5
152258 3
152259 2
152270 0
152270 1
152271 4
152272 4
152274 2
152274 3
152275 5
152285 0
152286 1
152287 4
152288 3
152289 2
152290 5
152300 0
152302 1
152302 3
152302 5
152304 2
152315 0
152316 1
152317 4
152318 3
152319 2
152320 5
152330 0
152332 1
152332 3
152332 4
152334 2
152345 0
152346 3
152347 4
152348 1
152349 2
152360 0
152361 3
152362 4
152363 1
152364 2
152375 0
152375 3
152377 5
152379 1
152379 2
152390 0
152391 3
152392 4
152393 1
152394 2
152405 0
152405 3
152407 4
152409 1
152409 2
152419 3
152420 0
152420 5
152422 4
152424 2
152425 1
152433 3
152434 5
152436 0
152437 5
152438 2
152441 1
152449 3
152450 5
152451 0
152452 4
152453 2
152455 1
152463 3
152464 5
152466 0
152467 5
152468 2
152471 1
152479 3
152480 5
152481 0
152482 4
152483 2
152485 1
152493 3
152494 5
152497 0
152497 2
152497 5
152501 1
152510 3
152511 5
152512 0
152512 2
152512 4
152514 1
152524 3
152525 5
152527 0
152527 2
152527 5
152530 1
152540 3
152541 2
152541 5
152542 4
152543 0
152544 1
152553 3
152554 5
152556 2
152557 5
152558 0
152561 1
152562 4
152569 3
152570 5
152571 2
152572 4
152573 0
152575 1
152576 4
152583 3
152584 5
152586 2
152587 4
152588 0
152591 1
152592 4
152597 3
152598 5
152600 2
152602 5
152604 0
152607 1
152608 4
152613 3
152614 5
152615 2
152617 5
152619 0
152621 1
152622 4
152629 2
152629 3
152630 5
152632 5
152635 0
152635 1
152636 4
152644 2
152645 3
152646 5
152647 5
152649 1
152650 0
152651 4
152659 2
152661 3
152662 5
152663 1
152665 0
152666 4
152674 2
152676 3
152677 5
152678 1
152680 0
152681 4
152689 2
152692 1
152692 3
152692 5
152695 0
152704 2
152706 1
152707 5
152708 3
152710 0
152719 2
152720 1
152722 5
152724 3
152725 0
152734 1
152734 2
152737 5
152740 0
152740 3
152749 1
152749 2
152752 4
152755 0
152755 3
152765 1
152765 2
152767 5
152769 0
152769 3
152779 1
152780 2
152780 4
152782 5
152784 0
152785 3
152793 1
152794 4
152795 2
152797 5
152799 0
152801 3
152807 1
152808 4
152810 2
152812 5
152814 0
152817 3
152821 1
152822 4
152826 2
152827 4
152828 0
152833 3
152837 1
152838 4
152841 2
152842 5
152843 0
152847 3
152851 1
152852 4
152857 0
152857 2
152857 4
152863 3
152867 1
152868 4
152872 0
152872 2
152872 5
152877 3
152881 1
152882 4
152886 0
152887 4
152888 2
152893 3
152894 5
152897 1
152898 4
152901 0
152902 4
152903 2
152907 3
152908 5
152913 1
152914 4
152915 0
152917 5
152919 2
152921 3
152922 5
152927 1
152928 4
152930 0
152932 4
152934 2
152937 3
152938 5
152943 1
152944 0
152944 4
152947 4
152950 2
152951 3
152952 5
152959 0
152959 1
152960 4
152962 4
152965 2
152965 3
152966 5
152974 0
152975 1
152976 4
152977 4
152979 3
152980 2
152981 5
152988 0
152989 4
152990 1
152992 4
152994 3
152996 2
152997 5
