19860 tensor([[ 0.7146,  0.0856],
        [ 0.3530, -0.4194],
        [-0.7316, -0.0717],
        [-0.3880,  0.4272]], device='cuda:0')
19861 tensor([[ 0.7146,  0.0855],
        [ 0.3529, -0.4195],
        [-0.7317, -0.0716],
        [-0.3879,  0.4274]], device='cuda:0')
19862 tensor([[ 0.7147,  0.0854],
        [ 0.3529, -0.4197],
        [-0.7318, -0.0715],
        [-0.3878,  0.4276]], device='cuda:0')
19863 tensor([[ 0.7147,  0.0853],
        [ 0.3528, -0.4199],
        [-0.7318, -0.0714],
        [-0.3878,  0.4277]], device='cuda:0')
19864 tensor([[ 0.7148,  0.0851],
        [ 0.3528, -0.4200],
        [-0.7319, -0.0713],
        [-0.3877,  0.4279]], device='cuda:0')
19865 tensor([[ 0.7148,  0.0850],
        [ 0.3527, -0.4202],
        [-0.7319, -0.0712],
        [-0.3877,  0.4281]], device='cuda:0')
19866 tensor([[ 0.7149,  0.0849],
        [ 0.3526, -0.4204],
        [-0.7320, -0.0711],
        [-0.3876,  0.4283]], device='cuda:0')
19867 tensor([[ 0.7149,  0.0848],
        [ 0.3526, -0.4206],
        [-0.7320, -0.0710],
        [-0.3876,  0.4284]], device='cuda:0')
19868 tensor([[ 0.7150,  0.0847],
        [ 0.3525, -0.4207],
        [-0.7321, -0.0709],
        [-0.3875,  0.4286]], device='cuda:0')
19869 tensor([[ 0.7150,  0.0846],
        [ 0.3524, -0.4209],
        [-0.7321, -0.0708],
        [-0.3875,  0.4288]], device='cuda:0')
19870 tensor([[ 0.7151,  0.0845],
        [ 0.3524, -0.4210],
        [-0.7322, -0.0707],
        [-0.3874,  0.4290]], device='cuda:0')
19871 tensor([[ 0.7151,  0.0845],
        [ 0.3523, -0.4212],
        [-0.7322, -0.0706],
        [-0.3874,  0.4291]], device='cuda:0')
19872 tensor([[ 0.7152,  0.0844],
        [ 0.3523, -0.4214],
        [-0.7323, -0.0705],
        [-0.3873,  0.4293]], device='cuda:0')
19873 tensor([[ 0.7152,  0.0843],
        [ 0.3522, -0.4215],
        [-0.7323, -0.0704],
        [-0.3873,  0.4295]], device='cuda:0')
19874 tensor([[ 0.7153,  0.0842],
        [ 0.3521, -0.4217],
        [-0.7324, -0.0703],
        [-0.3872,  0.4296]], device='cuda:0')
19875 tensor([[ 0.7153,  0.0841],
        [ 0.3521, -0.4219],
        [-0.7324, -0.0702],
        [-0.3871,  0.4298]], device='cuda:0')
19876 tensor([[ 0.7153,  0.0840],
        [ 0.3520, -0.4220],
        [-0.7325, -0.0701],
        [-0.3871,  0.4300]], device='cuda:0')
19877 tensor([[ 0.7154,  0.0839],
        [ 0.3520, -0.4222],
        [-0.7325, -0.0700],
        [-0.3870,  0.4301]], device='cuda:0')
19878 tensor([[ 0.7154,  0.0838],
        [ 0.3519, -0.4223],
        [-0.7326, -0.0699],
        [-0.3870,  0.4303]], device='cuda:0')
19879 tensor([[ 0.7155,  0.0837],
        [ 0.3518, -0.4225],
        [-0.7326, -0.0698],
        [-0.3869,  0.4305]], device='cuda:0')
19880 tensor([[ 0.7155,  0.0836],
        [ 0.3518, -0.4226],
        [-0.7327, -0.0697],
        [-0.3869,  0.4306]], device='cuda:0')
19881 tensor([[ 0.7156,  0.0835],
        [ 0.3517, -0.4228],
        [-0.7327, -0.0696],
        [-0.3868,  0.4308]], device='cuda:0')
19882 tensor([[ 0.7156,  0.0834],
        [ 0.3517, -0.4230],
        [-0.7328, -0.0696],
        [-0.3868,  0.4309]], device='cuda:0')
19883 tensor([[ 0.7156,  0.0833],
        [ 0.3516, -0.4231],
        [-0.7328, -0.0695],
        [-0.3867,  0.4311]], device='cuda:0')
19884 tensor([[ 0.7157,  0.0833],
        [ 0.3515, -0.4232],
        [-0.7329, -0.0694],
        [-0.3867,  0.4312]], device='cuda:0')
19885 tensor([[ 0.7157,  0.0832],
        [ 0.3515, -0.4233],
        [-0.7329, -0.0693],
        [-0.3866,  0.4313]], device='cuda:0')
19886 tensor([[ 0.7158,  0.0831],
        [ 0.3514, -0.4234],
        [-0.7330, -0.0692],
        [-0.3866,  0.4315]], device='cuda:0')
19887 tensor([[ 0.7158,  0.0830],
        [ 0.3514, -0.4235],
        [-0.7330, -0.0691],
        [-0.3865,  0.4316]], device='cuda:0')
19888 tensor([[ 0.7159,  0.0829],
        [ 0.3513, -0.4236],
        [-0.7331, -0.0690],
        [-0.3865,  0.4317]], device='cuda:0')
19889 tensor([[ 0.7159,  0.0828],
        [ 0.3513, -0.4238],
        [-0.7331, -0.0689],
        [-0.3864,  0.4318]], device='cuda:0')
19890 tensor([[ 0.7159,  0.0827],
        [ 0.3512, -0.4239],
        [-0.7332, -0.0688],
        [-0.3864,  0.4319]], device='cuda:0')
19891 tensor([[ 0.7160,  0.0826],
        [ 0.3511, -0.4240],
        [-0.7332, -0.0687],
        [-0.3863,  0.4320]], device='cuda:0')
19892 tensor([[ 0.7160,  0.0826],
        [ 0.3511, -0.4241],
        [-0.7333, -0.0686],
        [-0.3863,  0.4322]], device='cuda:0')
19893 tensor([[ 0.7161,  0.0825],
        [ 0.3510, -0.4242],
        [-0.7333, -0.0686],
        [-0.3863,  0.4323]], device='cuda:0')
19894 tensor([[ 0.7161,  0.0824],
        [ 0.3510, -0.4243],
        [-0.7334, -0.0685],
        [-0.3862,  0.4324]], device='cuda:0')
19895 tensor([[ 0.7161,  0.0823],
        [ 0.3509, -0.4244],
        [-0.7334, -0.0684],
        [-0.3862,  0.4325]], device='cuda:0')
19896 tensor([[ 0.7162,  0.0822],
        [ 0.3509, -0.4245],
        [-0.7334, -0.0683],
        [-0.3861,  0.4326]], device='cuda:0')
19897 tensor([[ 0.7162,  0.0821],
        [ 0.3508, -0.4246],
        [-0.7335, -0.0682],
        [-0.3861,  0.4327]], device='cuda:0')
19898 tensor([[ 0.7163,  0.0821],
        [ 0.3508, -0.4248],
        [-0.7335, -0.0681],
        [-0.3860,  0.4328]], device='cuda:0')
19899 tensor([[ 0.7163,  0.0820],
        [ 0.3508, -0.4249],
        [-0.7336, -0.0681],
        [-0.3860,  0.4329]], device='cuda:0')
19900 tensor([[ 0.7164,  0.0819],
        [ 0.3508, -0.4250],
        [-0.7336, -0.0680],
        [-0.3859,  0.4331]], device='cuda:0')
19901 tensor([[ 0.7164,  0.0818],
        [ 0.3508, -0.4251],
        [-0.7336, -0.0679],
        [-0.3859,  0.4332]], device='cuda:0')
19902 tensor([[ 0.7165,  0.0817],
        [ 0.3507, -0.4252],
        [-0.7337, -0.0678],
        [-0.3859,  0.4333]], device='cuda:0')
19903 tensor([[ 0.7165,  0.0816],
        [ 0.3507, -0.4253],
        [-0.7337, -0.0677],
        [-0.3859,  0.4334]], device='cuda:0')
19904 tensor([[ 0.7165,  0.0815],
        [ 0.3507, -0.4254],
        [-0.7338, -0.0677],
        [-0.3859,  0.4335]], device='cuda:0')
19905 tensor([[ 0.7166,  0.0815],
        [ 0.3507, -0.4255],
        [-0.7338, -0.0676],
        [-0.3858,  0.4336]], device='cuda:0')
19906 tensor([[ 0.7166,  0.0814],
        [ 0.3507, -0.4256],
        [-0.7338, -0.0675],
        [-0.3858,  0.4337]], device='cuda:0')
19907 tensor([[ 0.7167,  0.0813],
        [ 0.3507, -0.4258],
        [-0.7339, -0.0674],
        [-0.3858,  0.4338]], device='cuda:0')
19908 tensor([[ 0.7167,  0.0812],
        [ 0.3507, -0.4259],
        [-0.7339, -0.0674],
        [-0.3858,  0.4339]], device='cuda:0')
19909 tensor([[ 0.7168,  0.0811],
        [ 0.3507, -0.4260],
        [-0.7339, -0.0673],
        [-0.3858,  0.4340]], device='cuda:0')
19910 tensor([[ 0.7168,  0.0810],
        [ 0.3506, -0.4261],
        [-0.7340, -0.0672],
        [-0.3858,  0.4341]], device='cuda:0')
19911 tensor([[ 0.7168,  0.0810],
        [ 0.3506, -0.4262],
        [-0.7340, -0.0671],
        [-0.3857,  0.4342]], device='cuda:0')
19912 tensor([[ 0.7169,  0.0809],
        [ 0.3506, -0.4263],
        [-0.7341, -0.0671],
        [-0.3857,  0.4343]], device='cuda:0')
19913 tensor([[ 0.7169,  0.0808],
        [ 0.3506, -0.4264],
        [-0.7341, -0.0670],
        [-0.3857,  0.4344]], device='cuda:0')
19914 tensor([[ 0.7170,  0.0807],
        [ 0.3507, -0.4265],
        [-0.7341, -0.0669],
        [-0.3857,  0.4345]], device='cuda:0')
19915 tensor([[ 0.7170,  0.0806],
        [ 0.3507, -0.4266],
        [-0.7342, -0.0669],
        [-0.3857,  0.4346]], device='cuda:0')
19916 tensor([[ 0.7171,  0.0805],
        [ 0.3507, -0.4267],
        [-0.7342, -0.0668],
        [-0.3858,  0.4347]], device='cuda:0')
19917 tensor([[ 0.7171,  0.0805],
        [ 0.3507, -0.4268],
        [-0.7342, -0.0667],
        [-0.3858,  0.4348]], device='cuda:0')
19918 tensor([[ 0.7171,  0.0804],
        [ 0.3507, -0.4269],
        [-0.7343, -0.0666],
        [-0.3858,  0.4348]], device='cuda:0')
19919 tensor([[ 0.7172,  0.0803],
        [ 0.3508, -0.4270],
        [-0.7343, -0.0666],
        [-0.3858,  0.4349]], device='cuda:0')
19920 tensor([[ 0.7172,  0.0802],
        [ 0.3508, -0.4271],
        [-0.7343, -0.0665],
        [-0.3858,  0.4350]], device='cuda:0')
19921 tensor([[ 0.7173,  0.0802],
        [ 0.3508, -0.4272],
        [-0.7344, -0.0664],
        [-0.3858,  0.4351]], device='cuda:0')
19922 tensor([[ 0.7173,  0.0801],
        [ 0.3508, -0.4273],
        [-0.7344, -0.0664],
        [-0.3859,  0.4352]], device='cuda:0')
19923 tensor([[ 0.7173,  0.0800],
        [ 0.3509, -0.4274],
        [-0.7344, -0.0663],
        [-0.3859,  0.4353]], device='cuda:0')
19924 tensor([[ 0.7174,  0.0799],
        [ 0.3509, -0.4275],
        [-0.7345, -0.0662],
        [-0.3859,  0.4354]], device='cuda:0')
19925 tensor([[ 0.7174,  0.0798],
        [ 0.3509, -0.4276],
        [-0.7345, -0.0662],
        [-0.3859,  0.4355]], device='cuda:0')
19926 tensor([[ 0.7175,  0.0798],
        [ 0.3509, -0.4277],
        [-0.7345, -0.0661],
        [-0.3859,  0.4356]], device='cuda:0')
19927 tensor([[ 0.7175,  0.0797],
        [ 0.3509, -0.4278],
        [-0.7346, -0.0660],
        [-0.3859,  0.4357]], device='cuda:0')
19928 tensor([[ 0.7175,  0.0796],
        [ 0.3510, -0.4279],
        [-0.7346, -0.0660],
        [-0.3860,  0.4358]], device='cuda:0')
19929 tensor([[ 0.7176,  0.0795],
        [ 0.3510, -0.4280],
        [-0.7346, -0.0659],
        [-0.3860,  0.4359]], device='cuda:0')
19930 tensor([[ 0.7176,  0.0795],
        [ 0.3510, -0.4281],
        [-0.7347, -0.0658],
        [-0.3860,  0.4359]], device='cuda:0')
19931 tensor([[ 0.7177,  0.0794],
        [ 0.3510, -0.4282],
        [-0.7347, -0.0658],
        [-0.3860,  0.4360]], device='cuda:0')
19932 tensor([[ 0.7177,  0.0793],
        [ 0.3510, -0.4283],
        [-0.7347, -0.0657],
        [-0.3860,  0.4361]], device='cuda:0')
19933 tensor([[ 0.7177,  0.0792],
        [ 0.3511, -0.4284],
        [-0.7348, -0.0656],
        [-0.3860,  0.4362]], device='cuda:0')
19934 tensor([[ 0.7178,  0.0792],
        [ 0.3511, -0.4285],
        [-0.7348, -0.0656],
        [-0.3860,  0.4363]], device='cuda:0')
19935 tensor([[ 0.7178,  0.0791],
        [ 0.3511, -0.4286],
        [-0.7348, -0.0655],
        [-0.3861,  0.4364]], device='cuda:0')
19936 tensor([[ 0.7178,  0.0790],
        [ 0.3511, -0.4287],
        [-0.7348, -0.0654],
        [-0.3861,  0.4365]], device='cuda:0')
19937 tensor([[ 0.7179,  0.0790],
        [ 0.3512, -0.4288],
        [-0.7349, -0.0654],
        [-0.3861,  0.4366]], device='cuda:0')
19938 tensor([[ 0.7179,  0.0789],
        [ 0.3512, -0.4289],
        [-0.7349, -0.0653],
        [-0.3861,  0.4366]], device='cuda:0')
19939 tensor([[ 0.7180,  0.0788],
        [ 0.3512, -0.4290],
        [-0.7349, -0.0653],
        [-0.3861,  0.4367]], device='cuda:0')
19940 tensor([[ 0.7180,  0.0787],
        [ 0.3512, -0.4290],
        [-0.7350, -0.0652],
        [-0.3861,  0.4368]], device='cuda:0')
19941 tensor([[ 0.7180,  0.0787],
        [ 0.3512, -0.4291],
        [-0.7350, -0.0651],
        [-0.3862,  0.4369]], device='cuda:0')
19942 tensor([[ 0.7181,  0.0786],
        [ 0.3512, -0.4292],
        [-0.7350, -0.0651],
        [-0.3862,  0.4370]], device='cuda:0')
19943 tensor([[ 0.7181,  0.0785],
        [ 0.3513, -0.4293],
        [-0.7351, -0.0650],
        [-0.3862,  0.4371]], device='cuda:0')
19944 tensor([[ 0.7181,  0.0785],
        [ 0.3513, -0.4294],
        [-0.7351, -0.0649],
        [-0.3862,  0.4372]], device='cuda:0')
19945 tensor([[ 0.7182,  0.0784],
        [ 0.3513, -0.4295],
        [-0.7351, -0.0649],
        [-0.3862,  0.4373]], device='cuda:0')
19946 tensor([[ 0.7182,  0.0784],
        [ 0.3513, -0.4297],
        [-0.7352, -0.0648],
        [-0.3863,  0.4375]], device='cuda:0')
19947 tensor([[ 0.7182,  0.0783],
        [ 0.3513, -0.4298],
        [-0.7352, -0.0647],
        [-0.3863,  0.4376]], device='cuda:0')
19948 tensor([[ 0.7182,  0.0782],
        [ 0.3513, -0.4299],
        [-0.7352, -0.0647],
        [-0.3863,  0.4377]], device='cuda:0')
19949 tensor([[ 0.7183,  0.0782],
        [ 0.3514, -0.4300],
        [-0.7353, -0.0646],
        [-0.3863,  0.4378]], device='cuda:0')
19950 tensor([[ 0.7183,  0.0781],
        [ 0.3514, -0.4301],
        [-0.7353, -0.0645],
        [-0.3863,  0.4380]], device='cuda:0')
19951 tensor([[ 0.7183,  0.0780],
        [ 0.3514, -0.4303],
        [-0.7353, -0.0645],
        [-0.3864,  0.4381]], device='cuda:0')
19952 tensor([[ 0.7184,  0.0780],
        [ 0.3514, -0.4304],
        [-0.7354, -0.0644],
        [-0.3864,  0.4382]], device='cuda:0')
19953 tensor([[ 0.7184,  0.0779],
        [ 0.3514, -0.4305],
        [-0.7354, -0.0643],
        [-0.3864,  0.4383]], device='cuda:0')
19954 tensor([[ 0.7184,  0.0779],
        [ 0.3514, -0.4306],
        [-0.7354, -0.0643],
        [-0.3864,  0.4384]], device='cuda:0')
19955 tensor([[ 0.7184,  0.0778],
        [ 0.3514, -0.4307],
        [-0.7355, -0.0642],
        [-0.3864,  0.4386]], device='cuda:0')
19956 tensor([[ 0.7185,  0.0777],
        [ 0.3514, -0.4308],
        [-0.7355, -0.0642],
        [-0.3865,  0.4387]], device='cuda:0')
19957 tensor([[ 0.7185,  0.0777],
        [ 0.3515, -0.4310],
        [-0.7355, -0.0641],
        [-0.3865,  0.4388]], device='cuda:0')
19958 tensor([[ 0.7185,  0.0776],
        [ 0.3515, -0.4311],
        [-0.7356, -0.0640],
        [-0.3865,  0.4389]], device='cuda:0')
19959 tensor([[ 0.7186,  0.0776],
        [ 0.3515, -0.4312],
        [-0.7356, -0.0640],
        [-0.3865,  0.4390]], device='cuda:0')
19960 tensor([[ 0.7186,  0.0775],
        [ 0.3515, -0.4313],
        [-0.7356, -0.0639],
        [-0.3865,  0.4391]], device='cuda:0')
19961 tensor([[ 0.7186,  0.0774],
        [ 0.3515, -0.4314],
        [-0.7356, -0.0639],
        [-0.3865,  0.4392]], device='cuda:0')
19962 tensor([[ 0.7187,  0.0774],
        [ 0.3516, -0.4315],
        [-0.7357, -0.0638],
        [-0.3866,  0.4394]], device='cuda:0')
19963 tensor([[ 0.7187,  0.0773],
        [ 0.3516, -0.4316],
        [-0.7357, -0.0638],
        [-0.3866,  0.4395]], device='cuda:0')
19964 tensor([[ 0.7187,  0.0773],
        [ 0.3516, -0.4318],
        [-0.7357, -0.0637],
        [-0.3866,  0.4396]], device='cuda:0')
19965 tensor([[ 0.7188,  0.0772],
        [ 0.3516, -0.4319],
        [-0.7358, -0.0637],
        [-0.3866,  0.4397]], device='cuda:0')
19966 tensor([[ 0.7188,  0.0771],
        [ 0.3516, -0.4320],
        [-0.7358, -0.0636],
        [-0.3866,  0.4398]], device='cuda:0')
19967 tensor([[ 0.7188,  0.0771],
        [ 0.3516, -0.4321],
        [-0.7358, -0.0635],
        [-0.3866,  0.4399]], device='cuda:0')
19968 tensor([[ 0.7189,  0.0770],
        [ 0.3517, -0.4322],
        [-0.7358, -0.0635],
        [-0.3866,  0.4400]], device='cuda:0')
19969 tensor([[ 0.7189,  0.0770],
        [ 0.3517, -0.4323],
        [-0.7359, -0.0634],
        [-0.3866,  0.4401]], device='cuda:0')
19970 tensor([[ 0.7189,  0.0769],
        [ 0.3517, -0.4324],
        [-0.7359, -0.0634],
        [-0.3867,  0.4402]], device='cuda:0')
19971 tensor([[ 0.7190,  0.0768],
        [ 0.3517, -0.4325],
        [-0.7359, -0.0633],
        [-0.3867,  0.4403]], device='cuda:0')
19972 tensor([[ 0.7190,  0.0768],
        [ 0.3517, -0.4327],
        [-0.7359, -0.0633],
        [-0.3867,  0.4404]], device='cuda:0')
19973 tensor([[ 0.7190,  0.0767],
        [ 0.3518, -0.4328],
        [-0.7360, -0.0632],
        [-0.3867,  0.4406]], device='cuda:0')
19974 tensor([[ 0.7190,  0.0767],
        [ 0.3518, -0.4329],
        [-0.7360, -0.0632],
        [-0.3867,  0.4407]], device='cuda:0')
19975 tensor([[ 0.7191,  0.0766],
        [ 0.3518, -0.4330],
        [-0.7360, -0.0631],
        [-0.3868,  0.4408]], device='cuda:0')
19976 tensor([[ 0.7191,  0.0766],
        [ 0.3518, -0.4332],
        [-0.7361, -0.0631],
        [-0.3868,  0.4410]], device='cuda:0')
19977 tensor([[ 0.7191,  0.0765],
        [ 0.3518, -0.4333],
        [-0.7361, -0.0630],
        [-0.3868,  0.4411]], device='cuda:0')
19978 tensor([[ 0.7191,  0.0765],
        [ 0.3518, -0.4335],
        [-0.7361, -0.0629],
        [-0.3868,  0.4413]], device='cuda:0')
19979 tensor([[ 0.7192,  0.0764],
        [ 0.3518, -0.4336],
        [-0.7361, -0.0629],
        [-0.3868,  0.4414]], device='cuda:0')
19980 tensor([[ 0.7192,  0.0764],
        [ 0.3518, -0.4337],
        [-0.7362, -0.0628],
        [-0.3869,  0.4416]], device='cuda:0')
19981 tensor([[ 0.7192,  0.0763],
        [ 0.3519, -0.4339],
        [-0.7362, -0.0628],
        [-0.3869,  0.4417]], device='cuda:0')
19982 tensor([[ 0.7192,  0.0763],
        [ 0.3519, -0.4340],
        [-0.7362, -0.0627],
        [-0.3869,  0.4418]], device='cuda:0')
19983 tensor([[ 0.7193,  0.0762],
        [ 0.3519, -0.4341],
        [-0.7363, -0.0627],
        [-0.3869,  0.4420]], device='cuda:0')
19984 tensor([[ 0.7193,  0.0762],
        [ 0.3519, -0.4343],
        [-0.7363, -0.0626],
        [-0.3869,  0.4421]], device='cuda:0')
19985 tensor([[ 0.7193,  0.0761],
        [ 0.3519, -0.4344],
        [-0.7363, -0.0626],
        [-0.3869,  0.4423]], device='cuda:0')
19986 tensor([[ 0.7193,  0.0761],
        [ 0.3519, -0.4345],
        [-0.7364, -0.0625],
        [-0.3870,  0.4424]], device='cuda:0')
19987 tensor([[ 0.7193,  0.0760],
        [ 0.3519, -0.4347],
        [-0.7364, -0.0625],
        [-0.3870,  0.4425]], device='cuda:0')
19988 tensor([[ 0.7194,  0.0760],
        [ 0.3519, -0.4348],
        [-0.7364, -0.0624],
        [-0.3870,  0.4427]], device='cuda:0')
19989 tensor([[ 0.7194,  0.0759],
        [ 0.3520, -0.4349],
        [-0.7364, -0.0624],
        [-0.3870,  0.4428]], device='cuda:0')
19990 tensor([[ 0.7194,  0.0758],
        [ 0.3520, -0.4351],
        [-0.7364, -0.0623],
        [-0.3870,  0.4429]], device='cuda:0')
19991 tensor([[ 0.7195,  0.0758],
        [ 0.3520, -0.4352],
        [-0.7365, -0.0623],
        [-0.3870,  0.4430]], device='cuda:0')
19992 tensor([[ 0.7195,  0.0757],
        [ 0.3520, -0.4353],
        [-0.7365, -0.0622],
        [-0.3870,  0.4432]], device='cuda:0')
19993 tensor([[ 0.7195,  0.0757],
        [ 0.3520, -0.4355],
        [-0.7365, -0.0622],
        [-0.3871,  0.4433]], device='cuda:0')
19994 tensor([[ 0.7195,  0.0756],
        [ 0.3520, -0.4356],
        [-0.7365, -0.0621],
        [-0.3871,  0.4434]], device='cuda:0')
19995 tensor([[ 0.7196,  0.0756],
        [ 0.3521, -0.4357],
        [-0.7366, -0.0621],
        [-0.3871,  0.4435]], device='cuda:0')
19996 tensor([[ 0.7196,  0.0755],
        [ 0.3521, -0.4359],
        [-0.7366, -0.0620],
        [-0.3871,  0.4437]], device='cuda:0')
19997 tensor([[ 0.7196,  0.0755],
        [ 0.3521, -0.4360],
        [-0.7366, -0.0620],
        [-0.3871,  0.4438]], device='cuda:0')
19998 tensor([[ 0.7196,  0.0754],
        [ 0.3521, -0.4361],
        [-0.7366, -0.0620],
        [-0.3871,  0.4439]], device='cuda:0')
19999 tensor([[ 0.7197,  0.0754],
        [ 0.3521, -0.4362],
        [-0.7366, -0.0619],
        [-0.3871,  0.4440]], device='cuda:0')
20000 tensor([[ 0.7197,  0.0753],
        [ 0.3521, -0.4364],
        [-0.7367, -0.0619],
        [-0.3872,  0.4441]], device='cuda:0')
20001 tensor([[ 0.7197,  0.0753],
        [ 0.3522, -0.4365],
        [-0.7367, -0.0618],
        [-0.3872,  0.4443]], device='cuda:0')
20002 tensor([[ 0.7198,  0.0752],
        [ 0.3522, -0.4366],
        [-0.7367, -0.0618],
        [-0.3872,  0.4444]], device='cuda:0')
20003 tensor([[ 0.7198,  0.0752],
        [ 0.3522, -0.4367],
        [-0.7367, -0.0617],
        [-0.3872,  0.4446]], device='cuda:0')
20004 tensor([[ 0.7198,  0.0751],
        [ 0.3522, -0.4369],
        [-0.7368, -0.0617],
        [-0.3872,  0.4447]], device='cuda:0')
20005 tensor([[ 0.7198,  0.0751],
        [ 0.3522, -0.4371],
        [-0.7368, -0.0616],
        [-0.3872,  0.4449]], device='cuda:0')
20006 tensor([[ 0.7198,  0.0750],
        [ 0.3522, -0.4372],
        [-0.7368, -0.0616],
        [-0.3873,  0.4450]], device='cuda:0')
20007 tensor([[ 0.7199,  0.0750],
        [ 0.3522, -0.4374],
        [-0.7368, -0.0615],
        [-0.3873,  0.4452]], device='cuda:0')
20008 tensor([[ 0.7199,  0.0750],
        [ 0.3523, -0.4375],
        [-0.7369, -0.0615],
        [-0.3873,  0.4454]], device='cuda:0')
20009 tensor([[ 0.7199,  0.0749],
        [ 0.3523, -0.4377],
        [-0.7369, -0.0614],
        [-0.3873,  0.4455]], device='cuda:0')
20010 tensor([[ 0.7199,  0.0749],
        [ 0.3523, -0.4378],
        [-0.7369, -0.0614],
        [-0.3873,  0.4457]], device='cuda:0')
20011 tensor([[ 0.7199,  0.0748],
        [ 0.3523, -0.4380],
        [-0.7369, -0.0613],
        [-0.3873,  0.4458]], device='cuda:0')
20012 tensor([[ 0.7200,  0.0748],
        [ 0.3523, -0.4381],
        [-0.7370, -0.0613],
        [-0.3874,  0.4460]], device='cuda:0')
20013 tensor([[ 0.7200,  0.0747],
        [ 0.3523, -0.4383],
        [-0.7370, -0.0613],
        [-0.3874,  0.4461]], device='cuda:0')
20014 tensor([[ 0.7200,  0.0747],
        [ 0.3523, -0.4384],
        [-0.7370, -0.0612],
        [-0.3874,  0.4463]], device='cuda:0')
20015 tensor([[ 0.7200,  0.0747],
        [ 0.3523, -0.4386],
        [-0.7370, -0.0612],
        [-0.3874,  0.4464]], device='cuda:0')
20016 tensor([[ 0.7200,  0.0746],
        [ 0.3523, -0.4387],
        [-0.7371, -0.0611],
        [-0.3874,  0.4466]], device='cuda:0')
20017 tensor([[ 0.7201,  0.0746],
        [ 0.3524, -0.4389],
        [-0.7371, -0.0611],
        [-0.3875,  0.4467]], device='cuda:0')
20018 tensor([[ 0.7201,  0.0745],
        [ 0.3524, -0.4390],
        [-0.7371, -0.0610],
        [-0.3875,  0.4469]], device='cuda:0')
20019 tensor([[ 0.7201,  0.0745],
        [ 0.3524, -0.4391],
        [-0.7371, -0.0610],
        [-0.3875,  0.4470]], device='cuda:0')
20020 tensor([[ 0.7201,  0.0745],
        [ 0.3524, -0.4393],
        [-0.7372, -0.0609],
        [-0.3875,  0.4472]], device='cuda:0')
20021 tensor([[ 0.7201,  0.0744],
        [ 0.3524, -0.4394],
        [-0.7372, -0.0609],
        [-0.3875,  0.4473]], device='cuda:0')
20022 tensor([[ 0.7201,  0.0744],
        [ 0.3524, -0.4396],
        [-0.7372, -0.0608],
        [-0.3875,  0.4475]], device='cuda:0')
20023 tensor([[ 0.7202,  0.0743],
        [ 0.3524, -0.4397],
        [-0.7372, -0.0608],
        [-0.3876,  0.4476]], device='cuda:0')
20024 tensor([[ 0.7202,  0.0743],
        [ 0.3524, -0.4399],
        [-0.7373, -0.0608],
        [-0.3876,  0.4478]], device='cuda:0')
20025 tensor([[ 0.7202,  0.0743],
        [ 0.3524, -0.4400],
        [-0.7373, -0.0607],
        [-0.3876,  0.4479]], device='cuda:0')
20026 tensor([[ 0.7202,  0.0742],
        [ 0.3524, -0.4401],
        [-0.7373, -0.0607],
        [-0.3876,  0.4481]], device='cuda:0')
20027 tensor([[ 0.7202,  0.0742],
        [ 0.3525, -0.4403],
        [-0.7373, -0.0606],
        [-0.3876,  0.4482]], device='cuda:0')
20028 tensor([[ 0.7203,  0.0742],
        [ 0.3525, -0.4404],
        [-0.7374, -0.0606],
        [-0.3876,  0.4483]], device='cuda:0')
20029 tensor([[ 0.7203,  0.0741],
        [ 0.3525, -0.4405],
        [-0.7374, -0.0605],
        [-0.3877,  0.4485]], device='cuda:0')
20030 tensor([[ 0.7203,  0.0741],
        [ 0.3525, -0.4407],
        [-0.7374, -0.0605],
        [-0.3877,  0.4486]], device='cuda:0')
20031 tensor([[ 0.7203,  0.0740],
        [ 0.3525, -0.4408],
        [-0.7374, -0.0605],
        [-0.3877,  0.4488]], device='cuda:0')
20032 tensor([[ 0.7203,  0.0740],
        [ 0.3525, -0.4409],
        [-0.7374, -0.0604],
        [-0.3877,  0.4489]], device='cuda:0')
20033 tensor([[ 0.7203,  0.0740],
        [ 0.3525, -0.4410],
        [-0.7375, -0.0604],
        [-0.3877,  0.4490]], device='cuda:0')
20034 tensor([[ 0.7204,  0.0739],
        [ 0.3525, -0.4411],
        [-0.7375, -0.0603],
        [-0.3877,  0.4491]], device='cuda:0')
20035 tensor([[ 0.7204,  0.0739],
        [ 0.3525, -0.4412],
        [-0.7375, -0.0603],
        [-0.3878,  0.4492]], device='cuda:0')
20036 tensor([[ 0.7204,  0.0739],
        [ 0.3525, -0.4413],
        [-0.7375, -0.0602],
        [-0.3878,  0.4493]], device='cuda:0')
20037 tensor([[ 0.7204,  0.0738],
        [ 0.3526, -0.4414],
        [-0.7376, -0.0602],
        [-0.3878,  0.4494]], device='cuda:0')
20038 tensor([[ 0.7204,  0.0738],
        [ 0.3526, -0.4415],
        [-0.7376, -0.0602],
        [-0.3878,  0.4495]], device='cuda:0')
20039 tensor([[ 0.7204,  0.0737],
        [ 0.3526, -0.4416],
        [-0.7376, -0.0601],
        [-0.3878,  0.4496]], device='cuda:0')
20040 tensor([[ 0.7205,  0.0737],
        [ 0.3526, -0.4417],
        [-0.7376, -0.0601],
        [-0.3878,  0.4497]], device='cuda:0')
20041 tensor([[ 0.7205,  0.0737],
        [ 0.3526, -0.4418],
        [-0.7377, -0.0600],
        [-0.3879,  0.4498]], device='cuda:0')
20042 tensor([[ 0.7205,  0.0736],
        [ 0.3526, -0.4419],
        [-0.7377, -0.0600],
        [-0.3879,  0.4499]], device='cuda:0')
20043 tensor([[ 0.7205,  0.0736],
        [ 0.3526, -0.4420],
        [-0.7377, -0.0600],
        [-0.3879,  0.4500]], device='cuda:0')
20044 tensor([[ 0.7205,  0.0736],
        [ 0.3526, -0.4420],
        [-0.7377, -0.0599],
        [-0.3879,  0.4501]], device='cuda:0')
20045 tensor([[ 0.7205,  0.0735],
        [ 0.3526, -0.4421],
        [-0.7377, -0.0599],
        [-0.3879,  0.4502]], device='cuda:0')
20046 tensor([[ 0.7206,  0.0735],
        [ 0.3526, -0.4422],
        [-0.7378, -0.0598],
        [-0.3879,  0.4503]], device='cuda:0')
20047 tensor([[ 0.7206,  0.0735],
        [ 0.3526, -0.4423],
        [-0.7378, -0.0598],
        [-0.3879,  0.4504]], device='cuda:0')
20048 tensor([[ 0.7206,  0.0734],
        [ 0.3527, -0.4424],
        [-0.7378, -0.0598],
        [-0.3880,  0.4505]], device='cuda:0')
20049 tensor([[ 0.7206,  0.0734],
        [ 0.3527, -0.4425],
        [-0.7378, -0.0597],
        [-0.3880,  0.4506]], device='cuda:0')
20050 tensor([[ 0.7206,  0.0733],
        [ 0.3528, -0.4426],
        [-0.7378, -0.0597],
        [-0.3880,  0.4506]], device='cuda:0')
20051 tensor([[ 0.7207,  0.0733],
        [ 0.3528, -0.4427],
        [-0.7378, -0.0597],
        [-0.3880,  0.4507]], device='cuda:0')
20052 tensor([[ 0.7207,  0.0733],
        [ 0.3529, -0.4428],
        [-0.7379, -0.0596],
        [-0.3881,  0.4508]], device='cuda:0')
20053 tensor([[ 0.7207,  0.0732],
        [ 0.3529, -0.4429],
        [-0.7379, -0.0596],
        [-0.3881,  0.4509]], device='cuda:0')
20054 tensor([[ 0.7207,  0.0732],
        [ 0.3530, -0.4430],
        [-0.7379, -0.0596],
        [-0.3882,  0.4510]], device='cuda:0')
20055 tensor([[ 0.7207,  0.0732],
        [ 0.3530, -0.4431],
        [-0.7379, -0.0595],
        [-0.3882,  0.4511]], device='cuda:0')
20056 tensor([[ 0.7208,  0.0731],
        [ 0.3531, -0.4432],
        [-0.7379, -0.0595],
        [-0.3882,  0.4512]], device='cuda:0')
20057 tensor([[ 0.7208,  0.0731],
        [ 0.3531, -0.4433],
        [-0.7379, -0.0595],
        [-0.3883,  0.4512]], device='cuda:0')
20058 tensor([[ 0.7208,  0.0730],
        [ 0.3532, -0.4433],
        [-0.7379, -0.0595],
        [-0.3883,  0.4513]], device='cuda:0')
20059 tensor([[ 0.7208,  0.0730],
        [ 0.3532, -0.4434],
        [-0.7380, -0.0594],
        [-0.3884,  0.4514]], device='cuda:0')
20060 tensor([[ 0.7208,  0.0730],
        [ 0.3532, -0.4435],
        [-0.7380, -0.0594],
        [-0.3884,  0.4515]], device='cuda:0')
20061 tensor([[ 0.7209,  0.0729],
        [ 0.3533, -0.4436],
        [-0.7380, -0.0594],
        [-0.3884,  0.4516]], device='cuda:0')
20062 tensor([[ 0.7209,  0.0729],
        [ 0.3533, -0.4437],
        [-0.7380, -0.0593],
        [-0.3885,  0.4516]], device='cuda:0')
20063 tensor([[ 0.7209,  0.0729],
        [ 0.3534, -0.4438],
        [-0.7380, -0.0593],
        [-0.3885,  0.4517]], device='cuda:0')
20064 tensor([[ 0.7209,  0.0728],
        [ 0.3535, -0.4439],
        [-0.7380, -0.0593],
        [-0.3886,  0.4518]], device='cuda:0')
20065 tensor([[ 0.7209,  0.0728],
        [ 0.3536, -0.4440],
        [-0.7380, -0.0592],
        [-0.3887,  0.4519]], device='cuda:0')
20066 tensor([[ 0.7210,  0.0727],
        [ 0.3536, -0.4440],
        [-0.7381, -0.0592],
        [-0.3887,  0.4520]], device='cuda:0')
20067 tensor([[ 0.7210,  0.0727],
        [ 0.3537, -0.4441],
        [-0.7381, -0.0592],
        [-0.3888,  0.4520]], device='cuda:0')
20068 tensor([[ 0.7210,  0.0727],
        [ 0.3538, -0.4442],
        [-0.7381, -0.0592],
        [-0.3889,  0.4521]], device='cuda:0')
20069 tensor([[ 0.7210,  0.0726],
        [ 0.3539, -0.4443],
        [-0.7381, -0.0591],
        [-0.3890,  0.4522]], device='cuda:0')
20070 tensor([[ 0.7210,  0.0726],
        [ 0.3540, -0.4444],
        [-0.7381, -0.0591],
        [-0.3890,  0.4523]], device='cuda:0')
20071 tensor([[ 0.7211,  0.0726],
        [ 0.3540, -0.4445],
        [-0.7381, -0.0591],
        [-0.3891,  0.4523]], device='cuda:0')
20072 tensor([[ 0.7211,  0.0725],
        [ 0.3541, -0.4446],
        [-0.7381, -0.0590],
        [-0.3892,  0.4524]], device='cuda:0')
20073 tensor([[ 0.7211,  0.0725],
        [ 0.3542, -0.4446],
        [-0.7381, -0.0590],
        [-0.3892,  0.4525]], device='cuda:0')
20074 tensor([[ 0.7211,  0.0725],
        [ 0.3543, -0.4447],
        [-0.7382, -0.0590],
        [-0.3893,  0.4526]], device='cuda:0')
20075 tensor([[ 0.7211,  0.0724],
        [ 0.3543, -0.4448],
        [-0.7382, -0.0590],
        [-0.3894,  0.4526]], device='cuda:0')
20076 tensor([[ 0.7212,  0.0724],
        [ 0.3544, -0.4449],
        [-0.7382, -0.0589],
        [-0.3894,  0.4527]], device='cuda:0')
20077 tensor([[ 0.7212,  0.0723],
        [ 0.3545, -0.4450],
        [-0.7382, -0.0589],
        [-0.3895,  0.4528]], device='cuda:0')
20078 tensor([[ 0.7212,  0.0723],
        [ 0.3546, -0.4451],
        [-0.7382, -0.0589],
        [-0.3896,  0.4529]], device='cuda:0')
20079 tensor([[ 0.7212,  0.0723],
        [ 0.3546, -0.4451],
        [-0.7382, -0.0589],
        [-0.3896,  0.4529]], device='cuda:0')
20080 tensor([[ 0.7212,  0.0722],
        [ 0.3547, -0.4452],
        [-0.7382, -0.0588],
        [-0.3897,  0.4530]], device='cuda:0')
20081 tensor([[ 0.7213,  0.0722],
        [ 0.3548, -0.4453],
        [-0.7382, -0.0588],
        [-0.3898,  0.4531]], device='cuda:0')
20082 tensor([[ 0.7213,  0.0722],
        [ 0.3548, -0.4454],
        [-0.7383, -0.0588],
        [-0.3898,  0.4532]], device='cuda:0')
20083 tensor([[ 0.7213,  0.0721],
        [ 0.3549, -0.4455],
        [-0.7383, -0.0587],
        [-0.3899,  0.4532]], device='cuda:0')
20084 tensor([[ 0.7213,  0.0721],
        [ 0.3550, -0.4455],
        [-0.7383, -0.0587],
        [-0.3900,  0.4533]], device='cuda:0')
20085 tensor([[ 0.7213,  0.0721],
        [ 0.3551, -0.4456],
        [-0.7383, -0.0587],
        [-0.3900,  0.4534]], device='cuda:0')
20086 tensor([[ 0.7213,  0.0720],
        [ 0.3551, -0.4457],
        [-0.7383, -0.0587],
        [-0.3901,  0.4534]], device='cuda:0')
20087 tensor([[ 0.7214,  0.0720],
        [ 0.3552, -0.4458],
        [-0.7383, -0.0586],
        [-0.3902,  0.4535]], device='cuda:0')
20088 tensor([[ 0.7214,  0.0720],
        [ 0.3553, -0.4458],
        [-0.7383, -0.0586],
        [-0.3902,  0.4536]], device='cuda:0')
20089 tensor([[ 0.7214,  0.0719],
        [ 0.3553, -0.4459],
        [-0.7383, -0.0586],
        [-0.3903,  0.4536]], device='cuda:0')
20090 tensor([[ 0.7214,  0.0719],
        [ 0.3554, -0.4460],
        [-0.7383, -0.0586],
        [-0.3904,  0.4537]], device='cuda:0')
20091 tensor([[ 0.7214,  0.0719],
        [ 0.3555, -0.4461],
        [-0.7384, -0.0585],
        [-0.3904,  0.4538]], device='cuda:0')
20092 tensor([[ 0.7214,  0.0718],
        [ 0.3555, -0.4461],
        [-0.7384, -0.0585],
        [-0.3905,  0.4538]], device='cuda:0')
20093 tensor([[ 0.7215,  0.0718],
        [ 0.3556, -0.4462],
        [-0.7384, -0.0585],
        [-0.3906,  0.4540]], device='cuda:0')
20094 tensor([[ 0.7215,  0.0718],
        [ 0.3557, -0.4463],
        [-0.7384, -0.0585],
        [-0.3906,  0.4541]], device='cuda:0')
20095 tensor([[ 0.7215,  0.0718],
        [ 0.3557, -0.4464],
        [-0.7384, -0.0584],
        [-0.3907,  0.4542]], device='cuda:0')
20096 tensor([[ 0.7215,  0.0717],
        [ 0.3558, -0.4465],
        [-0.7384, -0.0584],
        [-0.3908,  0.4543]], device='cuda:0')
20097 tensor([[ 0.7215,  0.0717],
        [ 0.3559, -0.4466],
        [-0.7385, -0.0584],
        [-0.3908,  0.4544]], device='cuda:0')
20098 tensor([[ 0.7215,  0.0717],
        [ 0.3559, -0.4467],
        [-0.7385, -0.0583],
        [-0.3909,  0.4545]], device='cuda:0')
20099 tensor([[ 0.7215,  0.0717],
        [ 0.3560, -0.4468],
        [-0.7385, -0.0583],
        [-0.3910,  0.4546]], device='cuda:0')
20100 tensor([[ 0.7215,  0.0716],
        [ 0.3560, -0.4469],
        [-0.7385, -0.0583],
        [-0.3910,  0.4547]], device='cuda:0')
20101 tensor([[ 0.7216,  0.0716],
        [ 0.3561, -0.4471],
        [-0.7385, -0.0582],
        [-0.3911,  0.4548]], device='cuda:0')
20102 tensor([[ 0.7216,  0.0716],
        [ 0.3562, -0.4472],
        [-0.7385, -0.0582],
        [-0.3912,  0.4549]], device='cuda:0')
20103 tensor([[ 0.7216,  0.0716],
        [ 0.3562, -0.4473],
        [-0.7386, -0.0582],
        [-0.3912,  0.4550]], device='cuda:0')
20104 tensor([[ 0.7216,  0.0715],
        [ 0.3563, -0.4474],
        [-0.7386, -0.0582],
        [-0.3913,  0.4551]], device='cuda:0')
20105 tensor([[ 0.7216,  0.0715],
        [ 0.3563, -0.4475],
        [-0.7386, -0.0581],
        [-0.3914,  0.4553]], device='cuda:0')
20106 tensor([[ 0.7216,  0.0715],
        [ 0.3564, -0.4476],
        [-0.7386, -0.0581],
        [-0.3914,  0.4554]], device='cuda:0')
20107 tensor([[ 0.7216,  0.0715],
        [ 0.3564, -0.4477],
        [-0.7386, -0.0581],
        [-0.3915,  0.4555]], device='cuda:0')
20108 tensor([[ 0.7216,  0.0715],
        [ 0.3565, -0.4478],
        [-0.7386, -0.0580],
        [-0.3915,  0.4556]], device='cuda:0')
20109 tensor([[ 0.7216,  0.0714],
        [ 0.3566, -0.4479],
        [-0.7386, -0.0580],
        [-0.3916,  0.4557]], device='cuda:0')
20110 tensor([[ 0.7216,  0.0714],
        [ 0.3566, -0.4479],
        [-0.7387, -0.0580],
        [-0.3917,  0.4558]], device='cuda:0')
20111 tensor([[ 0.7217,  0.0714],
        [ 0.3567, -0.4480],
        [-0.7387, -0.0580],
        [-0.3917,  0.4559]], device='cuda:0')
20112 tensor([[ 0.7217,  0.0714],
        [ 0.3567, -0.4481],
        [-0.7387, -0.0579],
        [-0.3918,  0.4560]], device='cuda:0')
20113 tensor([[ 0.7217,  0.0713],
        [ 0.3568, -0.4482],
        [-0.7387, -0.0579],
        [-0.3919,  0.4561]], device='cuda:0')
20114 tensor([[ 0.7217,  0.0713],
        [ 0.3568, -0.4483],
        [-0.7387, -0.0579],
        [-0.3919,  0.4562]], device='cuda:0')
20115 tensor([[ 0.7217,  0.0713],
        [ 0.3569, -0.4484],
        [-0.7387, -0.0578],
        [-0.3920,  0.4563]], device='cuda:0')
20116 tensor([[ 0.7217,  0.0713],
        [ 0.3569, -0.4485],
        [-0.7388, -0.0578],
        [-0.3920,  0.4564]], device='cuda:0')
20117 tensor([[ 0.7217,  0.0712],
        [ 0.3570, -0.4486],
        [-0.7388, -0.0578],
        [-0.3921,  0.4565]], device='cuda:0')
20118 tensor([[ 0.7217,  0.0712],
        [ 0.3571, -0.4487],
        [-0.7388, -0.0578],
        [-0.3922,  0.4566]], device='cuda:0')
20119 tensor([[ 0.7217,  0.0712],
        [ 0.3571, -0.4488],
        [-0.7388, -0.0577],
        [-0.3922,  0.4567]], device='cuda:0')
20120 tensor([[ 0.7217,  0.0712],
        [ 0.3572, -0.4489],
        [-0.7388, -0.0577],
        [-0.3923,  0.4568]], device='cuda:0')
20121 tensor([[ 0.7217,  0.0712],
        [ 0.3572, -0.4490],
        [-0.7388, -0.0577],
        [-0.3923,  0.4568]], device='cuda:0')
20122 tensor([[ 0.7218,  0.0711],
        [ 0.3573, -0.4491],
        [-0.7389, -0.0577],
        [-0.3924,  0.4569]], device='cuda:0')
20123 tensor([[ 0.7218,  0.0711],
        [ 0.3574, -0.4492],
        [-0.7389, -0.0576],
        [-0.3925,  0.4570]], device='cuda:0')
20124 tensor([[ 0.7218,  0.0711],
        [ 0.3575, -0.4493],
        [-0.7389, -0.0576],
        [-0.3925,  0.4571]], device='cuda:0')
20125 tensor([[ 0.7218,  0.0711],
        [ 0.3576, -0.4494],
        [-0.7389, -0.0576],
        [-0.3926,  0.4572]], device='cuda:0')
20126 tensor([[ 0.7218,  0.0710],
        [ 0.3576, -0.4495],
        [-0.7389, -0.0576],
        [-0.3927,  0.4573]], device='cuda:0')
20127 tensor([[ 0.7218,  0.0710],
        [ 0.3577, -0.4495],
        [-0.7389, -0.0576],
        [-0.3928,  0.4574]], device='cuda:0')
20128 tensor([[ 0.7218,  0.0710],
        [ 0.3578, -0.4496],
        [-0.7389, -0.0575],
        [-0.3929,  0.4575]], device='cuda:0')
20129 tensor([[ 0.7219,  0.0710],
        [ 0.3579, -0.4497],
        [-0.7389, -0.0575],
        [-0.3930,  0.4576]], device='cuda:0')
20130 tensor([[ 0.7219,  0.0709],
        [ 0.3580, -0.4498],
        [-0.7389, -0.0575],
        [-0.3931,  0.4577]], device='cuda:0')
20131 tensor([[ 0.7219,  0.0709],
        [ 0.3581, -0.4499],
        [-0.7389, -0.0575],
        [-0.3932,  0.4577]], device='cuda:0')
20132 tensor([[ 0.7219,  0.0709],
        [ 0.3582, -0.4500],
        [-0.7389, -0.0575],
        [-0.3933,  0.4578]], device='cuda:0')
20133 tensor([[ 0.7219,  0.0708],
        [ 0.3583, -0.4501],
        [-0.7390, -0.0574],
        [-0.3933,  0.4579]], device='cuda:0')
20134 tensor([[ 0.7219,  0.0708],
        [ 0.3584, -0.4502],
        [-0.7390, -0.0574],
        [-0.3934,  0.4580]], device='cuda:0')
20135 tensor([[ 0.7219,  0.0708],
        [ 0.3585, -0.4503],
        [-0.7390, -0.0574],
        [-0.3935,  0.4581]], device='cuda:0')
20136 tensor([[ 0.7220,  0.0708],
        [ 0.3586, -0.4504],
        [-0.7390, -0.0574],
        [-0.3936,  0.4582]], device='cuda:0')
20137 tensor([[ 0.7220,  0.0707],
        [ 0.3587, -0.4505],
        [-0.7390, -0.0574],
        [-0.3937,  0.4582]], device='cuda:0')
20138 tensor([[ 0.7220,  0.0707],
        [ 0.3587, -0.4505],
        [-0.7390, -0.0573],
        [-0.3938,  0.4583]], device='cuda:0')
20139 tensor([[ 0.7220,  0.0707],
        [ 0.3588, -0.4506],
        [-0.7390, -0.0573],
        [-0.3939,  0.4584]], device='cuda:0')
20140 tensor([[ 0.7220,  0.0707],
        [ 0.3589, -0.4507],
        [-0.7390, -0.0573],
        [-0.3940,  0.4585]], device='cuda:0')
20141 tensor([[ 0.7220,  0.0707],
        [ 0.3590, -0.4508],
        [-0.7390, -0.0573],
        [-0.3940,  0.4586]], device='cuda:0')
20142 tensor([[ 0.7220,  0.0707],
        [ 0.3591, -0.4509],
        [-0.7391, -0.0572],
        [-0.3941,  0.4587]], device='cuda:0')
20143 tensor([[ 0.7220,  0.0706],
        [ 0.3592, -0.4510],
        [-0.7391, -0.0572],
        [-0.3942,  0.4588]], device='cuda:0')
20144 tensor([[ 0.7220,  0.0706],
        [ 0.3592, -0.4510],
        [-0.7391, -0.0572],
        [-0.3943,  0.4589]], device='cuda:0')
20145 tensor([[ 0.7220,  0.0706],
        [ 0.3593, -0.4511],
        [-0.7391, -0.0572],
        [-0.3944,  0.4589]], device='cuda:0')
20146 tensor([[ 0.7220,  0.0706],
        [ 0.3594, -0.4512],
        [-0.7391, -0.0571],
        [-0.3945,  0.4590]], device='cuda:0')
20147 tensor([[ 0.7221,  0.0706],
        [ 0.3595, -0.4513],
        [-0.7391, -0.0571],
        [-0.3946,  0.4591]], device='cuda:0')
20148 tensor([[ 0.7221,  0.0705],
        [ 0.3596, -0.4514],
        [-0.7391, -0.0571],
        [-0.3946,  0.4592]], device='cuda:0')
20149 tensor([[ 0.7221,  0.0705],
        [ 0.3596, -0.4514],
        [-0.7391, -0.0571],
        [-0.3947,  0.4593]], device='cuda:0')
20150 tensor([[ 0.7221,  0.0705],
        [ 0.3597, -0.4515],
        [-0.7392, -0.0571],
        [-0.3948,  0.4594]], device='cuda:0')
20151 tensor([[ 0.7221,  0.0705],
        [ 0.3598, -0.4516],
        [-0.7392, -0.0570],
        [-0.3949,  0.4594]], device='cuda:0')
20152 tensor([[ 0.7221,  0.0705],
        [ 0.3599, -0.4517],
        [-0.7392, -0.0570],
        [-0.3950,  0.4595]], device='cuda:0')
20153 tensor([[ 0.7221,  0.0704],
        [ 0.3599, -0.4517],
        [-0.7392, -0.0570],
        [-0.3951,  0.4596]], device='cuda:0')
20154 tensor([[ 0.7221,  0.0704],
        [ 0.3600, -0.4518],
        [-0.7392, -0.0570],
        [-0.3951,  0.4597]], device='cuda:0')
20155 tensor([[ 0.7221,  0.0704],
        [ 0.3601, -0.4518],
        [-0.7392, -0.0569],
        [-0.3952,  0.4597]], device='cuda:0')
20156 tensor([[ 0.7221,  0.0704],
        [ 0.3602, -0.4518],
        [-0.7392, -0.0569],
        [-0.3953,  0.4597]], device='cuda:0')
20157 tensor([[ 0.7221,  0.0704],
        [ 0.3602, -0.4519],
        [-0.7393, -0.0569],
        [-0.3954,  0.4598]], device='cuda:0')
20158 tensor([[ 0.7221,  0.0704],
        [ 0.3603, -0.4519],
        [-0.7393, -0.0569],
        [-0.3955,  0.4598]], device='cuda:0')
20159 tensor([[ 0.7221,  0.0703],
        [ 0.3604, -0.4520],
        [-0.7393, -0.0568],
        [-0.3956,  0.4599]], device='cuda:0')
20160 tensor([[ 0.7222,  0.0703],
        [ 0.3605, -0.4520],
        [-0.7393, -0.0568],
        [-0.3956,  0.4599]], device='cuda:0')
20161 tensor([[ 0.7222,  0.0703],
        [ 0.3605, -0.4520],
        [-0.7393, -0.0568],
        [-0.3957,  0.4600]], device='cuda:0')
20162 tensor([[ 0.7222,  0.0703],
        [ 0.3606, -0.4521],
        [-0.7393, -0.0568],
        [-0.3958,  0.4600]], device='cuda:0')
20163 tensor([[ 0.7222,  0.0703],
        [ 0.3607, -0.4521],
        [-0.7393, -0.0568],
        [-0.3959,  0.4600]], device='cuda:0')
20164 tensor([[ 0.7222,  0.0703],
        [ 0.3608, -0.4521],
        [-0.7393, -0.0567],
        [-0.3959,  0.4601]], device='cuda:0')
20165 tensor([[ 0.7222,  0.0702],
        [ 0.3608, -0.4522],
        [-0.7394, -0.0567],
        [-0.3960,  0.4601]], device='cuda:0')
20166 tensor([[ 0.7222,  0.0702],
        [ 0.3609, -0.4522],
        [-0.7394, -0.0567],
        [-0.3961,  0.4602]], device='cuda:0')
20167 tensor([[ 0.7222,  0.0702],
        [ 0.3610, -0.4523],
        [-0.7394, -0.0567],
        [-0.3962,  0.4602]], device='cuda:0')
20168 tensor([[ 0.7222,  0.0702],
        [ 0.3610, -0.4523],
        [-0.7394, -0.0567],
        [-0.3963,  0.4602]], device='cuda:0')
20169 tensor([[ 0.7222,  0.0702],
        [ 0.3611, -0.4523],
        [-0.7394, -0.0566],
        [-0.3963,  0.4603]], device='cuda:0')
20170 tensor([[ 0.7222,  0.0702],
        [ 0.3612, -0.4523],
        [-0.7394, -0.0566],
        [-0.3964,  0.4603]], device='cuda:0')
20171 tensor([[ 0.7222,  0.0701],
        [ 0.3612, -0.4523],
        [-0.7394, -0.0566],
        [-0.3965,  0.4603]], device='cuda:0')
20172 tensor([[ 0.7222,  0.0701],
        [ 0.3613, -0.4523],
        [-0.7394, -0.0566],
        [-0.3966,  0.4603]], device='cuda:0')
20173 tensor([[ 0.7222,  0.0701],
        [ 0.3614, -0.4523],
        [-0.7394, -0.0565],
        [-0.3966,  0.4603]], device='cuda:0')
20174 tensor([[ 0.7222,  0.0701],
        [ 0.3614, -0.4523],
        [-0.7395, -0.0565],
        [-0.3967,  0.4603]], device='cuda:0')
20175 tensor([[ 0.7223,  0.0701],
        [ 0.3615, -0.4523],
        [-0.7395, -0.0565],
        [-0.3968,  0.4603]], device='cuda:0')
20176 tensor([[ 0.7223,  0.0701],
        [ 0.3616, -0.4523],
        [-0.7395, -0.0565],
        [-0.3969,  0.4604]], device='cuda:0')
20177 tensor([[ 0.7223,  0.0701],
        [ 0.3616, -0.4523],
        [-0.7395, -0.0565],
        [-0.3969,  0.4604]], device='cuda:0')
20178 tensor([[ 0.7223,  0.0700],
        [ 0.3617, -0.4523],
        [-0.7395, -0.0564],
        [-0.3970,  0.4604]], device='cuda:0')
20179 tensor([[ 0.7223,  0.0700],
        [ 0.3618, -0.4523],
        [-0.7395, -0.0564],
        [-0.3971,  0.4604]], device='cuda:0')
20180 tensor([[ 0.7223,  0.0700],
        [ 0.3618, -0.4523],
        [-0.7395, -0.0564],
        [-0.3971,  0.4604]], device='cuda:0')
20181 tensor([[ 0.7223,  0.0700],
        [ 0.3619, -0.4524],
        [-0.7395, -0.0564],
        [-0.3972,  0.4604]], device='cuda:0')
20182 tensor([[ 0.7223,  0.0700],
        [ 0.3620, -0.4524],
        [-0.7396, -0.0564],
        [-0.3973,  0.4604]], device='cuda:0')
20183 tensor([[ 0.7223,  0.0700],
        [ 0.3620, -0.4523],
        [-0.7396, -0.0563],
        [-0.3974,  0.4604]], device='cuda:0')
20184 tensor([[ 0.7223,  0.0699],
        [ 0.3621, -0.4523],
        [-0.7396, -0.0563],
        [-0.3974,  0.4604]], device='cuda:0')
20185 tensor([[ 0.7223,  0.0699],
        [ 0.3622, -0.4523],
        [-0.7396, -0.0563],
        [-0.3975,  0.4605]], device='cuda:0')
20186 tensor([[ 0.7223,  0.0699],
        [ 0.3622, -0.4523],
        [-0.7396, -0.0563],
        [-0.3976,  0.4604]], device='cuda:0')
20187 tensor([[ 0.7223,  0.0699],
        [ 0.3623, -0.4523],
        [-0.7396, -0.0563],
        [-0.3976,  0.4604]], device='cuda:0')
20188 tensor([[ 0.7223,  0.0699],
        [ 0.3624, -0.4522],
        [-0.7396, -0.0562],
        [-0.3977,  0.4604]], device='cuda:0')
20189 tensor([[ 0.7223,  0.0699],
        [ 0.3624, -0.4522],
        [-0.7396, -0.0562],
        [-0.3978,  0.4604]], device='cuda:0')
20190 tensor([[ 0.7223,  0.0699],
        [ 0.3625, -0.4522],
        [-0.7396, -0.0562],
        [-0.3978,  0.4604]], device='cuda:0')
20191 tensor([[ 0.7224,  0.0698],
        [ 0.3625, -0.4522],
        [-0.7397, -0.0562],
        [-0.3979,  0.4604]], device='cuda:0')
20192 tensor([[ 0.7224,  0.0698],
        [ 0.3626, -0.4522],
        [-0.7397, -0.0562],
        [-0.3980,  0.4603]], device='cuda:0')
20193 tensor([[ 0.7224,  0.0698],
        [ 0.3627, -0.4522],
        [-0.7397, -0.0562],
        [-0.3980,  0.4603]], device='cuda:0')
20194 tensor([[ 0.7224,  0.0698],
        [ 0.3627, -0.4521],
        [-0.7397, -0.0561],
        [-0.3981,  0.4603]], device='cuda:0')
20195 tensor([[ 0.7224,  0.0698],
        [ 0.3628, -0.4521],
        [-0.7397, -0.0561],
        [-0.3982,  0.4603]], device='cuda:0')
20196 tensor([[ 0.7224,  0.0698],
        [ 0.3628, -0.4521],
        [-0.7397, -0.0561],
        [-0.3982,  0.4603]], device='cuda:0')
20197 tensor([[ 0.7224,  0.0698],
        [ 0.3629, -0.4521],
        [-0.7397, -0.0561],
        [-0.3983,  0.4603]], device='cuda:0')
20198 tensor([[ 0.7224,  0.0698],
        [ 0.3630, -0.4521],
        [-0.7397, -0.0561],
        [-0.3984,  0.4602]], device='cuda:0')
20199 tensor([[ 0.7224,  0.0697],
        [ 0.3630, -0.4520],
        [-0.7397, -0.0560],
        [-0.3984,  0.4602]], device='cuda:0')
20200 tensor([[ 0.7224,  0.0697],
        [ 0.3631, -0.4520],
        [-0.7397, -0.0560],
        [-0.3985,  0.4602]], device='cuda:0')
20201 tensor([[ 0.7224,  0.0697],
        [ 0.3631, -0.4520],
        [-0.7398, -0.0560],
        [-0.3986,  0.4602]], device='cuda:0')
20202 tensor([[ 0.7224,  0.0697],
        [ 0.3632, -0.4519],
        [-0.7398, -0.0560],
        [-0.3986,  0.4602]], device='cuda:0')
20203 tensor([[ 0.7224,  0.0697],
        [ 0.3633, -0.4519],
        [-0.7398, -0.0560],
        [-0.3987,  0.4602]], device='cuda:0')
20204 tensor([[ 0.7224,  0.0697],
        [ 0.3633, -0.4519],
        [-0.7398, -0.0560],
        [-0.3987,  0.4601]], device='cuda:0')
20205 tensor([[ 0.7224,  0.0697],
        [ 0.3634, -0.4518],
        [-0.7398, -0.0559],
        [-0.3988,  0.4601]], device='cuda:0')
20206 tensor([[ 0.7224,  0.0696],
        [ 0.3634, -0.4518],
        [-0.7398, -0.0559],
        [-0.3989,  0.4601]], device='cuda:0')
20207 tensor([[ 0.7224,  0.0696],
        [ 0.3635, -0.4518],
        [-0.7398, -0.0559],
        [-0.3989,  0.4600]], device='cuda:0')
20208 tensor([[ 0.7224,  0.0696],
        [ 0.3635, -0.4517],
        [-0.7398, -0.0559],
        [-0.3990,  0.4600]], device='cuda:0')
20209 tensor([[ 0.7224,  0.0696],
        [ 0.3636, -0.4517],
        [-0.7398, -0.0559],
        [-0.3991,  0.4599]], device='cuda:0')
20210 tensor([[ 0.7225,  0.0696],
        [ 0.3637, -0.4517],
        [-0.7398, -0.0559],
        [-0.3991,  0.4599]], device='cuda:0')
20211 tensor([[ 0.7225,  0.0696],
        [ 0.3637, -0.4517],
        [-0.7399, -0.0558],
        [-0.3992,  0.4599]], device='cuda:0')
20212 tensor([[ 0.7225,  0.0696],
        [ 0.3638, -0.4516],
        [-0.7399, -0.0558],
        [-0.3992,  0.4598]], device='cuda:0')
20213 tensor([[ 0.7225,  0.0695],
        [ 0.3638, -0.4516],
        [-0.7399, -0.0558],
        [-0.3993,  0.4598]], device='cuda:0')
20214 tensor([[ 0.7226,  0.0695],
        [ 0.3639, -0.4516],
        [-0.7399, -0.0558],
        [-0.3993,  0.4598]], device='cuda:0')
20215 tensor([[ 0.7226,  0.0695],
        [ 0.3640, -0.4516],
        [-0.7400, -0.0558],
        [-0.3994,  0.4597]], device='cuda:0')
20216 tensor([[ 0.7227,  0.0695],
        [ 0.3641, -0.4516],
        [-0.7400, -0.0558],
        [-0.3994,  0.4597]], device='cuda:0')
20217 tensor([[ 0.7227,  0.0695],
        [ 0.3642, -0.4515],
        [-0.7400, -0.0558],
        [-0.3995,  0.4597]], device='cuda:0')
20218 tensor([[ 0.7228,  0.0694],
        [ 0.3642, -0.4515],
        [-0.7401, -0.0557],
        [-0.3995,  0.4596]], device='cuda:0')
20219 tensor([[ 0.7228,  0.0694],
        [ 0.3643, -0.4515],
        [-0.7401, -0.0557],
        [-0.3996,  0.4596]], device='cuda:0')
20220 tensor([[ 0.7229,  0.0694],
        [ 0.3644, -0.4515],
        [-0.7402, -0.0557],
        [-0.3997,  0.4596]], device='cuda:0')
20221 tensor([[ 0.7229,  0.0694],
        [ 0.3645, -0.4514],
        [-0.7402, -0.0557],
        [-0.3998,  0.4595]], device='cuda:0')
20222 tensor([[ 0.7229,  0.0694],
        [ 0.3645, -0.4514],
        [-0.7402, -0.0557],
        [-0.3998,  0.4595]], device='cuda:0')
20223 tensor([[ 0.7230,  0.0694],
        [ 0.3646, -0.4514],
        [-0.7403, -0.0557],
        [-0.3999,  0.4595]], device='cuda:0')
20224 tensor([[ 0.7230,  0.0693],
        [ 0.3647, -0.4514],
        [-0.7403, -0.0557],
        [-0.4000,  0.4594]], device='cuda:0')
20225 tensor([[ 0.7231,  0.0693],
        [ 0.3647, -0.4514],
        [-0.7404, -0.0557],
        [-0.4000,  0.4594]], device='cuda:0')
20226 tensor([[ 0.7231,  0.0693],
        [ 0.3648, -0.4513],
        [-0.7404, -0.0557],
        [-0.4001,  0.4594]], device='cuda:0')
20227 tensor([[ 0.7232,  0.0693],
        [ 0.3649, -0.4513],
        [-0.7404, -0.0557],
        [-0.4002,  0.4593]], device='cuda:0')
20228 tensor([[ 0.7232,  0.0693],
        [ 0.3649, -0.4513],
        [-0.7405, -0.0556],
        [-0.4002,  0.4593]], device='cuda:0')
20229 tensor([[ 0.7233,  0.0693],
        [ 0.3650, -0.4512],
        [-0.7405, -0.0557],
        [-0.4003,  0.4593]], device='cuda:0')
20230 tensor([[ 0.7233,  0.0694],
        [ 0.3651, -0.4512],
        [-0.7406, -0.0557],
        [-0.4003,  0.4593]], device='cuda:0')
20231 tensor([[ 0.7233,  0.0694],
        [ 0.3651, -0.4511],
        [-0.7406, -0.0557],
        [-0.4004,  0.4593]], device='cuda:0')
20232 tensor([[ 0.7234,  0.0694],
        [ 0.3652, -0.4511],
        [-0.7407, -0.0557],
        [-0.4005,  0.4592]], device='cuda:0')
20233 tensor([[ 0.7234,  0.0694],
        [ 0.3653, -0.4510],
        [-0.7407, -0.0557],
        [-0.4005,  0.4592]], device='cuda:0')
20234 tensor([[ 0.7234,  0.0695],
        [ 0.3653, -0.4510],
        [-0.7407, -0.0558],
        [-0.4006,  0.4591]], device='cuda:0')
20235 tensor([[ 0.7235,  0.0695],
        [ 0.3654, -0.4510],
        [-0.7408, -0.0558],
        [-0.4007,  0.4591]], device='cuda:0')
20236 tensor([[ 0.7235,  0.0695],
        [ 0.3654, -0.4509],
        [-0.7408, -0.0558],
        [-0.4007,  0.4590]], device='cuda:0')
20237 tensor([[ 0.7236,  0.0695],
        [ 0.3655, -0.4509],
        [-0.7409, -0.0558],
        [-0.4008,  0.4590]], device='cuda:0')
20238 tensor([[ 0.7236,  0.0696],
        [ 0.3656, -0.4508],
        [-0.7409, -0.0558],
        [-0.4009,  0.4589]], device='cuda:0')
20239 tensor([[ 0.7236,  0.0696],
        [ 0.3656, -0.4508],
        [-0.7409, -0.0559],
        [-0.4009,  0.4589]], device='cuda:0')
20240 tensor([[ 0.7237,  0.0696],
        [ 0.3657, -0.4508],
        [-0.7410, -0.0559],
        [-0.4010,  0.4588]], device='cuda:0')
20241 tensor([[ 0.7237,  0.0696],
        [ 0.3657, -0.4507],
        [-0.7410, -0.0559],
        [-0.4011,  0.4588]], device='cuda:0')
20242 tensor([[ 0.7237,  0.0696],
        [ 0.3658, -0.4507],
        [-0.7411, -0.0559],
        [-0.4011,  0.4588]], device='cuda:0')
20243 tensor([[ 0.7238,  0.0696],
        [ 0.3659, -0.4507],
        [-0.7411, -0.0560],
        [-0.4012,  0.4587]], device='cuda:0')
20244 tensor([[ 0.7239,  0.0697],
        [ 0.3660, -0.4506],
        [-0.7411, -0.0560],
        [-0.4012,  0.4587]], device='cuda:0')
20245 tensor([[ 0.7240,  0.0697],
        [ 0.3660, -0.4506],
        [-0.7412, -0.0560],
        [-0.4013,  0.4586]], device='cuda:0')
20246 tensor([[ 0.7240,  0.0697],
        [ 0.3661, -0.4506],
        [-0.7413, -0.0560],
        [-0.4013,  0.4586]], device='cuda:0')
20247 tensor([[ 0.7241,  0.0697],
        [ 0.3662, -0.4505],
        [-0.7413, -0.0560],
        [-0.4014,  0.4585]], device='cuda:0')
20248 tensor([[ 0.7242,  0.0697],
        [ 0.3663, -0.4505],
        [-0.7414, -0.0561],
        [-0.4015,  0.4585]], device='cuda:0')
20249 tensor([[ 0.7243,  0.0697],
        [ 0.3664, -0.4505],
        [-0.7415, -0.0561],
        [-0.4015,  0.4585]], device='cuda:0')
20250 tensor([[ 0.7243,  0.0698],
        [ 0.3664, -0.4504],
        [-0.7415, -0.0561],
        [-0.4016,  0.4584]], device='cuda:0')
20251 tensor([[ 0.7244,  0.0698],
        [ 0.3665, -0.4504],
        [-0.7416, -0.0561],
        [-0.4017,  0.4584]], device='cuda:0')
20252 tensor([[ 0.7245,  0.0698],
        [ 0.3666, -0.4504],
        [-0.7417, -0.0562],
        [-0.4018,  0.4583]], device='cuda:0')
20253 tensor([[ 0.7245,  0.0698],
        [ 0.3667, -0.4503],
        [-0.7417, -0.0562],
        [-0.4018,  0.4583]], device='cuda:0')
20254 tensor([[ 0.7246,  0.0698],
        [ 0.3668, -0.4503],
        [-0.7418, -0.0562],
        [-0.4019,  0.4582]], device='cuda:0')
20255 tensor([[ 0.7247,  0.0698],
        [ 0.3668, -0.4503],
        [-0.7418, -0.0562],
        [-0.4020,  0.4582]], device='cuda:0')
20256 tensor([[ 0.7247,  0.0699],
        [ 0.3669, -0.4502],
        [-0.7419, -0.0563],
        [-0.4020,  0.4581]], device='cuda:0')
20257 tensor([[ 0.7248,  0.0699],
        [ 0.3670, -0.4502],
        [-0.7420, -0.0563],
        [-0.4021,  0.4581]], device='cuda:0')
20258 tensor([[ 0.7249,  0.0699],
        [ 0.3670, -0.4502],
        [-0.7420, -0.0563],
        [-0.4022,  0.4581]], device='cuda:0')
20259 tensor([[ 0.7249,  0.0700],
        [ 0.3671, -0.4501],
        [-0.7421, -0.0563],
        [-0.4023,  0.4580]], device='cuda:0')
20260 tensor([[ 0.7250,  0.0700],
        [ 0.3672, -0.4500],
        [-0.7422, -0.0564],
        [-0.4023,  0.4580]], device='cuda:0')
20261 tensor([[ 0.7250,  0.0701],
        [ 0.3672, -0.4500],
        [-0.7422, -0.0564],
        [-0.4024,  0.4580]], device='cuda:0')
20262 tensor([[ 0.7251,  0.0701],
        [ 0.3673, -0.4499],
        [-0.7423, -0.0564],
        [-0.4025,  0.4579]], device='cuda:0')
20263 tensor([[ 0.7252,  0.0702],
        [ 0.3674, -0.4499],
        [-0.7424, -0.0565],
        [-0.4025,  0.4579]], device='cuda:0')
20264 tensor([[ 0.7252,  0.0702],
        [ 0.3674, -0.4498],
        [-0.7424, -0.0565],
        [-0.4026,  0.4578]], device='cuda:0')
20265 tensor([[ 0.7253,  0.0703],
        [ 0.3675, -0.4498],
        [-0.7425, -0.0566],
        [-0.4027,  0.4578]], device='cuda:0')
20266 tensor([[ 0.7253,  0.0703],
        [ 0.3676, -0.4497],
        [-0.7425, -0.0566],
        [-0.4027,  0.4577]], device='cuda:0')
20267 tensor([[ 0.7254,  0.0704],
        [ 0.3676, -0.4497],
        [-0.7426, -0.0567],
        [-0.4028,  0.4577]], device='cuda:0')
20268 tensor([[ 0.7255,  0.0704],
        [ 0.3677, -0.4496],
        [-0.7427, -0.0567],
        [-0.4029,  0.4576]], device='cuda:0')
20269 tensor([[ 0.7255,  0.0705],
        [ 0.3677, -0.4496],
        [-0.7427, -0.0568],
        [-0.4029,  0.4575]], device='cuda:0')
20270 tensor([[ 0.7256,  0.0705],
        [ 0.3678, -0.4495],
        [-0.7428, -0.0568],
        [-0.4030,  0.4575]], device='cuda:0')
20271 tensor([[ 0.7256,  0.0706],
        [ 0.3679, -0.4495],
        [-0.7429, -0.0569],
        [-0.4031,  0.4574]], device='cuda:0')
20272 tensor([[ 0.7257,  0.0706],
        [ 0.3679, -0.4494],
        [-0.7429, -0.0569],
        [-0.4031,  0.4574]], device='cuda:0')
20273 tensor([[ 0.7258,  0.0706],
        [ 0.3680, -0.4494],
        [-0.7430, -0.0570],
        [-0.4032,  0.4573]], device='cuda:0')
20274 tensor([[ 0.7259,  0.0707],
        [ 0.3681, -0.4494],
        [-0.7430, -0.0570],
        [-0.4033,  0.4573]], device='cuda:0')
20275 tensor([[ 0.7259,  0.0707],
        [ 0.3682, -0.4493],
        [-0.7431, -0.0570],
        [-0.4033,  0.4572]], device='cuda:0')
20276 tensor([[ 0.7260,  0.0707],
        [ 0.3683, -0.4493],
        [-0.7432, -0.0571],
        [-0.4034,  0.4572]], device='cuda:0')
20277 tensor([[ 0.7261,  0.0708],
        [ 0.3683, -0.4492],
        [-0.7432, -0.0571],
        [-0.4034,  0.4571]], device='cuda:0')
20278 tensor([[ 0.7262,  0.0708],
        [ 0.3684, -0.4492],
        [-0.7433, -0.0572],
        [-0.4035,  0.4571]], device='cuda:0')
20279 tensor([[ 0.7263,  0.0709],
        [ 0.3685, -0.4492],
        [-0.7434, -0.0572],
        [-0.4036,  0.4570]], device='cuda:0')
20280 tensor([[ 0.7264,  0.0709],
        [ 0.3686, -0.4491],
        [-0.7435, -0.0573],
        [-0.4037,  0.4570]], device='cuda:0')
20281 tensor([[ 0.7265,  0.0709],
        [ 0.3687, -0.4491],
        [-0.7436, -0.0573],
        [-0.4037,  0.4569]], device='cuda:0')
20282 tensor([[ 0.7265,  0.0710],
        [ 0.3688, -0.4490],
        [-0.7436, -0.0574],
        [-0.4038,  0.4569]], device='cuda:0')
20283 tensor([[ 0.7266,  0.0710],
        [ 0.3688, -0.4490],
        [-0.7437, -0.0574],
        [-0.4039,  0.4568]], device='cuda:0')
20284 tensor([[ 0.7267,  0.0711],
        [ 0.3689, -0.4490],
        [-0.7438, -0.0575],
        [-0.4040,  0.4568]], device='cuda:0')
20285 tensor([[ 0.7268,  0.0711],
        [ 0.3690, -0.4489],
        [-0.7439, -0.0575],
        [-0.4040,  0.4567]], device='cuda:0')
20286 tensor([[ 0.7269,  0.0711],
        [ 0.3690, -0.4489],
        [-0.7439, -0.0576],
        [-0.4041,  0.4567]], device='cuda:0')
20287 tensor([[ 0.7269,  0.0712],
        [ 0.3691, -0.4488],
        [-0.7440, -0.0576],
        [-0.4042,  0.4566]], device='cuda:0')
20288 tensor([[ 0.7270,  0.0712],
        [ 0.3692, -0.4488],
        [-0.7441, -0.0576],
        [-0.4042,  0.4566]], device='cuda:0')
20289 tensor([[ 0.7272,  0.0712],
        [ 0.3693, -0.4488],
        [-0.7442, -0.0577],
        [-0.4043,  0.4565]], device='cuda:0')
20290 tensor([[ 0.7273,  0.0713],
        [ 0.3694, -0.4487],
        [-0.7442, -0.0577],
        [-0.4044,  0.4565]], device='cuda:0')
20291 tensor([[ 0.7274,  0.0713],
        [ 0.3695, -0.4487],
        [-0.7443, -0.0578],
        [-0.4044,  0.4564]], device='cuda:0')
20292 tensor([[ 0.7275,  0.0713],
        [ 0.3696, -0.4487],
        [-0.7444, -0.0578],
        [-0.4045,  0.4564]], device='cuda:0')
20293 tensor([[ 0.7276,  0.0714],
        [ 0.3697, -0.4486],
        [-0.7445, -0.0579],
        [-0.4046,  0.4563]], device='cuda:0')
20294 tensor([[ 0.7277,  0.0714],
        [ 0.3697, -0.4486],
        [-0.7446, -0.0579],
        [-0.4046,  0.4563]], device='cuda:0')
20295 tensor([[ 0.7278,  0.0714],
        [ 0.3698, -0.4485],
        [-0.7447, -0.0580],
        [-0.4047,  0.4562]], device='cuda:0')
20296 tensor([[ 0.7279,  0.0715],
        [ 0.3699, -0.4485],
        [-0.7448, -0.0580],
        [-0.4048,  0.4562]], device='cuda:0')
20297 tensor([[ 0.7280,  0.0715],
        [ 0.3700, -0.4485],
        [-0.7449, -0.0580],
        [-0.4049,  0.4561]], device='cuda:0')
20298 tensor([[ 0.7281,  0.0715],
        [ 0.3701, -0.4484],
        [-0.7450, -0.0581],
        [-0.4050,  0.4561]], device='cuda:0')
20299 tensor([[ 0.7282,  0.0716],
        [ 0.3702, -0.4484],
        [-0.7451, -0.0581],
        [-0.4050,  0.4560]], device='cuda:0')
20300 tensor([[ 0.7283,  0.0716],
        [ 0.3703, -0.4484],
        [-0.7452, -0.0582],
        [-0.4051,  0.4560]], device='cuda:0')
20301 tensor([[ 0.7284,  0.0716],
        [ 0.3704, -0.4483],
        [-0.7453, -0.0582],
        [-0.4052,  0.4559]], device='cuda:0')
20302 tensor([[ 0.7286,  0.0717],
        [ 0.3705, -0.4483],
        [-0.7453, -0.0583],
        [-0.4052,  0.4559]], device='cuda:0')
20303 tensor([[ 0.7287,  0.0717],
        [ 0.3707, -0.4483],
        [-0.7454, -0.0583],
        [-0.4053,  0.4558]], device='cuda:0')
20304 tensor([[ 0.7289,  0.0717],
        [ 0.3708, -0.4482],
        [-0.7455, -0.0583],
        [-0.4053,  0.4558]], device='cuda:0')
20305 tensor([[ 0.7291,  0.0718],
        [ 0.3710, -0.4482],
        [-0.7455, -0.0584],
        [-0.4054,  0.4557]], device='cuda:0')
20306 tensor([[ 0.7292,  0.0718],
        [ 0.3711, -0.4482],
        [-0.7456, -0.0584],
        [-0.4054,  0.4557]], device='cuda:0')
20307 tensor([[ 0.7294,  0.0718],
        [ 0.3713, -0.4481],
        [-0.7457, -0.0585],
        [-0.4055,  0.4556]], device='cuda:0')
20308 tensor([[ 0.7295,  0.0719],
        [ 0.3714, -0.4481],
        [-0.7458, -0.0585],
        [-0.4056,  0.4556]], device='cuda:0')
20309 tensor([[ 0.7297,  0.0719],
        [ 0.3715, -0.4481],
        [-0.7459, -0.0585],
        [-0.4057,  0.4556]], device='cuda:0')
