203212 0
203212 1
203212 2
203212 3
203212 5
203226 1
203227 0
203227 2
203227 4
203228 3
203242 0
203242 1
203242 2
203242 3
203242 5
203256 1
203257 0
203257 2
203257 5
203258 3
203270 1
203272 0
203272 2
203272 4
203274 3
203286 1
203287 0
203287 2
203287 5
203288 3
203300 1
203302 0
203302 2
203302 4
203304 3
203316 1
203317 0
203317 2
203317 5
203318 3
203330 1
203332 0
203332 2
203332 4
203334 3
203346 1
203347 0
203347 2
203347 4
203348 3
203362 0
203362 1
203362 2
203362 3
203362 5
203376 1
203377 0
203377 2
203377 4
203378 3
203391 0
203392 1
203392 3
203392 4
203392 5
203393 2
203406 0
203406 1
203407 4
203408 2
203408 3
203421 0
203422 1
203422 3
203422 4
203422 5
203423 2
203436 0
203436 1
203437 4
203438 2
203438 3
203451 0
203452 1
203452 3
203452 4
203452 5
203453 2
203466 0
203466 1
203467 4
203468 2
203468 3
203481 0
203482 1
203482 3
203482 4
203483 2
203496 0
203496 3
203497 5
203498 1
203498 2
203511 0
203512 1
203512 3
203512 4
203513 2
203526 0
203526 3
203527 5
203528 1
203528 2
203541 0
203542 1
203542 3
203542 4
203543 2
203556 0
203556 3
203557 4
203558 1
203558 2
203570 3
203571 0
203571 5
203572 5
203573 2
203574 1
203586 0
203587 1
203587 3
203587 4
203588 2
203601 0
203601 3
203602 5
203603 1
203603 2
203617 0
203617 1
203617 2
203617 3
203617 4
203631 3
203632 0
203632 2
203632 5
203633 1
203647 0
203647 1
203647 2
203647 3
203647 4
203661 3
203662 0
203662 2
203662 5
203663 1
203677 0
203677 1
203677 2
203677 3
203677 4
203691 3
203692 0
203692 2
203692 5
203693 1
203707 0
203707 1
203707 2
203707 3
203707 4
203721 3
203722 0
203722 2
203722 5
203723 1
203737 0
203737 1
203737 2
203737 3
203737 4
203751 3
203752 0
203752 2
203752 5
203753 1
203767 0
203767 1
203767 2
203767 3
203767 4
203781 3
203782 0
203782 2
203782 5
203783 1
203796 2
203797 1
203797 3
203797 4
203798 0
203811 2
203811 3
203812 5
203813 0
203813 1
203826 2
203827 1
203827 3
203827 4
203828 0
203840 3
203841 2
203841 5
203842 5
203843 0
203844 1
203856 2
203856 3
203857 5
203858 0
203858 1
203871 2
203872 1
203872 3
203872 4
203873 0
203886 2
203886 3
203887 5
203888 0
203888 1
203901 2
203902 1
203902 3
203902 4
203903 0
203916 2
203916 3
203917 5
203918 0
203918 1
203931 2
203932 1
203932 3
203932 5
203933 0
203946 1
203946 2
203947 4
203948 0
203948 3
203961 2
203962 1
203962 3
203962 5
203963 0
203976 1
203976 2
203977 5
203978 0
203978 3
203990 1
203991 2
203991 4
203992 4
203993 0
203994 3
204006 1
204006 2
204007 5
204008 0
204008 3
204020 1
204021 2
204021 4
204022 4
204023 0
204024 3
204036 1
204037 0
204037 2
204037 4
204037 5
204038 3
204050 1
204051 4
204052 0
204052 2
204052 4
204054 3
204066 1
204067 0
204067 2
204067 4
204067 5
204068 3
204080 1
204081 4
204082 0
204082 2
204082 4
204084 3
204096 1
204097 0
204097 2
204097 4
204097 5
204098 3
204110 1
204111 4
204112 0
204112 2
204112 4
204114 3
204126 1
204127 0
204127 2
204127 4
204127 5
204128 3
204140 1
204141 4
204142 0
204142 2
204142 4
204144 3
204156 1
204157 0
204157 2
204157 4
204157 5
204158 3
204170 1
204171 0
204171 4
204172 4
204173 2
204174 3
204186 0
204186 1
204187 4
204187 5
204188 2
204188 3
204200 1
204201 0
204201 4
204202 4
204203 2
204204 3
204216 0
204216 1
204217 4
204218 2
204218 3
204231 0
204232 1
204232 3
204232 5
204233 2
204246 0
204246 1
204247 4
204248 2
204248 3
204261 0
204262 1
204262 3
204262 5
204263 2
204276 0
204276 1
204277 4
204278 2
204278 3
204291 0
204292 1
204292 3
204292 4
204293 2
204306 0
204306 3
204307 5
204308 1
204308 2
204321 0
204322 1
204322 3
204322 4
204323 2
204336 0
204336 3
204337 4
204338 1
204338 2
204350 3
204351 0
204352 5
204353 2
204354 1
204366 0
204367 1
204367 3
204367 4
204368 2
204381 0
204381 3
204382 5
204383 1
204383 2
204396 0
204397 1
204397 3
204397 4
204398 2
204411 0
204411 3
204412 4
204413 1
204413 2
204425 3
204426 0
204427 5
204428 2
204429 1
204441 3
204442 0
204442 2
204442 4
204443 1
204455 3
204457 0
204457 2
204457 5
204459 1
204471 3
204472 0
204472 2
204472 5
204473 1
204487 0
204487 1
204487 2
204487 3
204487 4
204501 3
204502 0
204502 2
204502 4
204503 1
204515 3
204517 0
204517 2
204517 5
204519 1
204531 3
204532 0
204532 2
204532 4
204533 1
204545 3
204547 0
204547 2
204547 5
204549 1
204561 2
204561 3
204562 4
204562 5
204563 0
204563 1
204575 3
204576 2
204576 5
204577 5
204578 0
204579 1
204591 2
204591 3
204592 5
204593 0
204593 1
204606 2
204607 1
204607 3
204607 4
204608 0
204621 2
204621 3
204622 5
204623 0
204623 1
204636 2
204636 3
204637 5
204638 0
204638 1
204651 2
204652 1
204652 3
204652 4
204653 0
204666 2
204666 3
204667 5
204668 0
204668 1
204681 2
204682 1
204682 3
204682 5
204683 0
204696 1
204696 2
204697 4
204698 0
204698 3
204711 2
204712 1
204712 3
204712 5
204713 0
204726 1
204726 2
204727 4
204728 0
204728 3
204741 2
204742 1
204742 3
204742 5
204743 0
204756 1
204756 2
204757 5
204758 0
204758 3
204770 1
204771 2
204772 4
204773 0
204774 3
204786 1
204786 2
204787 5
204788 0
204788 3
204800 1
204801 2
204802 5
204803 0
204804 3
204814 1
204815 4
204816 2
204817 4
204818 0
204820 3
204830 1
204831 4
204832 0
204832 2
204832 5
204834 3
204844 1
204845 4
204847 0
204847 2
204847 4
204850 3
204860 1
204861 4
204862 0
204862 2
204862 5
204864 3
204874 1
204875 4
204877 0
204877 2
204877 4
204880 3
204890 1
204891 4
204892 0
204892 2
204892 5
204894 3
204904 1
204905 4
204906 0
204907 4
204908 2
204910 3
204911 5
204920 1
204921 0
204921 4
204922 4
204923 2
204924 3
204936 0
204936 1
204937 4
204937 5
204938 2
204938 3
204950 1
204951 0
204951 4
204952 4
204953 2
204954 3
204966 0
204966 1
204967 4
204967 5
204968 2
204968 3
204980 1
204981 0
204981 4
204982 4
204983 2
204984 3
204996 0
204996 1
204997 4
204998 2
204998 3
205010 0
205012 1
205012 3
205012 5
205014 2
205025 0
205026 1
205027 4
205028 3
205029 2
205030 5
205040 0
205042 1
205042 3
205042 4
205044 2
205055 0
205056 3
205057 5
205058 1
205059 2
205070 0
205072 1
205072 3
205072 4
205074 2
205085 0
205087 1
205087 3
205087 4
205089 2
205100 0
205101 3
205102 4
205103 1
205104 2
205115 3
205116 0
205117 5
205118 2
205119 1
205131 0
205131 3
205132 4
205133 1
205133 2
205145 3
205146 0
205147 5
205148 2
205149 1
205161 0
205161 3
205162 4
205163 1
205163 2
205175 3
205176 0
205177 4
205178 2
205179 1
205189 3
205191 0
205192 5
205193 2
205195 1
205205 3
205207 0
205207 2
205207 4
205209 1
205219 3
205222 0
205222 2
205222 5
205225 1
205235 3
205236 5
205237 0
205237 2
205237 4
205239 1
205249 3
205250 5
205252 0
205252 2
205252 5
205255 1
205265 3
205266 2
205266 5
205267 4
205268 0
205269 1
205279 3
205280 5
205281 2
205282 5
205283 0
205285 1
205286 4
205295 3
205296 2
205296 5
205297 5
205298 0
205299 1
205311 2
205311 3
205312 4
205312 5
205313 0
205313 1
205325 3
205326 2
205326 5
205327 5
205328 0
205329 1
205340 2
205341 3
205342 5
205343 1
205344 0
205345 4
205355 2
205357 1
205357 3
205357 4
205359 0
205370 2
205371 3
205372 5
205373 1
205374 0
205375 4
205385 2
205386 3
205387 5
205388 1
205389 0
205390 4
205400 2
205402 1
205402 3
205402 4
205404 0
205415 2
205416 3
205417 5
205418 1
205419 0
205420 4
205430 2
205432 1
205432 3
205432 5
205434 0
205445 2
205446 1
205447 5
205448 3
205449 0
205460 1
205460 2
205462 4
205464 0
205464 3
205475 2
205476 1
205477 5
205478 3
205479 0
205490 1
205490 2
205492 5
205494 0
205494 3
205504 1
205505 4
205506 2
205507 4
205508 0
205510 3
205521 1
205521 2
205522 5
205523 0
205523 3
205535 1
205536 2
205536 4
205537 5
205538 0
205539 3
205549 1
205550 4
205551 2
205552 4
205553 0
205555 3
205565 1
205566 2
205566 4
205567 5
205568 0
205569 3
205579 1
205580 4
205582 0
205582 2
205582 4
205585 3
205595 1
205596 4
205597 0
205597 2
205597 5
205599 3
205609 1
205610 4
205612 0
205612 2
205612 4
205615 3
205625 1
205626 0
205626 4
205627 5
205628 2
205629 3
205639 1
205640 4
205641 0
205642 4
205643 2
205645 3
205646 5
205655 1
205656 0
205656 4
205657 4
205658 2
205659 3
205671 0
205671 1
205672 4
205672 5
205673 2
205673 3
205685 1
205686 0
205686 4
205687 4
205688 2
205689 3
205700 0
205700 1
205701 4
205702 4
205704 2
205704 3
205705 5
205715 0
205716 1
205717 4
205717 5
205718 3
205719 2
205730 0
205730 1
205731 4
205732 4
205734 2
205734 3
205735 5
205745 0
205746 1
205747 4
205748 3
205749 2
205750 5
205760 0
205762 1
205762 3
205762 5
205764 2
205775 0
205776 1
205777 4
205778 3
205779 2
205780 5
205790 0
205792 1
205792 3
205792 4
205794 2
205805 0
205806 3
205807 4
205808 1
205809 2
205820 0
205820 3
205822 5
205824 1
205824 2
205835 0
205837 1
205837 3
205837 4
205839 2
205850 0
205851 3
205851 4
205852 4
205853 1
205854 2
205865 0
205865 3
205867 4
205869 1
205869 2
205879 3
205880 0
205880 5
205882 5
205884 2
205885 1
205895 3
205896 0
205896 5
205897 4
205898 2
205899 1
205909 3
205910 5
205911 0
205912 5
205913 2
205915 1
205925 3
205926 0
205926 5
205927 4
205928 2
205929 1
205939 3
205940 5
205941 0
205942 4
205943 2
205945 1
205953 3
205954 5
205957 0
205957 2
205957 5
205961 1
205969 3
205970 5
205972 0
205972 2
205972 4
205975 1
205983 3
205984 5
205987 0
205987 2
205987 5
205991 1
205999 3
206000 5
206001 2
206002 4
206003 0
206005 1
206006 4
206013 3
206014 5
206016 2
206017 5
206018 0
206021 1
206022 4
206029 3
206030 5
206031 2
206032 5
206033 0
206035 1
206036 4
206045 3
206046 2
206046 5
206047 4
206048 0
206049 1
206059 3
206060 2
206060 5
206062 5
206064 0
206065 1
206066 4
206075 2
206075 3
206076 5
206077 5
206079 0
206079 1
206080 4
206090 2
206091 3
206092 4
206092 5
206093 1
206094 0
206105 2
206105 3
206106 5
206107 5
206109 0
206109 1
206110 4
206120 2
206121 3
206122 5
206123 1
206124 0
206125 4
206134 2
206136 3
206137 5
206138 1
206140 0
206141 4
206149 2
206152 1
206152 3
206152 5
206155 0
206164 2
206166 1
206167 4
206168 3
206170 0
206180 2
206182 1
206182 3
206182 5
206184 0
206195 2
206196 1
206197 5
206198 3
206199 0
206210 1
206210 2
206212 5
206214 0
206214 3
