3135 tensor([[ 0.0758,  0.0788],
        [ 0.0714,  0.0564],
        [-0.0914, -0.0664],
        [-0.0999, -0.0550]], device='cuda:0')
3136 tensor([[ 0.0759,  0.0789],
        [ 0.0715,  0.0565],
        [-0.0916, -0.0666],
        [-0.1000, -0.0551]], device='cuda:0')
3137 tensor([[ 0.0761,  0.0791],
        [ 0.0716,  0.0566],
        [-0.0917, -0.0667],
        [-0.1001, -0.0552]], device='cuda:0')
3138 tensor([[ 0.0762,  0.0792],
        [ 0.0717,  0.0567],
        [-0.0918, -0.0669],
        [-0.1002, -0.0554]], device='cuda:0')
3139 tensor([[ 0.0764,  0.0794],
        [ 0.0718,  0.0568],
        [-0.0920, -0.0671],
        [-0.1003, -0.0555]], device='cuda:0')
3140 tensor([[ 0.0765,  0.0795],
        [ 0.0719,  0.0569],
        [-0.0921, -0.0672],
        [-0.1004, -0.0556]], device='cuda:0')
3141 tensor([[ 0.0767,  0.0797],
        [ 0.0720,  0.0570],
        [-0.0923, -0.0674],
        [-0.1005, -0.0557]], device='cuda:0')
3142 tensor([[ 0.0768,  0.0798],
        [ 0.0721,  0.0571],
        [-0.0924, -0.0675],
        [-0.1006, -0.0558]], device='cuda:0')
3143 tensor([[ 0.0769,  0.0800],
        [ 0.0722,  0.0572],
        [-0.0925, -0.0677],
        [-0.1007, -0.0559]], device='cuda:0')
3144 tensor([[ 0.0771,  0.0801],
        [ 0.0723,  0.0573],
        [-0.0927, -0.0678],
        [-0.1008, -0.0560]], device='cuda:0')
3145 tensor([[ 0.0772,  0.0803],
        [ 0.0724,  0.0574],
        [-0.0928, -0.0680],
        [-0.1009, -0.0561]], device='cuda:0')
3146 tensor([[ 0.0773,  0.0804],
        [ 0.0725,  0.0576],
        [-0.0929, -0.0681],
        [-0.1010, -0.0562]], device='cuda:0')
3147 tensor([[ 0.0775,  0.0806],
        [ 0.0726,  0.0577],
        [-0.0931, -0.0683],
        [-0.1011, -0.0563]], device='cuda:0')
3148 tensor([[ 0.0776,  0.0807],
        [ 0.0727,  0.0578],
        [-0.0932, -0.0684],
        [-0.1012, -0.0565]], device='cuda:0')
3149 tensor([[ 0.0777,  0.0809],
        [ 0.0728,  0.0579],
        [-0.0934, -0.0685],
        [-0.1013, -0.0566]], device='cuda:0')
3150 tensor([[ 0.0778,  0.0810],
        [ 0.0729,  0.0580],
        [-0.0935, -0.0687],
        [-0.1014, -0.0567]], device='cuda:0')
3151 tensor([[ 0.0780,  0.0812],
        [ 0.0730,  0.0581],
        [-0.0936, -0.0688],
        [-0.1015, -0.0568]], device='cuda:0')
3152 tensor([[ 0.0781,  0.0813],
        [ 0.0730,  0.0582],
        [-0.0938, -0.0690],
        [-0.1016, -0.0569]], device='cuda:0')
3153 tensor([[ 0.0782,  0.0815],
        [ 0.0731,  0.0583],
        [-0.0939, -0.0691],
        [-0.1017, -0.0570]], device='cuda:0')
3154 tensor([[ 0.0783,  0.0816],
        [ 0.0732,  0.0584],
        [-0.0940, -0.0692],
        [-0.1018, -0.0571]], device='cuda:0')
3155 tensor([[ 0.0785,  0.0818],
        [ 0.0733,  0.0585],
        [-0.0942, -0.0694],
        [-0.1019, -0.0572]], device='cuda:0')
3156 tensor([[ 0.0786,  0.0819],
        [ 0.0734,  0.0586],
        [-0.0943, -0.0695],
        [-0.1020, -0.0573]], device='cuda:0')
3157 tensor([[ 0.0787,  0.0820],
        [ 0.0735,  0.0587],
        [-0.0944, -0.0697],
        [-0.1021, -0.0573]], device='cuda:0')
3158 tensor([[ 0.0788,  0.0822],
        [ 0.0736,  0.0588],
        [-0.0945, -0.0698],
        [-0.1022, -0.0574]], device='cuda:0')
3159 tensor([[ 0.0790,  0.0823],
        [ 0.0737,  0.0590],
        [-0.0947, -0.0699],
        [-0.1023, -0.0576]], device='cuda:0')
3160 tensor([[ 0.0791,  0.0824],
        [ 0.0738,  0.0591],
        [-0.0948, -0.0701],
        [-0.1024, -0.0577]], device='cuda:0')
3161 tensor([[ 0.0792,  0.0826],
        [ 0.0738,  0.0592],
        [-0.0949, -0.0702],
        [-0.1025, -0.0578]], device='cuda:0')
3162 tensor([[ 0.0793,  0.0827],
        [ 0.0739,  0.0594],
        [-0.0951, -0.0703],
        [-0.1026, -0.0580]], device='cuda:0')
3163 tensor([[ 0.0794,  0.0829],
        [ 0.0740,  0.0595],
        [-0.0952, -0.0704],
        [-0.1026, -0.0581]], device='cuda:0')
3164 tensor([[ 0.0796,  0.0830],
        [ 0.0741,  0.0596],
        [-0.0953, -0.0706],
        [-0.1027, -0.0582]], device='cuda:0')
3165 tensor([[ 0.0797,  0.0831],
        [ 0.0742,  0.0598],
        [-0.0954, -0.0707],
        [-0.1028, -0.0584]], device='cuda:0')
3166 tensor([[ 0.0798,  0.0833],
        [ 0.0743,  0.0599],
        [-0.0956, -0.0708],
        [-0.1029, -0.0585]], device='cuda:0')
3167 tensor([[ 0.0799,  0.0834],
        [ 0.0744,  0.0600],
        [-0.0957, -0.0710],
        [-0.1030, -0.0586]], device='cuda:0')
3168 tensor([[ 0.0800,  0.0835],
        [ 0.0744,  0.0602],
        [-0.0958, -0.0711],
        [-0.1031, -0.0587]], device='cuda:0')
3169 tensor([[ 0.0801,  0.0837],
        [ 0.0745,  0.0603],
        [-0.0959, -0.0712],
        [-0.1032, -0.0589]], device='cuda:0')
3170 tensor([[ 0.0803,  0.0838],
        [ 0.0746,  0.0604],
        [-0.0961, -0.0713],
        [-0.1033, -0.0590]], device='cuda:0')
3171 tensor([[ 0.0804,  0.0839],
        [ 0.0747,  0.0605],
        [-0.0962, -0.0715],
        [-0.1034, -0.0591]], device='cuda:0')
3172 tensor([[ 0.0805,  0.0840],
        [ 0.0748,  0.0607],
        [-0.0963, -0.0716],
        [-0.1034, -0.0592]], device='cuda:0')
3173 tensor([[ 0.0806,  0.0842],
        [ 0.0749,  0.0608],
        [-0.0964, -0.0717],
        [-0.1035, -0.0594]], device='cuda:0')
3174 tensor([[ 0.0807,  0.0843],
        [ 0.0750,  0.0609],
        [-0.0965, -0.0719],
        [-0.1036, -0.0595]], device='cuda:0')
3175 tensor([[ 0.0808,  0.0844],
        [ 0.0751,  0.0610],
        [-0.0966, -0.0720],
        [-0.1037, -0.0596]], device='cuda:0')
3176 tensor([[ 0.0810,  0.0845],
        [ 0.0752,  0.0611],
        [-0.0967, -0.0721],
        [-0.1038, -0.0597]], device='cuda:0')
3177 tensor([[ 0.0811,  0.0847],
        [ 0.0754,  0.0612],
        [-0.0969, -0.0722],
        [-0.1039, -0.0599]], device='cuda:0')
3178 tensor([[ 0.0812,  0.0848],
        [ 0.0755,  0.0614],
        [-0.0970, -0.0724],
        [-0.1041, -0.0600]], device='cuda:0')
3179 tensor([[ 0.0813,  0.0849],
        [ 0.0756,  0.0615],
        [-0.0971, -0.0725],
        [-0.1042, -0.0601]], device='cuda:0')
3180 tensor([[ 0.0814,  0.0850],
        [ 0.0757,  0.0616],
        [-0.0972, -0.0726],
        [-0.1043, -0.0602]], device='cuda:0')
3181 tensor([[ 0.0815,  0.0851],
        [ 0.0758,  0.0617],
        [-0.0973, -0.0727],
        [-0.1044, -0.0603]], device='cuda:0')
3182 tensor([[ 0.0816,  0.0852],
        [ 0.0759,  0.0618],
        [-0.0974, -0.0729],
        [-0.1045, -0.0605]], device='cuda:0')
3183 tensor([[ 0.0817,  0.0854],
        [ 0.0761,  0.0619],
        [-0.0975, -0.0730],
        [-0.1046, -0.0606]], device='cuda:0')
3184 tensor([[ 0.0819,  0.0855],
        [ 0.0762,  0.0620],
        [-0.0976, -0.0731],
        [-0.1047, -0.0607]], device='cuda:0')
3185 tensor([[ 0.0820,  0.0856],
        [ 0.0763,  0.0622],
        [-0.0977, -0.0732],
        [-0.1048, -0.0608]], device='cuda:0')
3186 tensor([[ 0.0821,  0.0857],
        [ 0.0764,  0.0623],
        [-0.0978, -0.0733],
        [-0.1049, -0.0609]], device='cuda:0')
3187 tensor([[ 0.0822,  0.0858],
        [ 0.0765,  0.0624],
        [-0.0979, -0.0735],
        [-0.1050, -0.0611]], device='cuda:0')
3188 tensor([[ 0.0823,  0.0859],
        [ 0.0766,  0.0625],
        [-0.0980, -0.0736],
        [-0.1051, -0.0612]], device='cuda:0')
3189 tensor([[ 0.0825,  0.0860],
        [ 0.0768,  0.0626],
        [-0.0982, -0.0737],
        [-0.1053, -0.0613]], device='cuda:0')
3190 tensor([[ 0.0826,  0.0862],
        [ 0.0769,  0.0627],
        [-0.0983, -0.0738],
        [-0.1054, -0.0614]], device='cuda:0')
3191 tensor([[ 0.0828,  0.0863],
        [ 0.0771,  0.0628],
        [-0.0985, -0.0739],
        [-0.1055, -0.0615]], device='cuda:0')
3192 tensor([[ 0.0829,  0.0864],
        [ 0.0772,  0.0629],
        [-0.0986, -0.0741],
        [-0.1057, -0.0616]], device='cuda:0')
3193 tensor([[ 0.0831,  0.0865],
        [ 0.0774,  0.0630],
        [-0.0987, -0.0742],
        [-0.1058, -0.0618]], device='cuda:0')
3194 tensor([[ 0.0832,  0.0866],
        [ 0.0775,  0.0631],
        [-0.0989, -0.0743],
        [-0.1059, -0.0619]], device='cuda:0')
3195 tensor([[ 0.0833,  0.0867],
        [ 0.0776,  0.0632],
        [-0.0990, -0.0744],
        [-0.1061, -0.0620]], device='cuda:0')
3196 tensor([[ 0.0835,  0.0868],
        [ 0.0778,  0.0633],
        [-0.0991, -0.0745],
        [-0.1062, -0.0621]], device='cuda:0')
3197 tensor([[ 0.0836,  0.0869],
        [ 0.0779,  0.0634],
        [-0.0993, -0.0746],
        [-0.1064, -0.0622]], device='cuda:0')
3198 tensor([[ 0.0838,  0.0870],
        [ 0.0781,  0.0635],
        [-0.0994, -0.0747],
        [-0.1065, -0.0623]], device='cuda:0')
3199 tensor([[ 0.0839,  0.0871],
        [ 0.0782,  0.0636],
        [-0.0995, -0.0749],
        [-0.1066, -0.0624]], device='cuda:0')
3200 tensor([[ 0.0840,  0.0872],
        [ 0.0783,  0.0637],
        [-0.0997, -0.0750],
        [-0.1067, -0.0625]], device='cuda:0')
3201 tensor([[ 0.0842,  0.0873],
        [ 0.0785,  0.0638],
        [-0.0998, -0.0751],
        [-0.1069, -0.0627]], device='cuda:0')
3202 tensor([[ 0.0843,  0.0874],
        [ 0.0786,  0.0639],
        [-0.0999, -0.0752],
        [-0.1070, -0.0628]], device='cuda:0')
3203 tensor([[ 0.0845,  0.0875],
        [ 0.0788,  0.0640],
        [-0.1001, -0.0753],
        [-0.1071, -0.0629]], device='cuda:0')
3204 tensor([[ 0.0846,  0.0876],
        [ 0.0789,  0.0641],
        [-0.1002, -0.0754],
        [-0.1073, -0.0630]], device='cuda:0')
3205 tensor([[ 0.0848,  0.0877],
        [ 0.0790,  0.0642],
        [-0.1004, -0.0755],
        [-0.1074, -0.0631]], device='cuda:0')
3206 tensor([[ 0.0850,  0.0878],
        [ 0.0791,  0.0643],
        [-0.1006, -0.0756],
        [-0.1075, -0.0632]], device='cuda:0')
3207 tensor([[ 0.0852,  0.0879],
        [ 0.0793,  0.0644],
        [-0.1007, -0.0757],
        [-0.1076, -0.0633]], device='cuda:0')
3208 tensor([[ 0.0853,  0.0880],
        [ 0.0794,  0.0645],
        [-0.1009, -0.0758],
        [-0.1078, -0.0634]], device='cuda:0')
3209 tensor([[ 0.0855,  0.0881],
        [ 0.0795,  0.0646],
        [-0.1010, -0.0759],
        [-0.1079, -0.0635]], device='cuda:0')
3210 tensor([[ 0.0857,  0.0882],
        [ 0.0797,  0.0647],
        [-0.1012, -0.0761],
        [-0.1080, -0.0636]], device='cuda:0')
3211 tensor([[ 0.0858,  0.0883],
        [ 0.0798,  0.0648],
        [-0.1014, -0.0762],
        [-0.1081, -0.0637]], device='cuda:0')
3212 tensor([[ 0.0860,  0.0884],
        [ 0.0799,  0.0649],
        [-0.1015, -0.0763],
        [-0.1083, -0.0638]], device='cuda:0')
3213 tensor([[ 0.0861,  0.0885],
        [ 0.0801,  0.0650],
        [-0.1017, -0.0764],
        [-0.1084, -0.0639]], device='cuda:0')
3214 tensor([[ 0.0863,  0.0886],
        [ 0.0802,  0.0651],
        [-0.1018, -0.0765],
        [-0.1085, -0.0640]], device='cuda:0')
3215 tensor([[ 0.0865,  0.0887],
        [ 0.0803,  0.0652],
        [-0.1020, -0.0766],
        [-0.1086, -0.0641]], device='cuda:0')
3216 tensor([[ 0.0866,  0.0888],
        [ 0.0804,  0.0653],
        [-0.1022, -0.0767],
        [-0.1087, -0.0642]], device='cuda:0')
3217 tensor([[ 0.0868,  0.0889],
        [ 0.0806,  0.0654],
        [-0.1023, -0.0768],
        [-0.1089, -0.0643]], device='cuda:0')
3218 tensor([[ 0.0870,  0.0890],
        [ 0.0807,  0.0655],
        [-0.1025, -0.0769],
        [-0.1089, -0.0644]], device='cuda:0')
3219 tensor([[ 0.0872,  0.0891],
        [ 0.0808,  0.0656],
        [-0.1027, -0.0770],
        [-0.1090, -0.0645]], device='cuda:0')
3220 tensor([[ 0.0874,  0.0892],
        [ 0.0809,  0.0657],
        [-0.1028, -0.0771],
        [-0.1091, -0.0646]], device='cuda:0')
3221 tensor([[ 0.0876,  0.0893],
        [ 0.0809,  0.0658],
        [-0.1030, -0.0772],
        [-0.1092, -0.0647]], device='cuda:0')
3222 tensor([[ 0.0878,  0.0894],
        [ 0.0810,  0.0658],
        [-0.1032, -0.0773],
        [-0.1093, -0.0648]], device='cuda:0')
3223 tensor([[ 0.0879,  0.0895],
        [ 0.0811,  0.0659],
        [-0.1034, -0.0774],
        [-0.1093, -0.0649]], device='cuda:0')
3224 tensor([[ 0.0881,  0.0896],
        [ 0.0812,  0.0660],
        [-0.1036, -0.0775],
        [-0.1094, -0.0650]], device='cuda:0')
3225 tensor([[ 0.0883,  0.0897],
        [ 0.0813,  0.0661],
        [-0.1038, -0.0776],
        [-0.1095, -0.0651]], device='cuda:0')
3226 tensor([[ 0.0885,  0.0898],
        [ 0.0814,  0.0662],
        [-0.1040, -0.0777],
        [-0.1096, -0.0652]], device='cuda:0')
3227 tensor([[ 0.0887,  0.0898],
        [ 0.0814,  0.0663],
        [-0.1041, -0.0778],
        [-0.1096, -0.0653]], device='cuda:0')
3228 tensor([[ 0.0889,  0.0899],
        [ 0.0815,  0.0664],
        [-0.1043, -0.0779],
        [-0.1097, -0.0654]], device='cuda:0')
3229 tensor([[ 0.0891,  0.0900],
        [ 0.0816,  0.0665],
        [-0.1045, -0.0780],
        [-0.1098, -0.0655]], device='cuda:0')
3230 tensor([[ 0.0892,  0.0901],
        [ 0.0817,  0.0665],
        [-0.1047, -0.0781],
        [-0.1099, -0.0656]], device='cuda:0')
3231 tensor([[ 0.0894,  0.0902],
        [ 0.0818,  0.0666],
        [-0.1049, -0.0781],
        [-0.1100, -0.0657]], device='cuda:0')
3232 tensor([[ 0.0896,  0.0903],
        [ 0.0818,  0.0667],
        [-0.1050, -0.0782],
        [-0.1100, -0.0658]], device='cuda:0')
3233 tensor([[ 0.0898,  0.0904],
        [ 0.0819,  0.0668],
        [-0.1052, -0.0783],
        [-0.1101, -0.0658]], device='cuda:0')
3234 tensor([[ 0.0899,  0.0906],
        [ 0.0820,  0.0669],
        [-0.1054, -0.0785],
        [-0.1102, -0.0659]], device='cuda:0')
3235 tensor([[ 0.0901,  0.0907],
        [ 0.0821,  0.0670],
        [-0.1056, -0.0786],
        [-0.1103, -0.0659]], device='cuda:0')
3236 tensor([[ 0.0903,  0.0908],
        [ 0.0821,  0.0670],
        [-0.1057, -0.0787],
        [-0.1104, -0.0660]], device='cuda:0')
3237 tensor([[ 0.0905,  0.0909],
        [ 0.0822,  0.0671],
        [-0.1059, -0.0788],
        [-0.1104, -0.0660]], device='cuda:0')
3238 tensor([[ 0.0906,  0.0911],
        [ 0.0823,  0.0671],
        [-0.1061, -0.0789],
        [-0.1105, -0.0661]], device='cuda:0')
3239 tensor([[ 0.0908,  0.0912],
        [ 0.0824,  0.0672],
        [-0.1063, -0.0791],
        [-0.1106, -0.0661]], device='cuda:0')
3240 tensor([[ 0.0910,  0.0913],
        [ 0.0824,  0.0672],
        [-0.1064, -0.0792],
        [-0.1107, -0.0662]], device='cuda:0')
3241 tensor([[ 0.0911,  0.0914],
        [ 0.0825,  0.0673],
        [-0.1066, -0.0793],
        [-0.1108, -0.0662]], device='cuda:0')
3242 tensor([[ 0.0913,  0.0916],
        [ 0.0826,  0.0673],
        [-0.1068, -0.0794],
        [-0.1108, -0.0663]], device='cuda:0')
3243 tensor([[ 0.0915,  0.0917],
        [ 0.0826,  0.0674],
        [-0.1070, -0.0795],
        [-0.1109, -0.0663]], device='cuda:0')
3244 tensor([[ 0.0916,  0.0918],
        [ 0.0827,  0.0675],
        [-0.1071, -0.0797],
        [-0.1110, -0.0664]], device='cuda:0')
3245 tensor([[ 0.0918,  0.0919],
        [ 0.0828,  0.0675],
        [-0.1073, -0.0798],
        [-0.1111, -0.0664]], device='cuda:0')
3246 tensor([[ 0.0919,  0.0921],
        [ 0.0829,  0.0676],
        [-0.1075, -0.0799],
        [-0.1111, -0.0665]], device='cuda:0')
3247 tensor([[ 0.0921,  0.0922],
        [ 0.0829,  0.0676],
        [-0.1076, -0.0800],
        [-0.1112, -0.0665]], device='cuda:0')
3248 tensor([[ 0.0923,  0.0923],
        [ 0.0830,  0.0677],
        [-0.1078, -0.0801],
        [-0.1113, -0.0666]], device='cuda:0')
3249 tensor([[ 0.0924,  0.0924],
        [ 0.0831,  0.0677],
        [-0.1080, -0.0802],
        [-0.1114, -0.0666]], device='cuda:0')
3250 tensor([[ 0.0926,  0.0925],
        [ 0.0831,  0.0677],
        [-0.1081, -0.0803],
        [-0.1114, -0.0666]], device='cuda:0')
3251 tensor([[ 0.0927,  0.0927],
        [ 0.0832,  0.0677],
        [-0.1083, -0.0805],
        [-0.1115, -0.0666]], device='cuda:0')
3252 tensor([[ 0.0929,  0.0928],
        [ 0.0833,  0.0677],
        [-0.1085, -0.0806],
        [-0.1116, -0.0666]], device='cuda:0')
3253 tensor([[ 0.0930,  0.0929],
        [ 0.0833,  0.0678],
        [-0.1086, -0.0807],
        [-0.1117, -0.0666]], device='cuda:0')
3254 tensor([[ 0.0932,  0.0930],
        [ 0.0834,  0.0678],
        [-0.1088, -0.0808],
        [-0.1117, -0.0666]], device='cuda:0')
3255 tensor([[ 0.0933,  0.0931],
        [ 0.0835,  0.0678],
        [-0.1090, -0.0809],
        [-0.1118, -0.0666]], device='cuda:0')
3256 tensor([[ 0.0935,  0.0932],
        [ 0.0835,  0.0678],
        [-0.1091, -0.0810],
        [-0.1119, -0.0666]], device='cuda:0')
3257 tensor([[ 0.0936,  0.0934],
        [ 0.0836,  0.0678],
        [-0.1093, -0.0811],
        [-0.1120, -0.0667]], device='cuda:0')
3258 tensor([[ 0.0938,  0.0935],
        [ 0.0837,  0.0678],
        [-0.1094, -0.0812],
        [-0.1120, -0.0667]], device='cuda:0')
3259 tensor([[ 0.0939,  0.0936],
        [ 0.0837,  0.0679],
        [-0.1096, -0.0813],
        [-0.1121, -0.0667]], device='cuda:0')
3260 tensor([[ 0.0941,  0.0937],
        [ 0.0838,  0.0679],
        [-0.1097, -0.0814],
        [-0.1122, -0.0667]], device='cuda:0')
3261 tensor([[ 0.0942,  0.0938],
        [ 0.0838,  0.0679],
        [-0.1099, -0.0815],
        [-0.1122, -0.0667]], device='cuda:0')
3262 tensor([[ 0.0944,  0.0939],
        [ 0.0839,  0.0679],
        [-0.1101, -0.0816],
        [-0.1123, -0.0667]], device='cuda:0')
3263 tensor([[ 0.0945,  0.0940],
        [ 0.0840,  0.0679],
        [-0.1102, -0.0818],
        [-0.1124, -0.0667]], device='cuda:0')
3264 tensor([[ 0.0947,  0.0941],
        [ 0.0840,  0.0679],
        [-0.1104, -0.0819],
        [-0.1124, -0.0667]], device='cuda:0')
3265 tensor([[ 0.0948,  0.0942],
        [ 0.0841,  0.0679],
        [-0.1105, -0.0820],
        [-0.1125, -0.0668]], device='cuda:0')
3266 tensor([[ 0.0950,  0.0943],
        [ 0.0842,  0.0679],
        [-0.1106, -0.0821],
        [-0.1126, -0.0668]], device='cuda:0')
3267 tensor([[ 0.0951,  0.0944],
        [ 0.0842,  0.0680],
        [-0.1108, -0.0822],
        [-0.1126, -0.0668]], device='cuda:0')
3268 tensor([[ 0.0953,  0.0945],
        [ 0.0843,  0.0680],
        [-0.1109, -0.0823],
        [-0.1127, -0.0668]], device='cuda:0')
3269 tensor([[ 0.0954,  0.0946],
        [ 0.0844,  0.0680],
        [-0.1111, -0.0824],
        [-0.1128, -0.0668]], device='cuda:0')
3270 tensor([[ 0.0956,  0.0947],
        [ 0.0844,  0.0680],
        [-0.1112, -0.0825],
        [-0.1128, -0.0668]], device='cuda:0')
3271 tensor([[ 0.0957,  0.0948],
        [ 0.0845,  0.0680],
        [-0.1114, -0.0826],
        [-0.1129, -0.0669]], device='cuda:0')
3272 tensor([[ 0.0959,  0.0949],
        [ 0.0846,  0.0680],
        [-0.1115, -0.0827],
        [-0.1129, -0.0669]], device='cuda:0')
3273 tensor([[ 0.0960,  0.0950],
        [ 0.0846,  0.0680],
        [-0.1116, -0.0828],
        [-0.1130, -0.0669]], device='cuda:0')
3274 tensor([[ 0.0962,  0.0951],
        [ 0.0847,  0.0680],
        [-0.1118, -0.0829],
        [-0.1131, -0.0669]], device='cuda:0')
3275 tensor([[ 0.0963,  0.0952],
        [ 0.0848,  0.0680],
        [-0.1119, -0.0830],
        [-0.1131, -0.0669]], device='cuda:0')
3276 tensor([[ 0.0964,  0.0953],
        [ 0.0848,  0.0680],
        [-0.1121, -0.0831],
        [-0.1132, -0.0669]], device='cuda:0')
3277 tensor([[ 0.0966,  0.0954],
        [ 0.0849,  0.0681],
        [-0.1122, -0.0832],
        [-0.1132, -0.0670]], device='cuda:0')
3278 tensor([[ 0.0967,  0.0955],
        [ 0.0850,  0.0681],
        [-0.1123, -0.0833],
        [-0.1133, -0.0669]], device='cuda:0')
3279 tensor([[ 0.0968,  0.0956],
        [ 0.0850,  0.0680],
        [-0.1125, -0.0834],
        [-0.1134, -0.0669]], device='cuda:0')
3280 tensor([[ 0.0970,  0.0957],
        [ 0.0851,  0.0680],
        [-0.1126, -0.0835],
        [-0.1134, -0.0669]], device='cuda:0')
3281 tensor([[ 0.0971,  0.0958],
        [ 0.0851,  0.0680],
        [-0.1128, -0.0836],
        [-0.1135, -0.0668]], device='cuda:0')
3282 tensor([[ 0.0972,  0.0959],
        [ 0.0852,  0.0680],
        [-0.1129, -0.0837],
        [-0.1136, -0.0668]], device='cuda:0')
3283 tensor([[ 0.0974,  0.0960],
        [ 0.0853,  0.0680],
        [-0.1130, -0.0838],
        [-0.1136, -0.0668]], device='cuda:0')
3284 tensor([[ 0.0975,  0.0961],
        [ 0.0853,  0.0679],
        [-0.1132, -0.0839],
        [-0.1137, -0.0668]], device='cuda:0')
3285 tensor([[ 0.0976,  0.0962],
        [ 0.0854,  0.0679],
        [-0.1133, -0.0840],
        [-0.1138, -0.0667]], device='cuda:0')
3286 tensor([[ 0.0978,  0.0963],
        [ 0.0854,  0.0679],
        [-0.1134, -0.0841],
        [-0.1138, -0.0667]], device='cuda:0')
3287 tensor([[ 0.0979,  0.0964],
        [ 0.0855,  0.0679],
        [-0.1136, -0.0842],
        [-0.1139, -0.0667]], device='cuda:0')
3288 tensor([[ 0.0980,  0.0965],
        [ 0.0855,  0.0678],
        [-0.1137, -0.0843],
        [-0.1139, -0.0667]], device='cuda:0')
3289 tensor([[ 0.0981,  0.0966],
        [ 0.0856,  0.0678],
        [-0.1138, -0.0844],
        [-0.1140, -0.0666]], device='cuda:0')
3290 tensor([[ 0.0983,  0.0967],
        [ 0.0857,  0.0678],
        [-0.1140, -0.0845],
        [-0.1141, -0.0666]], device='cuda:0')
3291 tensor([[ 0.0984,  0.0968],
        [ 0.0857,  0.0678],
        [-0.1141, -0.0845],
        [-0.1141, -0.0666]], device='cuda:0')
3292 tensor([[ 0.0985,  0.0969],
        [ 0.0858,  0.0678],
        [-0.1142, -0.0846],
        [-0.1142, -0.0665]], device='cuda:0')
3293 tensor([[ 0.0986,  0.0970],
        [ 0.0858,  0.0677],
        [-0.1144, -0.0847],
        [-0.1143, -0.0665]], device='cuda:0')
3294 tensor([[ 0.0988,  0.0971],
        [ 0.0859,  0.0677],
        [-0.1145, -0.0848],
        [-0.1143, -0.0665]], device='cuda:0')
3295 tensor([[ 0.0989,  0.0972],
        [ 0.0859,  0.0677],
        [-0.1146, -0.0849],
        [-0.1144, -0.0665]], device='cuda:0')
3296 tensor([[ 0.0990,  0.0973],
        [ 0.0860,  0.0677],
        [-0.1148, -0.0850],
        [-0.1144, -0.0664]], device='cuda:0')
3297 tensor([[ 0.0991,  0.0974],
        [ 0.0860,  0.0676],
        [-0.1149, -0.0851],
        [-0.1145, -0.0664]], device='cuda:0')
3298 tensor([[ 0.0992,  0.0975],
        [ 0.0861,  0.0676],
        [-0.1150, -0.0852],
        [-0.1146, -0.0664]], device='cuda:0')
3299 tensor([[ 0.0994,  0.0975],
        [ 0.0861,  0.0676],
        [-0.1151, -0.0852],
        [-0.1146, -0.0664]], device='cuda:0')
3300 tensor([[ 0.0995,  0.0976],
        [ 0.0862,  0.0676],
        [-0.1153, -0.0853],
        [-0.1147, -0.0663]], device='cuda:0')
3301 tensor([[ 0.0996,  0.0977],
        [ 0.0862,  0.0676],
        [-0.1154, -0.0854],
        [-0.1147, -0.0663]], device='cuda:0')
3302 tensor([[ 0.0997,  0.0978],
        [ 0.0863,  0.0675],
        [-0.1155, -0.0855],
        [-0.1148, -0.0663]], device='cuda:0')
3303 tensor([[ 0.0998,  0.0979],
        [ 0.0863,  0.0675],
        [-0.1156, -0.0856],
        [-0.1148, -0.0663]], device='cuda:0')
3304 tensor([[ 0.1000,  0.0980],
        [ 0.0864,  0.0675],
        [-0.1158, -0.0857],
        [-0.1149, -0.0662]], device='cuda:0')
3305 tensor([[ 0.1001,  0.0981],
        [ 0.0864,  0.0675],
        [-0.1159, -0.0857],
        [-0.1150, -0.0662]], device='cuda:0')
3306 tensor([[ 0.1002,  0.0982],
        [ 0.0865,  0.0675],
        [-0.1160, -0.0858],
        [-0.1150, -0.0662]], device='cuda:0')
3307 tensor([[ 0.1003,  0.0983],
        [ 0.0865,  0.0674],
        [-0.1161, -0.0859],
        [-0.1151, -0.0662]], device='cuda:0')
3308 tensor([[ 0.1004,  0.0983],
        [ 0.0866,  0.0674],
        [-0.1162, -0.0860],
        [-0.1151, -0.0662]], device='cuda:0')
3309 tensor([[ 0.1005,  0.0984],
        [ 0.0867,  0.0674],
        [-0.1164, -0.0861],
        [-0.1152, -0.0661]], device='cuda:0')
3310 tensor([[ 0.1007,  0.0985],
        [ 0.0868,  0.0674],
        [-0.1165, -0.0862],
        [-0.1153, -0.0661]], device='cuda:0')
3311 tensor([[ 0.1008,  0.0986],
        [ 0.0869,  0.0673],
        [-0.1166, -0.0862],
        [-0.1154, -0.0661]], device='cuda:0')
3312 tensor([[ 0.1009,  0.0987],
        [ 0.0870,  0.0673],
        [-0.1167, -0.0863],
        [-0.1155, -0.0661]], device='cuda:0')
3313 tensor([[ 0.1010,  0.0987],
        [ 0.0871,  0.0673],
        [-0.1168, -0.0864],
        [-0.1156, -0.0661]], device='cuda:0')
3314 tensor([[ 0.1011,  0.0988],
        [ 0.0872,  0.0673],
        [-0.1169, -0.0865],
        [-0.1156, -0.0660]], device='cuda:0')
3315 tensor([[ 0.1012,  0.0989],
        [ 0.0873,  0.0672],
        [-0.1170, -0.0866],
        [-0.1157, -0.0660]], device='cuda:0')
3316 tensor([[ 0.1013,  0.0990],
        [ 0.0874,  0.0672],
        [-0.1171, -0.0867],
        [-0.1158, -0.0660]], device='cuda:0')
3317 tensor([[ 0.1015,  0.0990],
        [ 0.0875,  0.0672],
        [-0.1172, -0.0867],
        [-0.1159, -0.0660]], device='cuda:0')
3318 tensor([[ 0.1016,  0.0991],
        [ 0.0875,  0.0672],
        [-0.1173, -0.0868],
        [-0.1160, -0.0660]], device='cuda:0')
3319 tensor([[ 0.1017,  0.0992],
        [ 0.0876,  0.0671],
        [-0.1175, -0.0869],
        [-0.1161, -0.0660]], device='cuda:0')
3320 tensor([[ 0.1018,  0.0993],
        [ 0.0877,  0.0671],
        [-0.1176, -0.0870],
        [-0.1162, -0.0659]], device='cuda:0')
3321 tensor([[ 0.1019,  0.0994],
        [ 0.0878,  0.0671],
        [-0.1177, -0.0871],
        [-0.1162, -0.0659]], device='cuda:0')
3322 tensor([[ 0.1020,  0.0994],
        [ 0.0879,  0.0671],
        [-0.1178, -0.0872],
        [-0.1163, -0.0659]], device='cuda:0')
3323 tensor([[ 0.1021,  0.0995],
        [ 0.0880,  0.0671],
        [-0.1179, -0.0872],
        [-0.1164, -0.0659]], device='cuda:0')
3324 tensor([[ 0.1022,  0.0996],
        [ 0.0881,  0.0670],
        [-0.1180, -0.0873],
        [-0.1165, -0.0659]], device='cuda:0')
3325 tensor([[ 0.1023,  0.0997],
        [ 0.0881,  0.0670],
        [-0.1181, -0.0874],
        [-0.1166, -0.0658]], device='cuda:0')
3326 tensor([[ 0.1024,  0.0997],
        [ 0.0882,  0.0670],
        [-0.1182, -0.0874],
        [-0.1167, -0.0658]], device='cuda:0')
3327 tensor([[ 0.1025,  0.0998],
        [ 0.0883,  0.0670],
        [-0.1183, -0.0875],
        [-0.1167, -0.0658]], device='cuda:0')
3328 tensor([[ 0.1026,  0.0999],
        [ 0.0884,  0.0670],
        [-0.1184, -0.0876],
        [-0.1168, -0.0658]], device='cuda:0')
3329 tensor([[ 0.1027,  0.1000],
        [ 0.0885,  0.0669],
        [-0.1185, -0.0877],
        [-0.1169, -0.0657]], device='cuda:0')
3330 tensor([[ 0.1028,  0.1001],
        [ 0.0885,  0.0669],
        [-0.1186, -0.0877],
        [-0.1170, -0.0657]], device='cuda:0')
3331 tensor([[ 0.1029,  0.1001],
        [ 0.0886,  0.0669],
        [-0.1187, -0.0878],
        [-0.1171, -0.0657]], device='cuda:0')
3332 tensor([[ 0.1030,  0.1002],
        [ 0.0887,  0.0669],
        [-0.1189, -0.0879],
        [-0.1172, -0.0657]], device='cuda:0')
3333 tensor([[ 0.1031,  0.1003],
        [ 0.0888,  0.0669],
        [-0.1190, -0.0879],
        [-0.1172, -0.0657]], device='cuda:0')
3334 tensor([[ 0.1032,  0.1004],
        [ 0.0888,  0.0669],
        [-0.1191, -0.0880],
        [-0.1173, -0.0656]], device='cuda:0')
3335 tensor([[ 0.1033,  0.1004],
        [ 0.0889,  0.0668],
        [-0.1192, -0.0881],
        [-0.1174, -0.0656]], device='cuda:0')
3336 tensor([[ 0.1034,  0.1005],
        [ 0.0890,  0.0668],
        [-0.1193, -0.0882],
        [-0.1175, -0.0656]], device='cuda:0')
3337 tensor([[ 0.1035,  0.1006],
        [ 0.0891,  0.0668],
        [-0.1194, -0.0882],
        [-0.1176, -0.0656]], device='cuda:0')
3338 tensor([[ 0.1036,  0.1006],
        [ 0.0892,  0.0668],
        [-0.1195, -0.0883],
        [-0.1176, -0.0655]], device='cuda:0')
3339 tensor([[ 0.1037,  0.1007],
        [ 0.0893,  0.0667],
        [-0.1196, -0.0884],
        [-0.1178, -0.0655]], device='cuda:0')
3340 tensor([[ 0.1038,  0.1008],
        [ 0.0894,  0.0667],
        [-0.1197, -0.0884],
        [-0.1179, -0.0655]], device='cuda:0')
3341 tensor([[ 0.1039,  0.1008],
        [ 0.0895,  0.0667],
        [-0.1198, -0.0885],
        [-0.1180, -0.0655]], device='cuda:0')
3342 tensor([[ 0.1040,  0.1009],
        [ 0.0897,  0.0667],
        [-0.1198, -0.0886],
        [-0.1181, -0.0655]], device='cuda:0')
3343 tensor([[ 0.1041,  0.1010],
        [ 0.0898,  0.0667],
        [-0.1199, -0.0887],
        [-0.1182, -0.0655]], device='cuda:0')
3344 tensor([[ 0.1042,  0.1010],
        [ 0.0899,  0.0666],
        [-0.1200, -0.0887],
        [-0.1183, -0.0654]], device='cuda:0')
3345 tensor([[ 0.1043,  0.1011],
        [ 0.0900,  0.0666],
        [-0.1201, -0.0888],
        [-0.1184, -0.0654]], device='cuda:0')
3346 tensor([[ 0.1044,  0.1012],
        [ 0.0901,  0.0666],
        [-0.1202, -0.0889],
        [-0.1185, -0.0654]], device='cuda:0')
3347 tensor([[ 0.1045,  0.1012],
        [ 0.0902,  0.0666],
        [-0.1203, -0.0889],
        [-0.1186, -0.0654]], device='cuda:0')
3348 tensor([[ 0.1046,  0.1013],
        [ 0.0903,  0.0665],
        [-0.1204, -0.0890],
        [-0.1187, -0.0654]], device='cuda:0')
3349 tensor([[ 0.1047,  0.1014],
        [ 0.0904,  0.0665],
        [-0.1205, -0.0891],
        [-0.1189, -0.0654]], device='cuda:0')
3350 tensor([[ 0.1048,  0.1014],
        [ 0.0906,  0.0665],
        [-0.1206, -0.0892],
        [-0.1190, -0.0654]], device='cuda:0')
3351 tensor([[ 0.1049,  0.1015],
        [ 0.0907,  0.0665],
        [-0.1207, -0.0892],
        [-0.1191, -0.0653]], device='cuda:0')
3352 tensor([[ 0.1050,  0.1016],
        [ 0.0908,  0.0665],
        [-0.1208, -0.0893],
        [-0.1192, -0.0653]], device='cuda:0')
3353 tensor([[ 0.1051,  0.1016],
        [ 0.0909,  0.0664],
        [-0.1208, -0.0894],
        [-0.1193, -0.0653]], device='cuda:0')
3354 tensor([[ 0.1052,  0.1017],
        [ 0.0910,  0.0664],
        [-0.1209, -0.0894],
        [-0.1194, -0.0653]], device='cuda:0')
3355 tensor([[ 0.1053,  0.1017],
        [ 0.0911,  0.0664],
        [-0.1210, -0.0895],
        [-0.1195, -0.0653]], device='cuda:0')
3356 tensor([[ 0.1054,  0.1018],
        [ 0.0912,  0.0664],
        [-0.1211, -0.0896],
        [-0.1196, -0.0653]], device='cuda:0')
3357 tensor([[ 0.1054,  0.1019],
        [ 0.0913,  0.0663],
        [-0.1212, -0.0896],
        [-0.1197, -0.0652]], device='cuda:0')
3358 tensor([[ 0.1055,  0.1019],
        [ 0.0914,  0.0663],
        [-0.1213, -0.0897],
        [-0.1198, -0.0652]], device='cuda:0')
3359 tensor([[ 0.1056,  0.1020],
        [ 0.0915,  0.0663],
        [-0.1214, -0.0898],
        [-0.1199, -0.0652]], device='cuda:0')
3360 tensor([[ 0.1057,  0.1020],
        [ 0.0916,  0.0663],
        [-0.1215, -0.0898],
        [-0.1200, -0.0652]], device='cuda:0')
3361 tensor([[ 0.1058,  0.1021],
        [ 0.0917,  0.0663],
        [-0.1215, -0.0899],
        [-0.1201, -0.0652]], device='cuda:0')
3362 tensor([[ 0.1059,  0.1022],
        [ 0.0918,  0.0662],
        [-0.1216, -0.0900],
        [-0.1202, -0.0652]], device='cuda:0')
3363 tensor([[ 0.1060,  0.1022],
        [ 0.0919,  0.0662],
        [-0.1217, -0.0900],
        [-0.1203, -0.0652]], device='cuda:0')
3364 tensor([[ 0.1061,  0.1023],
        [ 0.0920,  0.0662],
        [-0.1218, -0.0901],
        [-0.1204, -0.0651]], device='cuda:0')
3365 tensor([[ 0.1062,  0.1023],
        [ 0.0921,  0.0662],
        [-0.1219, -0.0902],
        [-0.1205, -0.0651]], device='cuda:0')
3366 tensor([[ 0.1062,  0.1024],
        [ 0.0922,  0.0662],
        [-0.1220, -0.0902],
        [-0.1206, -0.0651]], device='cuda:0')
3367 tensor([[ 0.1063,  0.1024],
        [ 0.0924,  0.0661],
        [-0.1220, -0.0903],
        [-0.1207, -0.0651]], device='cuda:0')
3368 tensor([[ 0.1064,  0.1025],
        [ 0.0925,  0.0661],
        [-0.1221, -0.0903],
        [-0.1207, -0.0651]], device='cuda:0')
3369 tensor([[ 0.1065,  0.1026],
        [ 0.0925,  0.0661],
        [-0.1222, -0.0904],
        [-0.1208, -0.0651]], device='cuda:0')
3370 tensor([[ 0.1066,  0.1026],
        [ 0.0926,  0.0661],
        [-0.1223, -0.0905],
        [-0.1208, -0.0651]], device='cuda:0')
3371 tensor([[ 0.1067,  0.1027],
        [ 0.0926,  0.0661],
        [-0.1224, -0.0905],
        [-0.1209, -0.0651]], device='cuda:0')
3372 tensor([[ 0.1068,  0.1027],
        [ 0.0927,  0.0660],
        [-0.1224, -0.0906],
        [-0.1209, -0.0650]], device='cuda:0')
3373 tensor([[ 0.1068,  0.1028],
        [ 0.0928,  0.0660],
        [-0.1225, -0.0907],
        [-0.1210, -0.0650]], device='cuda:0')
3374 tensor([[ 0.1069,  0.1028],
        [ 0.0928,  0.0660],
        [-0.1226, -0.0907],
        [-0.1211, -0.0650]], device='cuda:0')
3375 tensor([[ 0.1070,  0.1029],
        [ 0.0929,  0.0660],
        [-0.1227, -0.0908],
        [-0.1211, -0.0650]], device='cuda:0')
3376 tensor([[ 0.1071,  0.1029],
        [ 0.0929,  0.0660],
        [-0.1227, -0.0908],
        [-0.1212, -0.0650]], device='cuda:0')
3377 tensor([[ 0.1072,  0.1030],
        [ 0.0930,  0.0659],
        [-0.1228, -0.0909],
        [-0.1212, -0.0650]], device='cuda:0')
3378 tensor([[ 0.1073,  0.1031],
        [ 0.0931,  0.0659],
        [-0.1229, -0.0910],
        [-0.1213, -0.0650]], device='cuda:0')
3379 tensor([[ 0.1073,  0.1031],
        [ 0.0931,  0.0659],
        [-0.1230, -0.0910],
        [-0.1213, -0.0650]], device='cuda:0')
3380 tensor([[ 0.1074,  0.1032],
        [ 0.0932,  0.0659],
        [-0.1231, -0.0911],
        [-0.1214, -0.0649]], device='cuda:0')
3381 tensor([[ 0.1075,  0.1032],
        [ 0.0932,  0.0659],
        [-0.1231, -0.0911],
        [-0.1214, -0.0649]], device='cuda:0')
3382 tensor([[ 0.1076,  0.1033],
        [ 0.0933,  0.0658],
        [-0.1232, -0.0912],
        [-0.1215, -0.0649]], device='cuda:0')
3383 tensor([[ 0.1077,  0.1033],
        [ 0.0934,  0.0658],
        [-0.1233, -0.0913],
        [-0.1215, -0.0649]], device='cuda:0')
3384 tensor([[ 0.1077,  0.1034],
        [ 0.0934,  0.0658],
        [-0.1233, -0.0913],
        [-0.1215, -0.0649]], device='cuda:0')
3385 tensor([[ 0.1078,  0.1034],
        [ 0.0934,  0.0658],
        [-0.1234, -0.0914],
        [-0.1216, -0.0649]], device='cuda:0')
3386 tensor([[ 0.1079,  0.1035],
        [ 0.0935,  0.0658],
        [-0.1235, -0.0914],
        [-0.1216, -0.0649]], device='cuda:0')
3387 tensor([[ 0.1080,  0.1035],
        [ 0.0935,  0.0657],
        [-0.1236, -0.0915],
        [-0.1216, -0.0649]], device='cuda:0')
3388 tensor([[ 0.1080,  0.1036],
        [ 0.0935,  0.0657],
        [-0.1236, -0.0915],
        [-0.1216, -0.0648]], device='cuda:0')
3389 tensor([[ 0.1081,  0.1036],
        [ 0.0935,  0.0657],
        [-0.1237, -0.0916],
        [-0.1216, -0.0648]], device='cuda:0')
3390 tensor([[ 0.1082,  0.1037],
        [ 0.0936,  0.0657],
        [-0.1238, -0.0917],
        [-0.1217, -0.0648]], device='cuda:0')
3391 tensor([[ 0.1083,  0.1037],
        [ 0.0936,  0.0657],
        [-0.1239, -0.0917],
        [-0.1217, -0.0648]], device='cuda:0')
3392 tensor([[ 0.1084,  0.1038],
        [ 0.0936,  0.0656],
        [-0.1239, -0.0918],
        [-0.1217, -0.0648]], device='cuda:0')
3393 tensor([[ 0.1084,  0.1038],
        [ 0.0936,  0.0656],
        [-0.1240, -0.0918],
        [-0.1217, -0.0648]], device='cuda:0')
3394 tensor([[ 0.1085,  0.1039],
        [ 0.0937,  0.0656],
        [-0.1241, -0.0919],
        [-0.1217, -0.0648]], device='cuda:0')
3395 tensor([[ 0.1086,  0.1039],
        [ 0.0937,  0.0656],
        [-0.1241, -0.0919],
        [-0.1218, -0.0648]], device='cuda:0')
3396 tensor([[ 0.1086,  0.1040],
        [ 0.0937,  0.0656],
        [-0.1242, -0.0920],
        [-0.1218, -0.0647]], device='cuda:0')
3397 tensor([[ 0.1087,  0.1040],
        [ 0.0937,  0.0656],
        [-0.1243, -0.0920],
        [-0.1218, -0.0647]], device='cuda:0')
3398 tensor([[ 0.1088,  0.1041],
        [ 0.0938,  0.0656],
        [-0.1244, -0.0921],
        [-0.1219, -0.0647]], device='cuda:0')
3399 tensor([[ 0.1089,  0.1041],
        [ 0.0938,  0.0655],
        [-0.1244, -0.0921],
        [-0.1219, -0.0646]], device='cuda:0')
3400 tensor([[ 0.1089,  0.1042],
        [ 0.0938,  0.0655],
        [-0.1245, -0.0922],
        [-0.1219, -0.0646]], device='cuda:0')
3401 tensor([[ 0.1090,  0.1042],
        [ 0.0938,  0.0655],
        [-0.1246, -0.0922],
        [-0.1219, -0.0646]], device='cuda:0')
3402 tensor([[ 0.1091,  0.1043],
        [ 0.0938,  0.0655],
        [-0.1246, -0.0923],
        [-0.1220, -0.0645]], device='cuda:0')
3403 tensor([[ 0.1091,  0.1043],
        [ 0.0939,  0.0654],
        [-0.1247, -0.0923],
        [-0.1220, -0.0645]], device='cuda:0')
3404 tensor([[ 0.1092,  0.1044],
        [ 0.0939,  0.0654],
        [-0.1248, -0.0924],
        [-0.1220, -0.0644]], device='cuda:0')
3405 tensor([[ 0.1093,  0.1044],
        [ 0.0939,  0.0653],
        [-0.1249, -0.0924],
        [-0.1221, -0.0644]], device='cuda:0')
3406 tensor([[ 0.1093,  0.1045],
        [ 0.0939,  0.0653],
        [-0.1249, -0.0925],
        [-0.1221, -0.0643]], device='cuda:0')
3407 tensor([[ 0.1094,  0.1045],
        [ 0.0939,  0.0653],
        [-0.1250, -0.0925],
        [-0.1221, -0.0643]], device='cuda:0')
3408 tensor([[ 0.1094,  0.1046],
        [ 0.0940,  0.0652],
        [-0.1251, -0.0925],
        [-0.1221, -0.0643]], device='cuda:0')
3409 tensor([[ 0.1095,  0.1047],
        [ 0.0940,  0.0652],
        [-0.1251, -0.0926],
        [-0.1222, -0.0642]], device='cuda:0')
3410 tensor([[ 0.1096,  0.1047],
        [ 0.0940,  0.0652],
        [-0.1252, -0.0926],
        [-0.1222, -0.0642]], device='cuda:0')
3411 tensor([[ 0.1096,  0.1048],
        [ 0.0940,  0.0651],
        [-0.1253, -0.0927],
        [-0.1222, -0.0641]], device='cuda:0')
3412 tensor([[ 0.1097,  0.1048],
        [ 0.0940,  0.0651],
        [-0.1254, -0.0927],
        [-0.1223, -0.0641]], device='cuda:0')
3413 tensor([[ 0.1098,  0.1048],
        [ 0.0941,  0.0650],
        [-0.1254, -0.0928],
        [-0.1222, -0.0641]], device='cuda:0')
3414 tensor([[ 0.1098,  0.1049],
        [ 0.0941,  0.0650],
        [-0.1255, -0.0928],
        [-0.1222, -0.0640]], device='cuda:0')
3415 tensor([[ 0.1099,  0.1049],
        [ 0.0941,  0.0650],
        [-0.1255, -0.0929],
        [-0.1222, -0.0640]], device='cuda:0')
3416 tensor([[ 0.1100,  0.1050],
        [ 0.0941,  0.0649],
        [-0.1256, -0.0929],
        [-0.1222, -0.0640]], device='cuda:0')
3417 tensor([[ 0.1100,  0.1050],
        [ 0.0941,  0.0649],
        [-0.1257, -0.0930],
        [-0.1222, -0.0639]], device='cuda:0')
3418 tensor([[ 0.1101,  0.1051],
        [ 0.0941,  0.0649],
        [-0.1257, -0.0930],
        [-0.1222, -0.0639]], device='cuda:0')
3419 tensor([[ 0.1102,  0.1051],
        [ 0.0941,  0.0648],
        [-0.1258, -0.0931],
        [-0.1222, -0.0639]], device='cuda:0')
3420 tensor([[ 0.1102,  0.1052],
        [ 0.0940,  0.0648],
        [-0.1258, -0.0931],
        [-0.1222, -0.0638]], device='cuda:0')
3421 tensor([[ 0.1103,  0.1052],
        [ 0.0940,  0.0647],
        [-0.1259, -0.0932],
        [-0.1222, -0.0638]], device='cuda:0')
3422 tensor([[ 0.1103,  0.1052],
        [ 0.0940,  0.0647],
        [-0.1260, -0.0932],
        [-0.1222, -0.0638]], device='cuda:0')
3423 tensor([[ 0.1104,  0.1053],
        [ 0.0940,  0.0647],
        [-0.1260, -0.0932],
        [-0.1221, -0.0637]], device='cuda:0')
3424 tensor([[ 0.1105,  0.1053],
        [ 0.0940,  0.0646],
        [-0.1261, -0.0933],
        [-0.1221, -0.0637]], device='cuda:0')
3425 tensor([[ 0.1105,  0.1054],
        [ 0.0940,  0.0646],
        [-0.1261, -0.0933],
        [-0.1221, -0.0637]], device='cuda:0')
3426 tensor([[ 0.1106,  0.1054],
        [ 0.0940,  0.0646],
        [-0.1262, -0.0934],
        [-0.1221, -0.0636]], device='cuda:0')
3427 tensor([[ 0.1107,  0.1054],
        [ 0.0940,  0.0645],
        [-0.1263, -0.0934],
        [-0.1221, -0.0636]], device='cuda:0')
3428 tensor([[ 0.1107,  0.1055],
        [ 0.0940,  0.0645],
        [-0.1263, -0.0935],
        [-0.1221, -0.0636]], device='cuda:0')
3429 tensor([[ 0.1108,  0.1055],
        [ 0.0940,  0.0644],
        [-0.1264, -0.0935],
        [-0.1221, -0.0635]], device='cuda:0')
3430 tensor([[ 0.1108,  0.1056],
        [ 0.0940,  0.0644],
        [-0.1264, -0.0936],
        [-0.1220, -0.0635]], device='cuda:0')
3431 tensor([[ 0.1109,  0.1056],
        [ 0.0940,  0.0644],
        [-0.1265, -0.0936],
        [-0.1220, -0.0635]], device='cuda:0')
3432 tensor([[ 0.1110,  0.1056],
        [ 0.0939,  0.0643],
        [-0.1265, -0.0937],
        [-0.1220, -0.0635]], device='cuda:0')
3433 tensor([[ 0.1110,  0.1057],
        [ 0.0939,  0.0643],
        [-0.1266, -0.0937],
        [-0.1219, -0.0634]], device='cuda:0')
3434 tensor([[ 0.1111,  0.1057],
        [ 0.0939,  0.0643],
        [-0.1267, -0.0937],
        [-0.1219, -0.0634]], device='cuda:0')
3435 tensor([[ 0.1111,  0.1058],
        [ 0.0938,  0.0642],
        [-0.1267, -0.0938],
        [-0.1219, -0.0634]], device='cuda:0')
3436 tensor([[ 0.1112,  0.1058],
        [ 0.0938,  0.0642],
        [-0.1268, -0.0938],
        [-0.1218, -0.0633]], device='cuda:0')
3437 tensor([[ 0.1113,  0.1058],
        [ 0.0938,  0.0642],
        [-0.1268, -0.0939],
        [-0.1218, -0.0633]], device='cuda:0')
3438 tensor([[ 0.1113,  0.1059],
        [ 0.0938,  0.0641],
        [-0.1269, -0.0939],
        [-0.1218, -0.0633]], device='cuda:0')
3439 tensor([[ 0.1114,  0.1059],
        [ 0.0937,  0.0641],
        [-0.1269, -0.0940],
        [-0.1217, -0.0632]], device='cuda:0')
3440 tensor([[ 0.1114,  0.1060],
        [ 0.0937,  0.0640],
        [-0.1270, -0.0940],
        [-0.1217, -0.0632]], device='cuda:0')
3441 tensor([[ 0.1115,  0.1060],
        [ 0.0937,  0.0640],
        [-0.1270, -0.0941],
        [-0.1217, -0.0632]], device='cuda:0')
3442 tensor([[ 0.1116,  0.1060],
        [ 0.0936,  0.0640],
        [-0.1271, -0.0941],
        [-0.1217, -0.0632]], device='cuda:0')
3443 tensor([[ 0.1116,  0.1061],
        [ 0.0936,  0.0640],
        [-0.1272, -0.0941],
        [-0.1217, -0.0631]], device='cuda:0')
3444 tensor([[ 0.1117,  0.1061],
        [ 0.0936,  0.0639],
        [-0.1272, -0.0942],
        [-0.1216, -0.0630]], device='cuda:0')
3445 tensor([[ 0.1117,  0.1062],
        [ 0.0936,  0.0639],
        [-0.1273, -0.0942],
        [-0.1216, -0.0630]], device='cuda:0')
3446 tensor([[ 0.1118,  0.1062],
        [ 0.0935,  0.0639],
        [-0.1273, -0.0942],
        [-0.1216, -0.0629]], device='cuda:0')
3447 tensor([[ 0.1118,  0.1062],
        [ 0.0935,  0.0638],
        [-0.1274, -0.0943],
        [-0.1216, -0.0629]], device='cuda:0')
3448 tensor([[ 0.1119,  0.1063],
        [ 0.0935,  0.0638],
        [-0.1274, -0.0943],
        [-0.1215, -0.0628]], device='cuda:0')
3449 tensor([[ 0.1119,  0.1063],
        [ 0.0934,  0.0637],
        [-0.1275, -0.0943],
        [-0.1215, -0.0628]], device='cuda:0')
3450 tensor([[ 0.1120,  0.1064],
        [ 0.0934,  0.0637],
        [-0.1276, -0.0944],
        [-0.1215, -0.0627]], device='cuda:0')
3451 tensor([[ 0.1120,  0.1064],
        [ 0.0934,  0.0636],
        [-0.1276, -0.0944],
        [-0.1215, -0.0627]], device='cuda:0')
3452 tensor([[ 0.1121,  0.1064],
        [ 0.0933,  0.0636],
        [-0.1277, -0.0944],
        [-0.1215, -0.0626]], device='cuda:0')
3453 tensor([[ 0.1121,  0.1065],
        [ 0.0933,  0.0635],
        [-0.1277, -0.0945],
        [-0.1214, -0.0626]], device='cuda:0')
3454 tensor([[ 0.1122,  0.1065],
        [ 0.0933,  0.0635],
        [-0.1278, -0.0945],
        [-0.1214, -0.0625]], device='cuda:0')
3455 tensor([[ 0.1122,  0.1066],
        [ 0.0932,  0.0634],
        [-0.1278, -0.0945],
        [-0.1214, -0.0625]], device='cuda:0')
3456 tensor([[ 0.1123,  0.1066],
        [ 0.0932,  0.0634],
        [-0.1279, -0.0946],
        [-0.1214, -0.0624]], device='cuda:0')
3457 tensor([[ 0.1123,  0.1066],
        [ 0.0932,  0.0633],
        [-0.1279, -0.0946],
        [-0.1214, -0.0624]], device='cuda:0')
3458 tensor([[ 0.1123,  0.1067],
        [ 0.0932,  0.0633],
        [-0.1280, -0.0946],
        [-0.1213, -0.0623]], device='cuda:0')
3459 tensor([[ 0.1124,  0.1067],
        [ 0.0931,  0.0633],
        [-0.1281, -0.0946],
        [-0.1213, -0.0622]], device='cuda:0')
3460 tensor([[ 0.1124,  0.1067],
        [ 0.0931,  0.0632],
        [-0.1281, -0.0946],
        [-0.1213, -0.0621]], device='cuda:0')
3461 tensor([[ 0.1125,  0.1067],
        [ 0.0931,  0.0632],
        [-0.1282, -0.0946],
        [-0.1213, -0.0621]], device='cuda:0')
3462 tensor([[ 0.1125,  0.1067],
        [ 0.0930,  0.0631],
        [-0.1282, -0.0946],
        [-0.1213, -0.0620]], device='cuda:0')
3463 tensor([[ 0.1126,  0.1067],
        [ 0.0930,  0.0630],
        [-0.1283, -0.0946],
        [-0.1213, -0.0619]], device='cuda:0')
3464 tensor([[ 0.1126,  0.1067],
        [ 0.0930,  0.0630],
        [-0.1283, -0.0946],
        [-0.1212, -0.0618]], device='cuda:0')
3465 tensor([[ 0.1127,  0.1067],
        [ 0.0929,  0.0629],
        [-0.1284, -0.0946],
        [-0.1212, -0.0618]], device='cuda:0')
3466 tensor([[ 0.1127,  0.1067],
        [ 0.0929,  0.0628],
        [-0.1284, -0.0946],
        [-0.1212, -0.0617]], device='cuda:0')
3467 tensor([[ 0.1128,  0.1067],
        [ 0.0929,  0.0628],
        [-0.1285, -0.0946],
        [-0.1212, -0.0616]], device='cuda:0')
3468 tensor([[ 0.1128,  0.1067],
        [ 0.0929,  0.0627],
        [-0.1285, -0.0946],
        [-0.1212, -0.0615]], device='cuda:0')
3469 tensor([[ 0.1128,  0.1067],
        [ 0.0928,  0.0626],
        [-0.1286, -0.0946],
        [-0.1211, -0.0615]], device='cuda:0')
3470 tensor([[ 0.1129,  0.1067],
        [ 0.0928,  0.0626],
        [-0.1286, -0.0946],
        [-0.1211, -0.0614]], device='cuda:0')
3471 tensor([[ 0.1129,  0.1067],
        [ 0.0928,  0.0625],
        [-0.1287, -0.0946],
        [-0.1211, -0.0613]], device='cuda:0')
3472 tensor([[ 0.1130,  0.1067],
        [ 0.0927,  0.0624],
        [-0.1287, -0.0946],
        [-0.1211, -0.0613]], device='cuda:0')
3473 tensor([[ 0.1130,  0.1067],
        [ 0.0927,  0.0624],
        [-0.1288, -0.0945],
        [-0.1211, -0.0612]], device='cuda:0')
3474 tensor([[ 0.1131,  0.1067],
        [ 0.0927,  0.0623],
        [-0.1288, -0.0945],
        [-0.1211, -0.0611]], device='cuda:0')
3475 tensor([[ 0.1131,  0.1067],
        [ 0.0927,  0.0622],
        [-0.1289, -0.0944],
        [-0.1210, -0.0610]], device='cuda:0')
3476 tensor([[ 0.1131,  0.1066],
        [ 0.0926,  0.0621],
        [-0.1289, -0.0944],
        [-0.1210, -0.0609]], device='cuda:0')
3477 tensor([[ 0.1132,  0.1066],
        [ 0.0926,  0.0621],
        [-0.1290, -0.0943],
        [-0.1210, -0.0608]], device='cuda:0')
3478 tensor([[ 0.1132,  0.1066],
        [ 0.0926,  0.0620],
        [-0.1290, -0.0943],
        [-0.1210, -0.0607]], device='cuda:0')
3479 tensor([[ 0.1133,  0.1065],
        [ 0.0926,  0.0619],
        [-0.1291, -0.0943],
        [-0.1210, -0.0606]], device='cuda:0')
3480 tensor([[ 0.1133,  0.1065],
        [ 0.0925,  0.0618],
        [-0.1291, -0.0942],
        [-0.1210, -0.0605]], device='cuda:0')
3481 tensor([[ 0.1134,  0.1065],
        [ 0.0925,  0.0617],
        [-0.1292, -0.0942],
        [-0.1209, -0.0604]], device='cuda:0')
3482 tensor([[ 0.1134,  0.1064],
        [ 0.0925,  0.0616],
        [-0.1292, -0.0941],
        [-0.1209, -0.0603]], device='cuda:0')
3483 tensor([[ 0.1134,  0.1064],
        [ 0.0924,  0.0615],
        [-0.1293, -0.0941],
        [-0.1209, -0.0602]], device='cuda:0')
3484 tensor([[ 0.1135,  0.1064],
        [ 0.0924,  0.0614],
        [-0.1293, -0.0941],
        [-0.1209, -0.0601]], device='cuda:0')
3485 tensor([[ 0.1135,  0.1063],
        [ 0.0924,  0.0613],
        [-0.1294, -0.0940],
        [-0.1209, -0.0600]], device='cuda:0')
3486 tensor([[ 0.1136,  0.1063],
        [ 0.0924,  0.0613],
        [-0.1294, -0.0940],
        [-0.1209, -0.0599]], device='cuda:0')
3487 tensor([[ 0.1136,  0.1063],
        [ 0.0923,  0.0612],
        [-0.1295, -0.0940],
        [-0.1208, -0.0598]], device='cuda:0')
3488 tensor([[ 0.1136,  0.1062],
        [ 0.0923,  0.0611],
        [-0.1295, -0.0939],
        [-0.1208, -0.0597]], device='cuda:0')
3489 tensor([[ 0.1137,  0.1062],
        [ 0.0923,  0.0610],
        [-0.1295, -0.0939],
        [-0.1207, -0.0597]], device='cuda:0')
3490 tensor([[ 0.1137,  0.1061],
        [ 0.0922,  0.0609],
        [-0.1295, -0.0939],
        [-0.1207, -0.0596]], device='cuda:0')
3491 tensor([[ 0.1137,  0.1061],
        [ 0.0922,  0.0608],
        [-0.1295, -0.0938],
        [-0.1206, -0.0595]], device='cuda:0')
3492 tensor([[ 0.1137,  0.1061],
        [ 0.0921,  0.0607],
        [-0.1295, -0.0938],
        [-0.1205, -0.0594]], device='cuda:0')
3493 tensor([[ 0.1137,  0.1060],
        [ 0.0920,  0.0606],
        [-0.1295, -0.0938],
        [-0.1205, -0.0593]], device='cuda:0')
3494 tensor([[ 0.1137,  0.1060],
        [ 0.0920,  0.0606],
        [-0.1295, -0.0937],
        [-0.1204, -0.0592]], device='cuda:0')
3495 tensor([[ 0.1137,  0.1060],
        [ 0.0919,  0.0605],
        [-0.1295, -0.0937],
        [-0.1204, -0.0591]], device='cuda:0')
3496 tensor([[ 0.1137,  0.1059],
        [ 0.0919,  0.0604],
        [-0.1295, -0.0937],
        [-0.1203, -0.0591]], device='cuda:0')
3497 tensor([[ 0.1137,  0.1059],
        [ 0.0918,  0.0603],
        [-0.1295, -0.0936],
        [-0.1203, -0.0590]], device='cuda:0')
3498 tensor([[ 0.1137,  0.1059],
        [ 0.0918,  0.0602],
        [-0.1295, -0.0936],
        [-0.1202, -0.0589]], device='cuda:0')
3499 tensor([[ 0.1137,  0.1058],
        [ 0.0917,  0.0601],
        [-0.1295, -0.0936],
        [-0.1202, -0.0588]], device='cuda:0')
3500 tensor([[ 0.1137,  0.1058],
        [ 0.0917,  0.0600],
        [-0.1295, -0.0936],
        [-0.1201, -0.0587]], device='cuda:0')
3501 tensor([[ 0.1137,  0.1058],
        [ 0.0916,  0.0600],
        [-0.1295, -0.0935],
        [-0.1201, -0.0587]], device='cuda:0')
3502 tensor([[ 0.1137,  0.1057],
        [ 0.0916,  0.0599],
        [-0.1295, -0.0935],
        [-0.1200, -0.0586]], device='cuda:0')
3503 tensor([[ 0.1138,  0.1057],
        [ 0.0915,  0.0598],
        [-0.1295, -0.0935],
        [-0.1199, -0.0585]], device='cuda:0')
3504 tensor([[ 0.1137,  0.1057],
        [ 0.0915,  0.0597],
        [-0.1294, -0.0934],
        [-0.1198, -0.0584]], device='cuda:0')
3505 tensor([[ 0.1137,  0.1056],
        [ 0.0914,  0.0596],
        [-0.1294, -0.0934],
        [-0.1197, -0.0584]], device='cuda:0')
3506 tensor([[ 0.1137,  0.1056],
        [ 0.0913,  0.0595],
        [-0.1294, -0.0934],
        [-0.1197, -0.0583]], device='cuda:0')
3507 tensor([[ 0.1136,  0.1055],
        [ 0.0912,  0.0595],
        [-0.1293, -0.0934],
        [-0.1196, -0.0582]], device='cuda:0')
3508 tensor([[ 0.1136,  0.1055],
        [ 0.0911,  0.0594],
        [-0.1293, -0.0933],
        [-0.1195, -0.0581]], device='cuda:0')
3509 tensor([[ 0.1136,  0.1055],
        [ 0.0911,  0.0593],
        [-0.1293, -0.0933],
        [-0.1194, -0.0581]], device='cuda:0')
3510 tensor([[ 0.1136,  0.1054],
        [ 0.0910,  0.0592],
        [-0.1292, -0.0933],
        [-0.1193, -0.0580]], device='cuda:0')
3511 tensor([[ 0.1135,  0.1054],
        [ 0.0909,  0.0591],
        [-0.1292, -0.0933],
        [-0.1192, -0.0579]], device='cuda:0')
3512 tensor([[ 0.1135,  0.1054],
        [ 0.0908,  0.0591],
        [-0.1292, -0.0932],
        [-0.1192, -0.0578]], device='cuda:0')
3513 tensor([[ 0.1135,  0.1053],
        [ 0.0908,  0.0590],
        [-0.1291, -0.0932],
        [-0.1191, -0.0578]], device='cuda:0')
3514 tensor([[ 0.1134,  0.1053],
        [ 0.0907,  0.0589],
        [-0.1291, -0.0932],
        [-0.1190, -0.0577]], device='cuda:0')
3515 tensor([[ 0.1134,  0.1053],
        [ 0.0906,  0.0588],
        [-0.1291, -0.0931],
        [-0.1189, -0.0576]], device='cuda:0')
3516 tensor([[ 0.1134,  0.1052],
        [ 0.0905,  0.0587],
        [-0.1291, -0.0931],
        [-0.1189, -0.0575]], device='cuda:0')
3517 tensor([[ 0.1134,  0.1052],
        [ 0.0904,  0.0587],
        [-0.1290, -0.0931],
        [-0.1188, -0.0575]], device='cuda:0')
3518 tensor([[ 0.1133,  0.1052],
        [ 0.0904,  0.0586],
        [-0.1290, -0.0930],
        [-0.1187, -0.0574]], device='cuda:0')
3519 tensor([[ 0.1133,  0.1052],
        [ 0.0903,  0.0585],
        [-0.1290, -0.0930],
        [-0.1187, -0.0573]], device='cuda:0')
3520 tensor([[ 0.1133,  0.1051],
        [ 0.0902,  0.0585],
        [-0.1290, -0.0929],
        [-0.1186, -0.0572]], device='cuda:0')
3521 tensor([[ 0.1132,  0.1050],
        [ 0.0901,  0.0584],
        [-0.1289, -0.0928],
        [-0.1185, -0.0570]], device='cuda:0')
3522 tensor([[ 0.1132,  0.1050],
        [ 0.0901,  0.0583],
        [-0.1289, -0.0928],
        [-0.1184, -0.0569]], device='cuda:0')
3523 tensor([[ 0.1132,  0.1049],
        [ 0.0900,  0.0582],
        [-0.1289, -0.0927],
        [-0.1184, -0.0568]], device='cuda:0')
3524 tensor([[ 0.1132,  0.1049],
        [ 0.0899,  0.0581],
        [-0.1289, -0.0926],
        [-0.1183, -0.0567]], device='cuda:0')
3525 tensor([[ 0.1131,  0.1048],
        [ 0.0898,  0.0580],
        [-0.1288, -0.0926],
        [-0.1182, -0.0566]], device='cuda:0')
3526 tensor([[ 0.1131,  0.1048],
        [ 0.0898,  0.0579],
        [-0.1288, -0.0925],
        [-0.1182, -0.0565]], device='cuda:0')
3527 tensor([[ 0.1131,  0.1047],
        [ 0.0897,  0.0578],
        [-0.1288, -0.0925],
        [-0.1181, -0.0564]], device='cuda:0')
3528 tensor([[ 0.1130,  0.1046],
        [ 0.0896,  0.0577],
        [-0.1288, -0.0924],
        [-0.1180, -0.0563]], device='cuda:0')
3529 tensor([[ 0.1130,  0.1046],
        [ 0.0895,  0.0576],
        [-0.1287, -0.0923],
        [-0.1180, -0.0562]], device='cuda:0')
3530 tensor([[ 0.1130,  0.1045],
        [ 0.0895,  0.0575],
        [-0.1287, -0.0923],
        [-0.1179, -0.0561]], device='cuda:0')
3531 tensor([[ 0.1129,  0.1045],
        [ 0.0894,  0.0574],
        [-0.1287, -0.0922],
        [-0.1178, -0.0561]], device='cuda:0')
3532 tensor([[ 0.1129,  0.1044],
        [ 0.0893,  0.0573],
        [-0.1287, -0.0922],
        [-0.1178, -0.0560]], device='cuda:0')
3533 tensor([[ 0.1129,  0.1044],
        [ 0.0892,  0.0572],
        [-0.1286, -0.0921],
        [-0.1177, -0.0559]], device='cuda:0')
3534 tensor([[ 0.1129,  0.1043],
        [ 0.0892,  0.0571],
        [-0.1286, -0.0921],
        [-0.1176, -0.0558]], device='cuda:0')
3535 tensor([[ 0.1128,  0.1043],
        [ 0.0891,  0.0570],
        [-0.1285, -0.0920],
        [-0.1175, -0.0557]], device='cuda:0')
3536 tensor([[ 0.1128,  0.1042],
        [ 0.0890,  0.0569],
        [-0.1284, -0.0920],
        [-0.1174, -0.0556]], device='cuda:0')
3537 tensor([[ 0.1127,  0.1041],
        [ 0.0889,  0.0569],
        [-0.1284, -0.0919],
        [-0.1173, -0.0555]], device='cuda:0')
3538 tensor([[ 0.1127,  0.1041],
        [ 0.0888,  0.0568],
        [-0.1283, -0.0919],
        [-0.1172, -0.0554]], device='cuda:0')
3539 tensor([[ 0.1126,  0.1040],
        [ 0.0887,  0.0567],
        [-0.1283, -0.0918],
        [-0.1171, -0.0553]], device='cuda:0')
3540 tensor([[ 0.1125,  0.1040],
        [ 0.0886,  0.0566],
        [-0.1282, -0.0918],
        [-0.1170, -0.0553]], device='cuda:0')
3541 tensor([[ 0.1125,  0.1039],
        [ 0.0885,  0.0565],
        [-0.1281, -0.0917],
        [-0.1169, -0.0552]], device='cuda:0')
3542 tensor([[ 0.1124,  0.1039],
        [ 0.0884,  0.0564],
        [-0.1281, -0.0917],
        [-0.1168, -0.0551]], device='cuda:0')
3543 tensor([[ 0.1124,  0.1038],
        [ 0.0883,  0.0563],
        [-0.1280, -0.0916],
        [-0.1167, -0.0550]], device='cuda:0')
3544 tensor([[ 0.1123,  0.1038],
        [ 0.0882,  0.0562],
        [-0.1280, -0.0916],
        [-0.1166, -0.0549]], device='cuda:0')
3545 tensor([[ 0.1123,  0.1037],
        [ 0.0881,  0.0561],
        [-0.1279, -0.0915],
        [-0.1165, -0.0548]], device='cuda:0')
3546 tensor([[ 0.1122,  0.1036],
        [ 0.0880,  0.0560],
        [-0.1279, -0.0915],
        [-0.1164, -0.0548]], device='cuda:0')
3547 tensor([[ 0.1122,  0.1036],
        [ 0.0879,  0.0560],
        [-0.1278, -0.0914],
        [-0.1164, -0.0547]], device='cuda:0')
3548 tensor([[ 0.1121,  0.1035],
        [ 0.0879,  0.0559],
        [-0.1277, -0.0914],
        [-0.1162, -0.0546]], device='cuda:0')
3549 tensor([[ 0.1121,  0.1035],
        [ 0.0878,  0.0558],
        [-0.1277, -0.0913],
        [-0.1161, -0.0545]], device='cuda:0')
3550 tensor([[ 0.1120,  0.1034],
        [ 0.0877,  0.0557],
        [-0.1276, -0.0913],
        [-0.1160, -0.0544]], device='cuda:0')
3551 tensor([[ 0.1119,  0.1034],
        [ 0.0876,  0.0556],
        [-0.1275, -0.0912],
        [-0.1159, -0.0543]], device='cuda:0')
3552 tensor([[ 0.1119,  0.1033],
        [ 0.0875,  0.0555],
        [-0.1274, -0.0912],
        [-0.1158, -0.0543]], device='cuda:0')
3553 tensor([[ 0.1118,  0.1033],
        [ 0.0874,  0.0554],
        [-0.1273, -0.0911],
        [-0.1157, -0.0542]], device='cuda:0')
3554 tensor([[ 0.1117,  0.1032],
        [ 0.0872,  0.0554],
        [-0.1272, -0.0911],
        [-0.1155, -0.0541]], device='cuda:0')
3555 tensor([[ 0.1116,  0.1032],
        [ 0.0871,  0.0553],
        [-0.1272, -0.0910],
        [-0.1154, -0.0540]], device='cuda:0')
3556 tensor([[ 0.1115,  0.1031],
        [ 0.0870,  0.0552],
        [-0.1271, -0.0910],
        [-0.1153, -0.0540]], device='cuda:0')
3557 tensor([[ 0.1115,  0.1031],
        [ 0.0869,  0.0551],
        [-0.1270, -0.0910],
        [-0.1152, -0.0539]], device='cuda:0')
3558 tensor([[ 0.1114,  0.1030],
        [ 0.0868,  0.0550],
        [-0.1269, -0.0909],
        [-0.1151, -0.0538]], device='cuda:0')
3559 tensor([[ 0.1113,  0.1030],
        [ 0.0867,  0.0549],
        [-0.1268, -0.0909],
        [-0.1150, -0.0537]], device='cuda:0')
3560 tensor([[ 0.1112,  0.1029],
        [ 0.0866,  0.0549],
        [-0.1268, -0.0908],
        [-0.1149, -0.0536]], device='cuda:0')
3561 tensor([[ 0.1112,  0.1029],
        [ 0.0865,  0.0548],
        [-0.1267, -0.0908],
        [-0.1148, -0.0536]], device='cuda:0')
3562 tensor([[ 0.1111,  0.1028],
        [ 0.0864,  0.0547],
        [-0.1266, -0.0907],
        [-0.1147, -0.0535]], device='cuda:0')
3563 tensor([[ 0.1110,  0.1028],
        [ 0.0863,  0.0546],
        [-0.1265, -0.0907],
        [-0.1146, -0.0534]], device='cuda:0')
3564 tensor([[ 0.1109,  0.1027],
        [ 0.0862,  0.0545],
        [-0.1265, -0.0906],
        [-0.1145, -0.0533]], device='cuda:0')
3565 tensor([[ 0.1109,  0.1026],
        [ 0.0860,  0.0545],
        [-0.1264, -0.0905],
        [-0.1144, -0.0532]], device='cuda:0')
3566 tensor([[ 0.1108,  0.1026],
        [ 0.0859,  0.0544],
        [-0.1263, -0.0904],
        [-0.1143, -0.0531]], device='cuda:0')
3567 tensor([[ 0.1107,  0.1025],
        [ 0.0858,  0.0543],
        [-0.1263, -0.0903],
        [-0.1142, -0.0530]], device='cuda:0')
3568 tensor([[ 0.1106,  0.1024],
        [ 0.0857,  0.0542],
        [-0.1262, -0.0903],
        [-0.1141, -0.0529]], device='cuda:0')
3569 tensor([[ 0.1105,  0.1023],
        [ 0.0856,  0.0541],
        [-0.1261, -0.0902],
        [-0.1140, -0.0528]], device='cuda:0')
3570 tensor([[ 0.1105,  0.1023],
        [ 0.0855,  0.0540],
        [-0.1260, -0.0901],
        [-0.1139, -0.0527]], device='cuda:0')
3571 tensor([[ 0.1104,  0.1022],
        [ 0.0854,  0.0539],
        [-0.1260, -0.0900],
        [-0.1138, -0.0526]], device='cuda:0')
3572 tensor([[ 0.1103,  0.1021],
        [ 0.0853,  0.0538],
        [-0.1259, -0.0899],
        [-0.1137, -0.0525]], device='cuda:0')
3573 tensor([[ 0.1102,  0.1021],
        [ 0.0852,  0.0537],
        [-0.1258, -0.0899],
        [-0.1136, -0.0524]], device='cuda:0')
3574 tensor([[ 0.1102,  0.1020],
        [ 0.0851,  0.0537],
        [-0.1258, -0.0898],
        [-0.1135, -0.0523]], device='cuda:0')
3575 tensor([[ 0.1101,  0.1019],
        [ 0.0850,  0.0536],
        [-0.1257, -0.0897],
        [-0.1135, -0.0522]], device='cuda:0')
3576 tensor([[ 0.1100,  0.1018],
        [ 0.0849,  0.0535],
        [-0.1256, -0.0897],
        [-0.1134, -0.0521]], device='cuda:0')
3577 tensor([[ 0.1100,  0.1018],
        [ 0.0848,  0.0534],
        [-0.1256, -0.0896],
        [-0.1133, -0.0520]], device='cuda:0')
3578 tensor([[ 0.1099,  0.1017],
        [ 0.0847,  0.0533],
        [-0.1255, -0.0895],
        [-0.1132, -0.0519]], device='cuda:0')
3579 tensor([[ 0.1098,  0.1016],
        [ 0.0846,  0.0532],
        [-0.1254, -0.0895],
        [-0.1130, -0.0519]], device='cuda:0')
3580 tensor([[ 0.1098,  0.1016],
        [ 0.0845,  0.0531],
        [-0.1253, -0.0894],
        [-0.1129, -0.0518]], device='cuda:0')
3581 tensor([[ 0.1097,  0.1015],
        [ 0.0844,  0.0530],
        [-0.1252, -0.0893],
        [-0.1128, -0.0517]], device='cuda:0')
3582 tensor([[ 0.1096,  0.1014],
        [ 0.0843,  0.0529],
        [-0.1251, -0.0893],
        [-0.1127, -0.0516]], device='cuda:0')
3583 tensor([[ 0.1095,  0.1014],
        [ 0.0842,  0.0528],
        [-0.1250, -0.0892],
        [-0.1126, -0.0515]], device='cuda:0')
3584 tensor([[ 0.1094,  0.1013],
        [ 0.0841,  0.0528],
        [-0.1249, -0.0891],
        [-0.1125, -0.0514]], device='cuda:0')
3585 tensor([[ 0.1093,  0.1012],
        [ 0.0840,  0.0527],
        [-0.1248, -0.0891],
        [-0.1123, -0.0513]], device='cuda:0')
3586 tensor([[ 0.1092,  0.1011],
        [ 0.0839,  0.0526],
        [-0.1247, -0.0890],
        [-0.1122, -0.0513]], device='cuda:0')
3587 tensor([[ 0.1091,  0.1011],
        [ 0.0838,  0.0525],
        [-0.1246, -0.0889],
        [-0.1121, -0.0512]], device='cuda:0')
3588 tensor([[ 0.1090,  0.1010],
        [ 0.0836,  0.0524],
        [-0.1245, -0.0889],
        [-0.1120, -0.0511]], device='cuda:0')
3589 tensor([[ 0.1089,  0.1009],
        [ 0.0835,  0.0523],
        [-0.1244, -0.0888],
        [-0.1119, -0.0510]], device='cuda:0')
3590 tensor([[ 0.1088,  0.1009],
        [ 0.0834,  0.0522],
        [-0.1244, -0.0887],
        [-0.1118, -0.0509]], device='cuda:0')
3591 tensor([[ 0.1088,  0.1008],
        [ 0.0833,  0.0521],
        [-0.1243, -0.0887],
        [-0.1117, -0.0509]], device='cuda:0')
3592 tensor([[ 0.1087,  0.1007],
        [ 0.0832,  0.0521],
        [-0.1242, -0.0886],
        [-0.1116, -0.0508]], device='cuda:0')
3593 tensor([[ 0.1086,  0.1007],
        [ 0.0831,  0.0520],
        [-0.1241, -0.0885],
        [-0.1115, -0.0507]], device='cuda:0')
3594 tensor([[ 0.1085,  0.1006],
        [ 0.0830,  0.0519],
        [-0.1240, -0.0884],
        [-0.1114, -0.0506]], device='cuda:0')
3595 tensor([[ 0.1084,  0.1006],
        [ 0.0829,  0.0518],
        [-0.1240, -0.0883],
        [-0.1113, -0.0505]], device='cuda:0')
3596 tensor([[ 0.1083,  0.1005],
        [ 0.0828,  0.0518],
        [-0.1239, -0.0883],
        [-0.1112, -0.0504]], device='cuda:0')
3597 tensor([[ 0.1082,  0.1004],
        [ 0.0827,  0.0517],
        [-0.1238, -0.0882],
        [-0.1111, -0.0503]], device='cuda:0')
3598 tensor([[ 0.1081,  0.1003],
        [ 0.0826,  0.0516],
        [-0.1237, -0.0881],
        [-0.1110, -0.0502]], device='cuda:0')
3599 tensor([[ 0.1081,  0.1002],
        [ 0.0825,  0.0515],
        [-0.1236, -0.0880],
        [-0.1109, -0.0501]], device='cuda:0')
3600 tensor([[ 0.1080,  0.1001],
        [ 0.0824,  0.0514],
        [-0.1236, -0.0879],
        [-0.1109, -0.0500]], device='cuda:0')
3601 tensor([[ 0.1079,  0.1000],
        [ 0.0822,  0.0513],
        [-0.1235, -0.0878],
        [-0.1108, -0.0499]], device='cuda:0')
3602 tensor([[ 0.1078,  0.1000],
        [ 0.0821,  0.0512],
        [-0.1234, -0.0877],
        [-0.1107, -0.0498]], device='cuda:0')
3603 tensor([[ 0.1077,  0.0999],
        [ 0.0820,  0.0511],
        [-0.1233, -0.0876],
        [-0.1106, -0.0497]], device='cuda:0')
3604 tensor([[ 0.1076,  0.0998],
        [ 0.0819,  0.0510],
        [-0.1232, -0.0875],
        [-0.1105, -0.0496]], device='cuda:0')
3605 tensor([[ 0.1075,  0.0997],
        [ 0.0818,  0.0509],
        [-0.1232, -0.0875],
        [-0.1104, -0.0495]], device='cuda:0')
3606 tensor([[ 0.1075,  0.0996],
        [ 0.0817,  0.0508],
        [-0.1231, -0.0874],
        [-0.1103, -0.0494]], device='cuda:0')
3607 tensor([[ 0.1074,  0.0995],
        [ 0.0816,  0.0508],
        [-0.1230, -0.0873],
        [-0.1102, -0.0493]], device='cuda:0')
3608 tensor([[ 0.1073,  0.0995],
        [ 0.0815,  0.0507],
        [-0.1229, -0.0872],
        [-0.1101, -0.0492]], device='cuda:0')
3609 tensor([[ 0.1072,  0.0994],
        [ 0.0814,  0.0506],
        [-0.1229, -0.0871],
        [-0.1100, -0.0491]], device='cuda:0')
3610 tensor([[ 0.1071,  0.0993],
        [ 0.0813,  0.0505],
        [-0.1228, -0.0870],
        [-0.1099, -0.0490]], device='cuda:0')
3611 tensor([[ 0.1070,  0.0993],
        [ 0.0812,  0.0504],
        [-0.1227, -0.0869],
        [-0.1099, -0.0489]], device='cuda:0')
3612 tensor([[ 0.1070,  0.0992],
        [ 0.0811,  0.0503],
        [-0.1226, -0.0868],
        [-0.1098, -0.0488]], device='cuda:0')
3613 tensor([[ 0.1069,  0.0991],
        [ 0.0810,  0.0502],
        [-0.1226, -0.0867],
        [-0.1097, -0.0487]], device='cuda:0')
3614 tensor([[ 0.1068,  0.0990],
        [ 0.0809,  0.0501],
        [-0.1225, -0.0866],
        [-0.1096, -0.0485]], device='cuda:0')
