5197 0
5197 1
5197 2
5197 3
5197 4
5211 3
5212 0
5212 2
5212 4
5213 1
5225 3
5227 0
5227 2
5227 5
5229 1
5241 3
5242 0
5242 2
5242 5
5243 1
5257 0
5257 1
5257 2
5257 3
5257 5
5271 1
5272 0
5272 2
5272 5
5273 3
5285 1
5287 0
5287 2
5287 5
5289 3
5299 1
5302 0
5302 2
5302 5
5305 3
5313 1
5317 0
5317 2
5317 4
5321 3
5329 1
5331 0
5332 5
5333 2
5335 3
5343 1
5346 0
5347 4
5348 2
5351 3
5359 1
5361 0
5362 5
5363 2
5365 3
5373 1
5375 0
5377 5
5379 2
5381 3
5387 1
5390 0
5392 4
5394 2
5397 3
5403 1
5405 0
5407 5
5409 2
5411 3
5417 1
5419 0
5422 4
5425 2
5427 3
5432 1
5434 0
5437 5
5440 2
5442 3
5446 1
5448 0
5452 5
5456 2
5458 3
