20940 tensor([[ 0.8190,  0.1119],
        [ 0.4157, -0.4693],
        [-0.8279, -0.0979],
        [-0.4418,  0.4773]], device='cuda:0')
20941 tensor([[ 0.8190,  0.1118],
        [ 0.4156, -0.4695],
        [-0.8279, -0.0978],
        [-0.4417,  0.4774]], device='cuda:0')
20942 tensor([[ 0.8190,  0.1117],
        [ 0.4156, -0.4696],
        [-0.8279, -0.0977],
        [-0.4416,  0.4776]], device='cuda:0')
20943 tensor([[ 0.8190,  0.1115],
        [ 0.4155, -0.4698],
        [-0.8279, -0.0976],
        [-0.4415,  0.4778]], device='cuda:0')
20944 tensor([[ 0.8191,  0.1114],
        [ 0.4154, -0.4700],
        [-0.8278, -0.0974],
        [-0.4415,  0.4780]], device='cuda:0')
20945 tensor([[ 0.8191,  0.1113],
        [ 0.4154, -0.4701],
        [-0.8278, -0.0973],
        [-0.4414,  0.4781]], device='cuda:0')
20946 tensor([[ 0.8191,  0.1112],
        [ 0.4153, -0.4703],
        [-0.8278, -0.0972],
        [-0.4413,  0.4783]], device='cuda:0')
20947 tensor([[ 0.8191,  0.1111],
        [ 0.4152, -0.4705],
        [-0.8278, -0.0971],
        [-0.4412,  0.4785]], device='cuda:0')
20948 tensor([[ 0.8191,  0.1109],
        [ 0.4152, -0.4706],
        [-0.8278, -0.0970],
        [-0.4411,  0.4786]], device='cuda:0')
20949 tensor([[ 0.8192,  0.1108],
        [ 0.4151, -0.4708],
        [-0.8278, -0.0969],
        [-0.4410,  0.4788]], device='cuda:0')
20950 tensor([[ 0.8192,  0.1107],
        [ 0.4151, -0.4710],
        [-0.8278, -0.0968],
        [-0.4409,  0.4790]], device='cuda:0')
20951 tensor([[ 0.8193,  0.1106],
        [ 0.4150, -0.4711],
        [-0.8279, -0.0967],
        [-0.4409,  0.4791]], device='cuda:0')
20952 tensor([[ 0.8193,  0.1105],
        [ 0.4150, -0.4713],
        [-0.8279, -0.0965],
        [-0.4408,  0.4793]], device='cuda:0')
20953 tensor([[ 0.8194,  0.1104],
        [ 0.4149, -0.4715],
        [-0.8279, -0.0964],
        [-0.4407,  0.4794]], device='cuda:0')
20954 tensor([[ 0.8194,  0.1102],
        [ 0.4149, -0.4716],
        [-0.8279, -0.0963],
        [-0.4406,  0.4796]], device='cuda:0')
20955 tensor([[ 0.8195,  0.1101],
        [ 0.4148, -0.4718],
        [-0.8279, -0.0962],
        [-0.4405,  0.4797]], device='cuda:0')
20956 tensor([[ 0.8195,  0.1100],
        [ 0.4147, -0.4719],
        [-0.8280, -0.0961],
        [-0.4404,  0.4799]], device='cuda:0')
20957 tensor([[ 0.8196,  0.1099],
        [ 0.4147, -0.4721],
        [-0.8280, -0.0960],
        [-0.4404,  0.4801]], device='cuda:0')
20958 tensor([[ 0.8196,  0.1098],
        [ 0.4146, -0.4723],
        [-0.8280, -0.0959],
        [-0.4403,  0.4802]], device='cuda:0')
20959 tensor([[ 0.8197,  0.1097],
        [ 0.4146, -0.4724],
        [-0.8280, -0.0958],
        [-0.4402,  0.4804]], device='cuda:0')
20960 tensor([[ 0.8197,  0.1096],
        [ 0.4145, -0.4726],
        [-0.8280, -0.0957],
        [-0.4401,  0.4805]], device='cuda:0')
20961 tensor([[ 0.8198,  0.1094],
        [ 0.4145, -0.4727],
        [-0.8281, -0.0956],
        [-0.4400,  0.4807]], device='cuda:0')
20962 tensor([[ 0.8198,  0.1093],
        [ 0.4144, -0.4729],
        [-0.8281, -0.0955],
        [-0.4400,  0.4808]], device='cuda:0')
20963 tensor([[ 0.8199,  0.1093],
        [ 0.4144, -0.4730],
        [-0.8281, -0.0954],
        [-0.4399,  0.4810]], device='cuda:0')
20964 tensor([[ 0.8199,  0.1092],
        [ 0.4143, -0.4732],
        [-0.8281, -0.0953],
        [-0.4398,  0.4812]], device='cuda:0')
20965 tensor([[ 0.8200,  0.1091],
        [ 0.4143, -0.4734],
        [-0.8281, -0.0952],
        [-0.4397,  0.4814]], device='cuda:0')
20966 tensor([[ 0.8200,  0.1091],
        [ 0.4142, -0.4736],
        [-0.8282, -0.0952],
        [-0.4397,  0.4816]], device='cuda:0')
20967 tensor([[ 0.8201,  0.1090],
        [ 0.4142, -0.4738],
        [-0.8282, -0.0951],
        [-0.4396,  0.4818]], device='cuda:0')
20968 tensor([[ 0.8201,  0.1089],
        [ 0.4141, -0.4740],
        [-0.8282, -0.0950],
        [-0.4395,  0.4820]], device='cuda:0')
20969 tensor([[ 0.8201,  0.1089],
        [ 0.4141, -0.4741],
        [-0.8282, -0.0950],
        [-0.4394,  0.4821]], device='cuda:0')
20970 tensor([[ 0.8202,  0.1088],
        [ 0.4140, -0.4743],
        [-0.8283, -0.0949],
        [-0.4394,  0.4823]], device='cuda:0')
20971 tensor([[ 0.8202,  0.1087],
        [ 0.4139, -0.4745],
        [-0.8283, -0.0948],
        [-0.4393,  0.4825]], device='cuda:0')
20972 tensor([[ 0.8203,  0.1087],
        [ 0.4139, -0.4747],
        [-0.8283, -0.0948],
        [-0.4392,  0.4827]], device='cuda:0')
20973 tensor([[ 0.8203,  0.1086],
        [ 0.4138, -0.4749],
        [-0.8283, -0.0947],
        [-0.4392,  0.4829]], device='cuda:0')
20974 tensor([[ 0.8203,  0.1086],
        [ 0.4138, -0.4750],
        [-0.8284, -0.0946],
        [-0.4391,  0.4831]], device='cuda:0')
20975 tensor([[ 0.8204,  0.1085],
        [ 0.4137, -0.4752],
        [-0.8284, -0.0946],
        [-0.4390,  0.4832]], device='cuda:0')
20976 tensor([[ 0.8204,  0.1084],
        [ 0.4137, -0.4754],
        [-0.8284, -0.0945],
        [-0.4390,  0.4834]], device='cuda:0')
20977 tensor([[ 0.8205,  0.1084],
        [ 0.4136, -0.4756],
        [-0.8284, -0.0945],
        [-0.4389,  0.4836]], device='cuda:0')
20978 tensor([[ 0.8205,  0.1083],
        [ 0.4136, -0.4757],
        [-0.8284, -0.0944],
        [-0.4388,  0.4838]], device='cuda:0')
20979 tensor([[ 0.8205,  0.1083],
        [ 0.4135, -0.4759],
        [-0.8285, -0.0944],
        [-0.4388,  0.4839]], device='cuda:0')
20980 tensor([[ 0.8206,  0.1083],
        [ 0.4135, -0.4761],
        [-0.8285, -0.0943],
        [-0.4387,  0.4841]], device='cuda:0')
20981 tensor([[ 0.8206,  0.1083],
        [ 0.4134, -0.4762],
        [-0.8285, -0.0943],
        [-0.4386,  0.4843]], device='cuda:0')
20982 tensor([[ 0.8207,  0.1082],
        [ 0.4134, -0.4764],
        [-0.8285, -0.0943],
        [-0.4386,  0.4845]], device='cuda:0')
20983 tensor([[ 0.8207,  0.1082],
        [ 0.4133, -0.4766],
        [-0.8286, -0.0943],
        [-0.4385,  0.4846]], device='cuda:0')
20984 tensor([[ 0.8207,  0.1082],
        [ 0.4133, -0.4767],
        [-0.8286, -0.0942],
        [-0.4384,  0.4848]], device='cuda:0')
20985 tensor([[ 0.8208,  0.1082],
        [ 0.4132, -0.4769],
        [-0.8286, -0.0942],
        [-0.4384,  0.4850]], device='cuda:0')
20986 tensor([[ 0.8208,  0.1081],
        [ 0.4132, -0.4771],
        [-0.8286, -0.0942],
        [-0.4383,  0.4852]], device='cuda:0')
20987 tensor([[ 0.8209,  0.1081],
        [ 0.4131, -0.4772],
        [-0.8287, -0.0942],
        [-0.4382,  0.4853]], device='cuda:0')
20988 tensor([[ 0.8209,  0.1081],
        [ 0.4131, -0.4774],
        [-0.8287, -0.0941],
        [-0.4382,  0.4855]], device='cuda:0')
20989 tensor([[ 0.8209,  0.1081],
        [ 0.4130, -0.4776],
        [-0.8287, -0.0941],
        [-0.4381,  0.4857]], device='cuda:0')
20990 tensor([[ 0.8210,  0.1081],
        [ 0.4130, -0.4777],
        [-0.8287, -0.0941],
        [-0.4380,  0.4858]], device='cuda:0')
20991 tensor([[ 0.8210,  0.1080],
        [ 0.4129, -0.4779],
        [-0.8287, -0.0941],
        [-0.4380,  0.4860]], device='cuda:0')
20992 tensor([[ 0.8210,  0.1080],
        [ 0.4129, -0.4781],
        [-0.8288, -0.0940],
        [-0.4379,  0.4861]], device='cuda:0')
20993 tensor([[ 0.8211,  0.1080],
        [ 0.4129, -0.4782],
        [-0.8288, -0.0940],
        [-0.4378,  0.4863]], device='cuda:0')
20994 tensor([[ 0.8212,  0.1079],
        [ 0.4129, -0.4784],
        [-0.8288, -0.0940],
        [-0.4378,  0.4865]], device='cuda:0')
20995 tensor([[ 0.8213,  0.1079],
        [ 0.4129, -0.4785],
        [-0.8289, -0.0940],
        [-0.4378,  0.4866]], device='cuda:0')
20996 tensor([[ 0.8214,  0.1079],
        [ 0.4129, -0.4787],
        [-0.8289, -0.0939],
        [-0.4378,  0.4868]], device='cuda:0')
20997 tensor([[ 0.8214,  0.1079],
        [ 0.4129, -0.4789],
        [-0.8290, -0.0939],
        [-0.4377,  0.4869]], device='cuda:0')
20998 tensor([[ 0.8215,  0.1078],
        [ 0.4129, -0.4790],
        [-0.8290, -0.0939],
        [-0.4377,  0.4871]], device='cuda:0')
20999 tensor([[ 0.8216,  0.1078],
        [ 0.4129, -0.4792],
        [-0.8291, -0.0939],
        [-0.4377,  0.4872]], device='cuda:0')
21000 tensor([[ 0.8217,  0.1078],
        [ 0.4129, -0.4793],
        [-0.8291, -0.0939],
        [-0.4376,  0.4874]], device='cuda:0')
21001 tensor([[ 0.8217,  0.1078],
        [ 0.4128, -0.4795],
        [-0.8292, -0.0938],
        [-0.4376,  0.4875]], device='cuda:0')
21002 tensor([[ 0.8218,  0.1077],
        [ 0.4128, -0.4797],
        [-0.8292, -0.0938],
        [-0.4376,  0.4877]], device='cuda:0')
21003 tensor([[ 0.8219,  0.1077],
        [ 0.4128, -0.4798],
        [-0.8293, -0.0938],
        [-0.4376,  0.4878]], device='cuda:0')
21004 tensor([[ 0.8220,  0.1077],
        [ 0.4128, -0.4800],
        [-0.8293, -0.0938],
        [-0.4375,  0.4880]], device='cuda:0')
21005 tensor([[ 0.8220,  0.1076],
        [ 0.4128, -0.4801],
        [-0.8294, -0.0938],
        [-0.4375,  0.4881]], device='cuda:0')
21006 tensor([[ 0.8221,  0.1076],
        [ 0.4128, -0.4803],
        [-0.8294, -0.0938],
        [-0.4375,  0.4883]], device='cuda:0')
21007 tensor([[ 0.8222,  0.1076],
        [ 0.4128, -0.4804],
        [-0.8295, -0.0937],
        [-0.4375,  0.4884]], device='cuda:0')
21008 tensor([[ 0.8223,  0.1076],
        [ 0.4128, -0.4806],
        [-0.8295, -0.0937],
        [-0.4374,  0.4886]], device='cuda:0')
21009 tensor([[ 0.8224,  0.1075],
        [ 0.4128, -0.4807],
        [-0.8296, -0.0937],
        [-0.4374,  0.4887]], device='cuda:0')
21010 tensor([[ 0.8225,  0.1075],
        [ 0.4128, -0.4809],
        [-0.8297, -0.0937],
        [-0.4374,  0.4889]], device='cuda:0')
21011 tensor([[ 0.8226,  0.1075],
        [ 0.4128, -0.4810],
        [-0.8298, -0.0937],
        [-0.4373,  0.4890]], device='cuda:0')
21012 tensor([[ 0.8227,  0.1075],
        [ 0.4128, -0.4812],
        [-0.8299, -0.0937],
        [-0.4373,  0.4891]], device='cuda:0')
21013 tensor([[ 0.8228,  0.1074],
        [ 0.4128, -0.4813],
        [-0.8299, -0.0936],
        [-0.4373,  0.4893]], device='cuda:0')
21014 tensor([[ 0.8230,  0.1074],
        [ 0.4128, -0.4815],
        [-0.8300, -0.0936],
        [-0.4373,  0.4894]], device='cuda:0')
21015 tensor([[ 0.8231,  0.1074],
        [ 0.4128, -0.4816],
        [-0.8301, -0.0936],
        [-0.4372,  0.4896]], device='cuda:0')
21016 tensor([[ 0.8232,  0.1073],
        [ 0.4128, -0.4818],
        [-0.8302, -0.0936],
        [-0.4372,  0.4897]], device='cuda:0')
21017 tensor([[ 0.8233,  0.1073],
        [ 0.4128, -0.4819],
        [-0.8303, -0.0936],
        [-0.4372,  0.4898]], device='cuda:0')
21018 tensor([[ 0.8234,  0.1073],
        [ 0.4128, -0.4821],
        [-0.8304, -0.0936],
        [-0.4372,  0.4900]], device='cuda:0')
21019 tensor([[ 0.8235,  0.1073],
        [ 0.4128, -0.4822],
        [-0.8304, -0.0935],
        [-0.4371,  0.4901]], device='cuda:0')
21020 tensor([[ 0.8236,  0.1072],
        [ 0.4128, -0.4823],
        [-0.8305, -0.0935],
        [-0.4371,  0.4902]], device='cuda:0')
21021 tensor([[ 0.8237,  0.1072],
        [ 0.4128, -0.4825],
        [-0.8306, -0.0935],
        [-0.4371,  0.4904]], device='cuda:0')
21022 tensor([[ 0.8238,  0.1072],
        [ 0.4128, -0.4826],
        [-0.8307, -0.0935],
        [-0.4371,  0.4905]], device='cuda:0')
21023 tensor([[ 0.8239,  0.1072],
        [ 0.4128, -0.4828],
        [-0.8307, -0.0935],
        [-0.4370,  0.4907]], device='cuda:0')
21024 tensor([[ 0.8241,  0.1071],
        [ 0.4127, -0.4829],
        [-0.8309, -0.0935],
        [-0.4369,  0.4908]], device='cuda:0')
21025 tensor([[ 0.8242,  0.1071],
        [ 0.4127, -0.4830],
        [-0.8310, -0.0934],
        [-0.4369,  0.4909]], device='cuda:0')
21026 tensor([[ 0.8243,  0.1071],
        [ 0.4127, -0.4832],
        [-0.8311, -0.0934],
        [-0.4368,  0.4910]], device='cuda:0')
21027 tensor([[ 0.8245,  0.1071],
        [ 0.4126, -0.4833],
        [-0.8312, -0.0934],
        [-0.4367,  0.4912]], device='cuda:0')
21028 tensor([[ 0.8246,  0.1070],
        [ 0.4126, -0.4835],
        [-0.8313, -0.0934],
        [-0.4367,  0.4913]], device='cuda:0')
21029 tensor([[ 0.8247,  0.1070],
        [ 0.4125, -0.4836],
        [-0.8314, -0.0934],
        [-0.4366,  0.4914]], device='cuda:0')
21030 tensor([[ 0.8249,  0.1070],
        [ 0.4125, -0.4837],
        [-0.8315, -0.0934],
        [-0.4366,  0.4916]], device='cuda:0')
21031 tensor([[ 0.8250,  0.1070],
        [ 0.4125, -0.4839],
        [-0.8316, -0.0933],
        [-0.4365,  0.4917]], device='cuda:0')
21032 tensor([[ 0.8251,  0.1069],
        [ 0.4124, -0.4840],
        [-0.8318, -0.0933],
        [-0.4364,  0.4918]], device='cuda:0')
21033 tensor([[ 0.8253,  0.1069],
        [ 0.4124, -0.4841],
        [-0.8319, -0.0933],
        [-0.4364,  0.4919]], device='cuda:0')
21034 tensor([[ 0.8254,  0.1069],
        [ 0.4123, -0.4843],
        [-0.8320, -0.0933],
        [-0.4363,  0.4921]], device='cuda:0')
21035 tensor([[ 0.8255,  0.1069],
        [ 0.4123, -0.4844],
        [-0.8321, -0.0933],
        [-0.4363,  0.4922]], device='cuda:0')
21036 tensor([[ 0.8257,  0.1069],
        [ 0.4123, -0.4845],
        [-0.8322, -0.0933],
        [-0.4362,  0.4923]], device='cuda:0')
21037 tensor([[ 0.8258,  0.1068],
        [ 0.4122, -0.4846],
        [-0.8323, -0.0933],
        [-0.4362,  0.4924]], device='cuda:0')
21038 tensor([[ 0.8259,  0.1068],
        [ 0.4122, -0.4848],
        [-0.8324, -0.0932],
        [-0.4361,  0.4926]], device='cuda:0')
21039 tensor([[ 0.8261,  0.1068],
        [ 0.4122, -0.4849],
        [-0.8325, -0.0932],
        [-0.4360,  0.4927]], device='cuda:0')
21040 tensor([[ 0.8263,  0.1068],
        [ 0.4121, -0.4850],
        [-0.8327, -0.0932],
        [-0.4359,  0.4928]], device='cuda:0')
21041 tensor([[ 0.8264,  0.1067],
        [ 0.4120, -0.4852],
        [-0.8328, -0.0932],
        [-0.4358,  0.4929]], device='cuda:0')
21042 tensor([[ 0.8266,  0.1067],
        [ 0.4120, -0.4853],
        [-0.8330, -0.0932],
        [-0.4357,  0.4930]], device='cuda:0')
21043 tensor([[ 0.8268,  0.1067],
        [ 0.4119, -0.4854],
        [-0.8331, -0.0932],
        [-0.4356,  0.4932]], device='cuda:0')
21044 tensor([[ 0.8269,  0.1067],
        [ 0.4118, -0.4855],
        [-0.8332, -0.0932],
        [-0.4355,  0.4933]], device='cuda:0')
21045 tensor([[ 0.8271,  0.1067],
        [ 0.4118, -0.4857],
        [-0.8334, -0.0931],
        [-0.4355,  0.4934]], device='cuda:0')
21046 tensor([[ 0.8272,  0.1066],
        [ 0.4117, -0.4858],
        [-0.8335, -0.0931],
        [-0.4354,  0.4935]], device='cuda:0')
21047 tensor([[ 0.8274,  0.1066],
        [ 0.4116, -0.4859],
        [-0.8337, -0.0931],
        [-0.4353,  0.4936]], device='cuda:0')
21048 tensor([[ 0.8276,  0.1066],
        [ 0.4116, -0.4860],
        [-0.8338, -0.0931],
        [-0.4352,  0.4937]], device='cuda:0')
21049 tensor([[ 0.8277,  0.1066],
        [ 0.4115, -0.4861],
        [-0.8339, -0.0931],
        [-0.4351,  0.4939]], device='cuda:0')
21050 tensor([[ 0.8279,  0.1065],
        [ 0.4114, -0.4863],
        [-0.8341, -0.0931],
        [-0.4350,  0.4940]], device='cuda:0')
21051 tensor([[ 0.8280,  0.1065],
        [ 0.4114, -0.4864],
        [-0.8342, -0.0931],
        [-0.4350,  0.4941]], device='cuda:0')
21052 tensor([[ 0.8282,  0.1065],
        [ 0.4113, -0.4865],
        [-0.8343, -0.0930],
        [-0.4349,  0.4942]], device='cuda:0')
21053 tensor([[ 0.8283,  0.1065],
        [ 0.4113, -0.4866],
        [-0.8345, -0.0930],
        [-0.4348,  0.4943]], device='cuda:0')
21054 tensor([[ 0.8285,  0.1065],
        [ 0.4112, -0.4867],
        [-0.8346, -0.0930],
        [-0.4347,  0.4944]], device='cuda:0')
21055 tensor([[ 0.8286,  0.1064],
        [ 0.4111, -0.4869],
        [-0.8347, -0.0930],
        [-0.4346,  0.4945]], device='cuda:0')
21056 tensor([[ 0.8288,  0.1064],
        [ 0.4111, -0.4870],
        [-0.8348, -0.0930],
        [-0.4345,  0.4946]], device='cuda:0')
21057 tensor([[ 0.8289,  0.1064],
        [ 0.4110, -0.4871],
        [-0.8350, -0.0930],
        [-0.4344,  0.4948]], device='cuda:0')
21058 tensor([[ 0.8291,  0.1064],
        [ 0.4109, -0.4872],
        [-0.8351, -0.0930],
        [-0.4343,  0.4949]], device='cuda:0')
21059 tensor([[ 0.8292,  0.1064],
        [ 0.4108, -0.4873],
        [-0.8352, -0.0930],
        [-0.4342,  0.4950]], device='cuda:0')
21060 tensor([[ 0.8294,  0.1063],
        [ 0.4107, -0.4874],
        [-0.8354, -0.0929],
        [-0.4340,  0.4951]], device='cuda:0')
21061 tensor([[ 0.8295,  0.1063],
        [ 0.4106, -0.4875],
        [-0.8355, -0.0929],
        [-0.4339,  0.4952]], device='cuda:0')
21062 tensor([[ 0.8296,  0.1063],
        [ 0.4105, -0.4877],
        [-0.8356, -0.0929],
        [-0.4338,  0.4953]], device='cuda:0')
21063 tensor([[ 0.8298,  0.1063],
        [ 0.4105, -0.4878],
        [-0.8357, -0.0929],
        [-0.4337,  0.4954]], device='cuda:0')
21064 tensor([[ 0.8299,  0.1062],
        [ 0.4104, -0.4879],
        [-0.8358, -0.0929],
        [-0.4337,  0.4955]], device='cuda:0')
21065 tensor([[ 0.8301,  0.1062],
        [ 0.4103, -0.4880],
        [-0.8360, -0.0929],
        [-0.4336,  0.4956]], device='cuda:0')
21066 tensor([[ 0.8302,  0.1062],
        [ 0.4102, -0.4881],
        [-0.8361, -0.0929],
        [-0.4335,  0.4957]], device='cuda:0')
21067 tensor([[ 0.8303,  0.1062],
        [ 0.4101, -0.4882],
        [-0.8362, -0.0928],
        [-0.4334,  0.4958]], device='cuda:0')
21068 tensor([[ 0.8305,  0.1062],
        [ 0.4100, -0.4883],
        [-0.8363, -0.0928],
        [-0.4333,  0.4959]], device='cuda:0')
21069 tensor([[ 0.8306,  0.1062],
        [ 0.4100, -0.4884],
        [-0.8365, -0.0928],
        [-0.4332,  0.4960]], device='cuda:0')
21070 tensor([[ 0.8308,  0.1061],
        [ 0.4099, -0.4885],
        [-0.8366, -0.0928],
        [-0.4330,  0.4961]], device='cuda:0')
21071 tensor([[ 0.8309,  0.1061],
        [ 0.4098, -0.4886],
        [-0.8367, -0.0928],
        [-0.4329,  0.4962]], device='cuda:0')
21072 tensor([[ 0.8310,  0.1061],
        [ 0.4097, -0.4888],
        [-0.8368, -0.0928],
        [-0.4328,  0.4963]], device='cuda:0')
21073 tensor([[ 0.8312,  0.1061],
        [ 0.4096, -0.4889],
        [-0.8369, -0.0928],
        [-0.4327,  0.4964]], device='cuda:0')
21074 tensor([[ 0.8313,  0.1061],
        [ 0.4095, -0.4890],
        [-0.8370, -0.0928],
        [-0.4326,  0.4965]], device='cuda:0')
21075 tensor([[ 0.8314,  0.1060],
        [ 0.4094, -0.4891],
        [-0.8372, -0.0928],
        [-0.4325,  0.4966]], device='cuda:0')
21076 tensor([[ 0.8316,  0.1060],
        [ 0.4093, -0.4892],
        [-0.8373, -0.0927],
        [-0.4324,  0.4967]], device='cuda:0')
21077 tensor([[ 0.8317,  0.1060],
        [ 0.4092, -0.4893],
        [-0.8374, -0.0927],
        [-0.4322,  0.4968]], device='cuda:0')
21078 tensor([[ 0.8318,  0.1060],
        [ 0.4091, -0.4894],
        [-0.8375, -0.0927],
        [-0.4321,  0.4969]], device='cuda:0')
21079 tensor([[ 0.8320,  0.1060],
        [ 0.4090, -0.4895],
        [-0.8376, -0.0927],
        [-0.4320,  0.4970]], device='cuda:0')
21080 tensor([[ 0.8321,  0.1059],
        [ 0.4089, -0.4896],
        [-0.8377, -0.0927],
        [-0.4319,  0.4971]], device='cuda:0')
21081 tensor([[ 0.8322,  0.1059],
        [ 0.4089, -0.4897],
        [-0.8378, -0.0927],
        [-0.4319,  0.4972]], device='cuda:0')
21082 tensor([[ 0.8323,  0.1059],
        [ 0.4088, -0.4898],
        [-0.8380, -0.0927],
        [-0.4318,  0.4973]], device='cuda:0')
21083 tensor([[ 0.8325,  0.1059],
        [ 0.4087, -0.4899],
        [-0.8381, -0.0927],
        [-0.4316,  0.4974]], device='cuda:0')
21084 tensor([[ 0.8326,  0.1059],
        [ 0.4086, -0.4900],
        [-0.8382, -0.0926],
        [-0.4315,  0.4975]], device='cuda:0')
21085 tensor([[ 0.8327,  0.1059],
        [ 0.4085, -0.4901],
        [-0.8383, -0.0926],
        [-0.4314,  0.4976]], device='cuda:0')
21086 tensor([[ 0.8329,  0.1058],
        [ 0.4084, -0.4902],
        [-0.8384, -0.0926],
        [-0.4313,  0.4977]], device='cuda:0')
21087 tensor([[ 0.8330,  0.1058],
        [ 0.4083, -0.4903],
        [-0.8385, -0.0926],
        [-0.4312,  0.4978]], device='cuda:0')
21088 tensor([[ 0.8331,  0.1058],
        [ 0.4082, -0.4904],
        [-0.8386, -0.0926],
        [-0.4310,  0.4979]], device='cuda:0')
21089 tensor([[ 0.8332,  0.1058],
        [ 0.4081, -0.4905],
        [-0.8387, -0.0926],
        [-0.4309,  0.4980]], device='cuda:0')
21090 tensor([[ 0.8334,  0.1058],
        [ 0.4080, -0.4906],
        [-0.8388, -0.0926],
        [-0.4308,  0.4981]], device='cuda:0')
21091 tensor([[ 0.8335,  0.1057],
        [ 0.4079, -0.4907],
        [-0.8389, -0.0926],
        [-0.4307,  0.4982]], device='cuda:0')
21092 tensor([[ 0.8336,  0.1057],
        [ 0.4078, -0.4908],
        [-0.8390, -0.0926],
        [-0.4306,  0.4982]], device='cuda:0')
21093 tensor([[ 0.8337,  0.1057],
        [ 0.4077, -0.4909],
        [-0.8391, -0.0925],
        [-0.4305,  0.4983]], device='cuda:0')
21094 tensor([[ 0.8338,  0.1057],
        [ 0.4076, -0.4910],
        [-0.8392, -0.0925],
        [-0.4304,  0.4984]], device='cuda:0')
21095 tensor([[ 0.8340,  0.1057],
        [ 0.4075, -0.4910],
        [-0.8393, -0.0925],
        [-0.4303,  0.4985]], device='cuda:0')
21096 tensor([[ 0.8341,  0.1057],
        [ 0.4074, -0.4911],
        [-0.8394, -0.0925],
        [-0.4302,  0.4986]], device='cuda:0')
21097 tensor([[ 0.8342,  0.1056],
        [ 0.4073, -0.4912],
        [-0.8396, -0.0925],
        [-0.4301,  0.4987]], device='cuda:0')
21098 tensor([[ 0.8343,  0.1056],
        [ 0.4072, -0.4913],
        [-0.8397, -0.0924],
        [-0.4300,  0.4988]], device='cuda:0')
21099 tensor([[ 0.8344,  0.1056],
        [ 0.4071, -0.4914],
        [-0.8398, -0.0924],
        [-0.4299,  0.4989]], device='cuda:0')
21100 tensor([[ 0.8345,  0.1055],
        [ 0.4070, -0.4915],
        [-0.8399, -0.0923],
        [-0.4298,  0.4990]], device='cuda:0')
21101 tensor([[ 0.8346,  0.1055],
        [ 0.4069, -0.4916],
        [-0.8400, -0.0923],
        [-0.4297,  0.4991]], device='cuda:0')
21102 tensor([[ 0.8348,  0.1054],
        [ 0.4068, -0.4916],
        [-0.8401, -0.0922],
        [-0.4296,  0.4992]], device='cuda:0')
21103 tensor([[ 0.8349,  0.1054],
        [ 0.4067, -0.4917],
        [-0.8402, -0.0922],
        [-0.4295,  0.4993]], device='cuda:0')
21104 tensor([[ 0.8350,  0.1053],
        [ 0.4066, -0.4918],
        [-0.8403, -0.0921],
        [-0.4294,  0.4994]], device='cuda:0')
21105 tensor([[ 0.8351,  0.1053],
        [ 0.4065, -0.4919],
        [-0.8404, -0.0921],
        [-0.4293,  0.4995]], device='cuda:0')
21106 tensor([[ 0.8352,  0.1052],
        [ 0.4064, -0.4920],
        [-0.8405, -0.0920],
        [-0.4292,  0.4997]], device='cuda:0')
21107 tensor([[ 0.8353,  0.1052],
        [ 0.4063, -0.4921],
        [-0.8406, -0.0920],
        [-0.4291,  0.4998]], device='cuda:0')
21108 tensor([[ 0.8354,  0.1052],
        [ 0.4062, -0.4922],
        [-0.8407, -0.0919],
        [-0.4290,  0.4999]], device='cuda:0')
21109 tensor([[ 0.8355,  0.1051],
        [ 0.4061, -0.4923],
        [-0.8408, -0.0919],
        [-0.4289,  0.4999]], device='cuda:0')
21110 tensor([[ 0.8356,  0.1051],
        [ 0.4060, -0.4924],
        [-0.8409, -0.0918],
        [-0.4289,  0.5000]], device='cuda:0')
21111 tensor([[ 0.8357,  0.1050],
        [ 0.4059, -0.4925],
        [-0.8410, -0.0918],
        [-0.4288,  0.5001]], device='cuda:0')
21112 tensor([[ 0.8358,  0.1050],
        [ 0.4058, -0.4926],
        [-0.8411, -0.0917],
        [-0.4287,  0.5002]], device='cuda:0')
21113 tensor([[ 0.8359,  0.1049],
        [ 0.4057, -0.4926],
        [-0.8412, -0.0916],
        [-0.4286,  0.5003]], device='cuda:0')
21114 tensor([[ 0.8360,  0.1048],
        [ 0.4056, -0.4927],
        [-0.8413, -0.0915],
        [-0.4285,  0.5004]], device='cuda:0')
21115 tensor([[ 0.8361,  0.1048],
        [ 0.4056, -0.4928],
        [-0.8414, -0.0915],
        [-0.4284,  0.5006]], device='cuda:0')
21116 tensor([[ 0.8362,  0.1047],
        [ 0.4055, -0.4929],
        [-0.8415, -0.0914],
        [-0.4283,  0.5007]], device='cuda:0')
21117 tensor([[ 0.8363,  0.1046],
        [ 0.4054, -0.4929],
        [-0.8416, -0.0913],
        [-0.4282,  0.5008]], device='cuda:0')
21118 tensor([[ 0.8364,  0.1045],
        [ 0.4053, -0.4930],
        [-0.8417, -0.0912],
        [-0.4282,  0.5009]], device='cuda:0')
21119 tensor([[ 0.8365,  0.1044],
        [ 0.4052, -0.4931],
        [-0.8418, -0.0911],
        [-0.4281,  0.5010]], device='cuda:0')
21120 tensor([[ 0.8366,  0.1044],
        [ 0.4051, -0.4932],
        [-0.8419, -0.0910],
        [-0.4280,  0.5011]], device='cuda:0')
21121 tensor([[ 0.8367,  0.1043],
        [ 0.4050, -0.4933],
        [-0.8420, -0.0909],
        [-0.4279,  0.5012]], device='cuda:0')
21122 tensor([[ 0.8368,  0.1042],
        [ 0.4049, -0.4934],
        [-0.8421, -0.0909],
        [-0.4278,  0.5013]], device='cuda:0')
21123 tensor([[ 0.8369,  0.1041],
        [ 0.4048, -0.4935],
        [-0.8422, -0.0908],
        [-0.4277,  0.5014]], device='cuda:0')
21124 tensor([[ 0.8370,  0.1041],
        [ 0.4047, -0.4936],
        [-0.8423, -0.0907],
        [-0.4276,  0.5015]], device='cuda:0')
21125 tensor([[ 0.8371,  0.1040],
        [ 0.4046, -0.4937],
        [-0.8424, -0.0906],
        [-0.4276,  0.5016]], device='cuda:0')
21126 tensor([[ 0.8372,  0.1039],
        [ 0.4046, -0.4938],
        [-0.8425, -0.0905],
        [-0.4275,  0.5017]], device='cuda:0')
21127 tensor([[ 0.8373,  0.1038],
        [ 0.4045, -0.4939],
        [-0.8426, -0.0905],
        [-0.4274,  0.5018]], device='cuda:0')
21128 tensor([[ 0.8374,  0.1038],
        [ 0.4044, -0.4940],
        [-0.8426, -0.0904],
        [-0.4273,  0.5019]], device='cuda:0')
21129 tensor([[ 0.8375,  0.1037],
        [ 0.4043, -0.4941],
        [-0.8427, -0.0903],
        [-0.4272,  0.5020]], device='cuda:0')
21130 tensor([[ 0.8376,  0.1036],
        [ 0.4042, -0.4942],
        [-0.8427, -0.0902],
        [-0.4271,  0.5021]], device='cuda:0')
21131 tensor([[ 0.8376,  0.1035],
        [ 0.4042, -0.4943],
        [-0.8428, -0.0902],
        [-0.4270,  0.5022]], device='cuda:0')
21132 tensor([[ 0.8377,  0.1034],
        [ 0.4041, -0.4944],
        [-0.8429, -0.0901],
        [-0.4269,  0.5023]], device='cuda:0')
21133 tensor([[ 0.8378,  0.1034],
        [ 0.4040, -0.4945],
        [-0.8429, -0.0900],
        [-0.4267,  0.5024]], device='cuda:0')
21134 tensor([[ 0.8378,  0.1033],
        [ 0.4039, -0.4946],
        [-0.8430, -0.0900],
        [-0.4266,  0.5025]], device='cuda:0')
21135 tensor([[ 0.8379,  0.1032],
        [ 0.4038, -0.4947],
        [-0.8430, -0.0899],
        [-0.4265,  0.5026]], device='cuda:0')
21136 tensor([[ 0.8380,  0.1031],
        [ 0.4037, -0.4948],
        [-0.8431, -0.0898],
        [-0.4264,  0.5027]], device='cuda:0')
21137 tensor([[ 0.8380,  0.1031],
        [ 0.4036, -0.4949],
        [-0.8431, -0.0897],
        [-0.4263,  0.5028]], device='cuda:0')
21138 tensor([[ 0.8381,  0.1030],
        [ 0.4035, -0.4950],
        [-0.8432, -0.0897],
        [-0.4262,  0.5028]], device='cuda:0')
21139 tensor([[ 0.8382,  0.1029],
        [ 0.4034, -0.4951],
        [-0.8432, -0.0896],
        [-0.4261,  0.5029]], device='cuda:0')
21140 tensor([[ 0.8382,  0.1028],
        [ 0.4033, -0.4952],
        [-0.8433, -0.0895],
        [-0.4261,  0.5030]], device='cuda:0')
21141 tensor([[ 0.8383,  0.1028],
        [ 0.4032, -0.4952],
        [-0.8433, -0.0895],
        [-0.4260,  0.5031]], device='cuda:0')
21142 tensor([[ 0.8383,  0.1027],
        [ 0.4031, -0.4953],
        [-0.8434, -0.0894],
        [-0.4259,  0.5032]], device='cuda:0')
21143 tensor([[ 0.8384,  0.1026],
        [ 0.4030, -0.4954],
        [-0.8434, -0.0893],
        [-0.4258,  0.5033]], device='cuda:0')
21144 tensor([[ 0.8385,  0.1026],
        [ 0.4029, -0.4955],
        [-0.8435, -0.0892],
        [-0.4257,  0.5034]], device='cuda:0')
21145 tensor([[ 0.8385,  0.1025],
        [ 0.4028, -0.4956],
        [-0.8435, -0.0891],
        [-0.4256,  0.5035]], device='cuda:0')
21146 tensor([[ 0.8386,  0.1024],
        [ 0.4027, -0.4957],
        [-0.8436, -0.0890],
        [-0.4255,  0.5036]], device='cuda:0')
21147 tensor([[ 0.8386,  0.1023],
        [ 0.4026, -0.4957],
        [-0.8437, -0.0889],
        [-0.4254,  0.5037]], device='cuda:0')
21148 tensor([[ 0.8387,  0.1022],
        [ 0.4026, -0.4958],
        [-0.8437, -0.0888],
        [-0.4253,  0.5039]], device='cuda:0')
21149 tensor([[ 0.8388,  0.1021],
        [ 0.4025, -0.4959],
        [-0.8438, -0.0887],
        [-0.4252,  0.5040]], device='cuda:0')
21150 tensor([[ 0.8388,  0.1020],
        [ 0.4024, -0.4960],
        [-0.8438, -0.0886],
        [-0.4252,  0.5041]], device='cuda:0')
21151 tensor([[ 0.8389,  0.1019],
        [ 0.4023, -0.4961],
        [-0.8439, -0.0885],
        [-0.4251,  0.5042]], device='cuda:0')
21152 tensor([[ 0.8389,  0.1018],
        [ 0.4022, -0.4962],
        [-0.8439, -0.0884],
        [-0.4250,  0.5043]], device='cuda:0')
21153 tensor([[ 0.8390,  0.1017],
        [ 0.4021, -0.4963],
        [-0.8440, -0.0883],
        [-0.4249,  0.5044]], device='cuda:0')
21154 tensor([[ 0.8390,  0.1016],
        [ 0.4020, -0.4964],
        [-0.8440, -0.0882],
        [-0.4248,  0.5045]], device='cuda:0')
21155 tensor([[ 0.8391,  0.1015],
        [ 0.4019, -0.4965],
        [-0.8441, -0.0881],
        [-0.4247,  0.5046]], device='cuda:0')
21156 tensor([[ 0.8391,  0.1014],
        [ 0.4018, -0.4966],
        [-0.8441, -0.0880],
        [-0.4247,  0.5047]], device='cuda:0')
21157 tensor([[ 0.8392,  0.1013],
        [ 0.4017, -0.4967],
        [-0.8442, -0.0879],
        [-0.4246,  0.5048]], device='cuda:0')
21158 tensor([[ 0.8392,  0.1012],
        [ 0.4017, -0.4968],
        [-0.8443, -0.0878],
        [-0.4245,  0.5049]], device='cuda:0')
21159 tensor([[ 0.8393,  0.1011],
        [ 0.4016, -0.4969],
        [-0.8443, -0.0877],
        [-0.4244,  0.5050]], device='cuda:0')
21160 tensor([[ 0.8394,  0.1011],
        [ 0.4015, -0.4969],
        [-0.8444, -0.0875],
        [-0.4243,  0.5051]], device='cuda:0')
21161 tensor([[ 0.8394,  0.1009],
        [ 0.4014, -0.4970],
        [-0.8444, -0.0874],
        [-0.4242,  0.5053]], device='cuda:0')
21162 tensor([[ 0.8395,  0.1008],
        [ 0.4013, -0.4971],
        [-0.8445, -0.0873],
        [-0.4242,  0.5054]], device='cuda:0')
21163 tensor([[ 0.8395,  0.1007],
        [ 0.4012, -0.4972],
        [-0.8445, -0.0872],
        [-0.4241,  0.5055]], device='cuda:0')
21164 tensor([[ 0.8396,  0.1006],
        [ 0.4011, -0.4974],
        [-0.8446, -0.0871],
        [-0.4240,  0.5056]], device='cuda:0')
21165 tensor([[ 0.8396,  0.1005],
        [ 0.4010, -0.4975],
        [-0.8446, -0.0870],
        [-0.4239,  0.5057]], device='cuda:0')
21166 tensor([[ 0.8397,  0.1004],
        [ 0.4010, -0.4976],
        [-0.8447, -0.0868],
        [-0.4238,  0.5058]], device='cuda:0')
21167 tensor([[ 0.8397,  0.1003],
        [ 0.4009, -0.4977],
        [-0.8447, -0.0867],
        [-0.4238,  0.5060]], device='cuda:0')
21168 tensor([[ 0.8398,  0.1002],
        [ 0.4008, -0.4978],
        [-0.8448, -0.0866],
        [-0.4237,  0.5061]], device='cuda:0')
21169 tensor([[ 0.8398,  0.1000],
        [ 0.4007, -0.4979],
        [-0.8448, -0.0865],
        [-0.4236,  0.5062]], device='cuda:0')
21170 tensor([[ 0.8399,  0.0999],
        [ 0.4006, -0.4980],
        [-0.8449, -0.0864],
        [-0.4235,  0.5063]], device='cuda:0')
21171 tensor([[ 0.8399,  0.0998],
        [ 0.4005, -0.4981],
        [-0.8449, -0.0863],
        [-0.4235,  0.5064]], device='cuda:0')
21172 tensor([[ 0.8400,  0.0997],
        [ 0.4005, -0.4982],
        [-0.8450, -0.0862],
        [-0.4234,  0.5065]], device='cuda:0')
21173 tensor([[ 0.8400,  0.0996],
        [ 0.4004, -0.4983],
        [-0.8450, -0.0861],
        [-0.4233,  0.5066]], device='cuda:0')
21174 tensor([[ 0.8401,  0.0995],
        [ 0.4003, -0.4984],
        [-0.8450, -0.0860],
        [-0.4232,  0.5067]], device='cuda:0')
21175 tensor([[ 0.8401,  0.0994],
        [ 0.4003, -0.4985],
        [-0.8450, -0.0859],
        [-0.4231,  0.5068]], device='cuda:0')
21176 tensor([[ 0.8402,  0.0993],
        [ 0.4002, -0.4986],
        [-0.8450, -0.0858],
        [-0.4230,  0.5069]], device='cuda:0')
21177 tensor([[ 0.8402,  0.0992],
        [ 0.4001, -0.4987],
        [-0.8450, -0.0857],
        [-0.4228,  0.5070]], device='cuda:0')
21178 tensor([[ 0.8403,  0.0991],
        [ 0.4001, -0.4988],
        [-0.8450, -0.0856],
        [-0.4227,  0.5071]], device='cuda:0')
21179 tensor([[ 0.8404,  0.0990],
        [ 0.4000, -0.4989],
        [-0.8450, -0.0855],
        [-0.4226,  0.5072]], device='cuda:0')
21180 tensor([[ 0.8404,  0.0988],
        [ 0.3999, -0.4990],
        [-0.8450, -0.0854],
        [-0.4225,  0.5073]], device='cuda:0')
21181 tensor([[ 0.8405,  0.0987],
        [ 0.3999, -0.4991],
        [-0.8450, -0.0853],
        [-0.4223,  0.5074]], device='cuda:0')
21182 tensor([[ 0.8406,  0.0986],
        [ 0.3998, -0.4992],
        [-0.8450, -0.0852],
        [-0.4222,  0.5075]], device='cuda:0')
21183 tensor([[ 0.8406,  0.0985],
        [ 0.3998, -0.4993],
        [-0.8450, -0.0851],
        [-0.4221,  0.5076]], device='cuda:0')
21184 tensor([[ 0.8407,  0.0984],
        [ 0.3997, -0.4994],
        [-0.8450, -0.0850],
        [-0.4220,  0.5077]], device='cuda:0')
21185 tensor([[ 0.8408,  0.0983],
        [ 0.3997, -0.4995],
        [-0.8450, -0.0849],
        [-0.4219,  0.5078]], device='cuda:0')
21186 tensor([[ 0.8409,  0.0982],
        [ 0.3996, -0.4996],
        [-0.8451, -0.0848],
        [-0.4218,  0.5079]], device='cuda:0')
21187 tensor([[ 0.8409,  0.0981],
        [ 0.3996, -0.4997],
        [-0.8451, -0.0847],
        [-0.4217,  0.5080]], device='cuda:0')
21188 tensor([[ 0.8410,  0.0980],
        [ 0.3995, -0.4998],
        [-0.8451, -0.0846],
        [-0.4216,  0.5081]], device='cuda:0')
21189 tensor([[ 0.8411,  0.0979],
        [ 0.3995, -0.4999],
        [-0.8450, -0.0845],
        [-0.4215,  0.5082]], device='cuda:0')
21190 tensor([[ 0.8411,  0.0978],
        [ 0.3995, -0.5000],
        [-0.8450, -0.0844],
        [-0.4214,  0.5083]], device='cuda:0')
21191 tensor([[ 0.8412,  0.0977],
        [ 0.3994, -0.5001],
        [-0.8450, -0.0843],
        [-0.4213,  0.5083]], device='cuda:0')
21192 tensor([[ 0.8412,  0.0976],
        [ 0.3994, -0.5002],
        [-0.8450, -0.0842],
        [-0.4211,  0.5084]], device='cuda:0')
21193 tensor([[ 0.8413,  0.0975],
        [ 0.3993, -0.5003],
        [-0.8450, -0.0841],
        [-0.4210,  0.5085]], device='cuda:0')
21194 tensor([[ 0.8413,  0.0974],
        [ 0.3992, -0.5004],
        [-0.8450, -0.0840],
        [-0.4209,  0.5086]], device='cuda:0')
21195 tensor([[ 0.8413,  0.0973],
        [ 0.3991, -0.5005],
        [-0.8450, -0.0840],
        [-0.4208,  0.5087]], device='cuda:0')
21196 tensor([[ 0.8414,  0.0972],
        [ 0.3991, -0.5006],
        [-0.8450, -0.0839],
        [-0.4207,  0.5088]], device='cuda:0')
21197 tensor([[ 0.8414,  0.0971],
        [ 0.3990, -0.5007],
        [-0.8449, -0.0838],
        [-0.4206,  0.5089]], device='cuda:0')
21198 tensor([[ 0.8414,  0.0970],
        [ 0.3989, -0.5008],
        [-0.8449, -0.0837],
        [-0.4205,  0.5090]], device='cuda:0')
21199 tensor([[ 0.8415,  0.0969],
        [ 0.3988, -0.5009],
        [-0.8449, -0.0836],
        [-0.4204,  0.5091]], device='cuda:0')
21200 tensor([[ 0.8415,  0.0968],
        [ 0.3988, -0.5009],
        [-0.8449, -0.0835],
        [-0.4203,  0.5091]], device='cuda:0')
21201 tensor([[ 0.8415,  0.0967],
        [ 0.3987, -0.5010],
        [-0.8449, -0.0834],
        [-0.4202,  0.5092]], device='cuda:0')
21202 tensor([[ 0.8416,  0.0966],
        [ 0.3986, -0.5011],
        [-0.8449, -0.0833],
        [-0.4201,  0.5093]], device='cuda:0')
21203 tensor([[ 0.8416,  0.0965],
        [ 0.3986, -0.5012],
        [-0.8449, -0.0833],
        [-0.4200,  0.5094]], device='cuda:0')
21204 tensor([[ 0.8417,  0.0964],
        [ 0.3985, -0.5013],
        [-0.8449, -0.0832],
        [-0.4199,  0.5095]], device='cuda:0')
21205 tensor([[ 0.8417,  0.0963],
        [ 0.3985, -0.5014],
        [-0.8448, -0.0831],
        [-0.4197,  0.5096]], device='cuda:0')
21206 tensor([[ 0.8417,  0.0962],
        [ 0.3984, -0.5015],
        [-0.8448, -0.0830],
        [-0.4196,  0.5097]], device='cuda:0')
21207 tensor([[ 0.8418,  0.0962],
        [ 0.3984, -0.5016],
        [-0.8448, -0.0829],
        [-0.4195,  0.5097]], device='cuda:0')
21208 tensor([[ 0.8418,  0.0961],
        [ 0.3983, -0.5017],
        [-0.8448, -0.0828],
        [-0.4194,  0.5098]], device='cuda:0')
21209 tensor([[ 0.8418,  0.0960],
        [ 0.3982, -0.5017],
        [-0.8447, -0.0827],
        [-0.4193,  0.5099]], device='cuda:0')
