168081 0
168082 1
168082 3
168082 4
168083 2
168096 0
168096 3
168097 5
168098 1
168098 2
168111 0
168112 1
168112 3
168112 4
168113 2
168126 0
168126 3
168127 5
168128 1
168128 2
168141 0
168142 1
168142 3
168142 4
168143 2
168156 0
168156 3
168157 5
168158 1
168158 2
168171 0
168172 1
168172 3
168172 4
168173 2
168186 0
168186 3
168187 4
168188 1
168188 2
168200 3
168201 5
168202 0
168202 2
168202 5
168204 1
168216 3
168217 0
168217 2
168217 4
168217 5
168218 1
168230 3
168231 5
168232 0
168232 2
168232 5
168234 1
168246 3
168247 0
168247 2
168247 4
168247 5
168248 1
168260 3
168261 5
168262 0
168262 2
168262 5
168264 1
168276 3
168277 0
168277 2
168277 4
168277 5
168278 1
168290 3
168291 5
168292 0
168292 2
168292 5
168294 1
168306 3
168307 0
168307 2
168307 4
168307 5
168308 1
168320 3
168321 2
168321 5
168322 5
168323 0
168324 1
168336 2
168336 3
168337 4
168337 5
168338 0
168338 1
168350 3
168351 2
168351 5
168352 5
168353 0
168354 1
168366 2
168366 3
168367 5
168368 0
168368 1
168381 2
168382 1
168382 3
168382 4
168383 0
168396 2
168396 3
168397 5
168398 0
168398 1
168411 2
168412 1
168412 3
168412 5
168413 0
168426 1
168426 2
168427 4
168428 0
168428 3
168441 2
168442 1
168442 3
168442 5
168443 0
168456 1
168456 2
168457 5
168458 0
168458 3
168470 1
168471 2
168472 4
168473 0
168474 3
168486 1
168486 2
168487 5
168488 0
168488 3
168500 1
168501 2
168502 4
168503 0
168504 3
168516 2
168517 1
168517 3
168517 5
168518 0
168531 1
168531 2
168532 5
168533 0
168533 3
168545 1
168546 2
168547 4
168548 0
168549 3
168561 1
168562 0
168562 2
168562 5
168563 3
168575 1
168577 0
168577 2
168577 4
168579 3
168591 1
168592 0
168592 2
168592 5
168593 3
168605 1
168607 0
168607 2
168607 4
168609 3
168621 1
168622 0
168622 2
168622 5
168623 3
168635 1
168636 0
168637 4
168638 2
168639 3
168640 5
168651 0
168651 1
168652 4
168653 2
168653 3
168666 0
168667 1
168667 3
168667 5
168668 2
168681 0
168681 1
168682 4
168683 2
168683 3
168696 0
168696 1
168697 4
168697 5
168698 2
168698 3
168710 1
168711 0
168712 4
168713 2
168714 3
168715 5
168726 0
168726 1
168727 4
168728 2
168728 3
168741 0
168742 1
168742 3
168742 5
168743 2
168756 0
168756 1
168757 4
168758 2
168758 3
168771 0
168772 1
168772 3
168772 4
168773 2
168786 0
168786 3
168787 5
168788 1
168788 2
168801 0
168802 1
168802 3
168802 4
168803 2
168816 0
168816 3
168817 4
168818 1
168818 2
168830 3
168831 0
168831 5
168832 5
168833 2
168834 1
168846 0
168846 3
168847 4
168848 1
168848 2
168860 3
168861 0
168861 5
168862 4
168863 2
168864 1
168874 3
168875 5
168876 0
168877 5
168878 2
168880 1
168891 0
168891 3
168892 4
168893 1
168893 2
168905 3
168906 5
168907 0
168907 2
168907 5
168909 1
168921 3
168922 0
168922 2
168922 4
168922 5
168923 1
168935 3
168936 5
168937 0
168937 2
168937 5
168939 1
168951 3
168952 0
168952 2
168952 4
168952 5
168953 1
168965 3
168966 5
168967 0
168967 2
168967 5
168969 1
168981 3
168982 0
168982 2
168982 4
168982 5
168983 1
168995 3
168996 2
168996 5
168997 5
168998 0
168999 1
169011 2
169011 3
169012 4
169012 5
169013 0
169013 1
169024 3
169025 5
169026 2
169027 5
169028 0
169030 1
169031 4
169040 3
169041 2
169041 5
169042 5
169043 0
169044 1
169056 2
169056 3
169057 4
169057 5
169058 0
169058 1
169070 3
169071 2
169071 5
169072 5
169073 0
169074 1
169085 2
169086 3
169087 5
169088 1
169089 0
169090 4
169100 2
169102 1
169102 3
169102 4
169104 0
169115 2
169116 3
169117 5
169118 1
169119 0
169120 4
169130 2
169132 1
169132 3
169132 5
169134 0
169145 2
169146 1
169147 5
169148 3
169149 0
169160 1
169160 2
169162 4
169164 0
169164 3
169175 2
169176 1
169177 5
169178 3
169179 0
169190 2
169191 1
169192 5
169193 3
169194 0
169205 1
169206 2
169207 4
169208 0
169209 3
169221 1
169221 2
169222 5
169223 0
169223 3
169235 1
169236 2
169237 5
169238 0
169239 3
169249 1
169251 2
169252 4
169253 0
169255 3
169265 1
169266 2
169267 5
169268 0
169269 3
169279 1
169282 0
169282 2
169282 4
169285 3
169295 1
169297 0
169297 2
169297 5
169299 3
169309 1
169312 0
169312 2
169312 4
169315 3
169325 1
169327 0
169327 2
169327 5
169329 3
169339 1
169341 0
169342 4
169342 5
169343 2
169345 3
169353 1
169356 0
169357 4
169358 2
169361 3
169362 5
169369 1
169371 0
169372 4
169373 2
169375 3
169376 5
169385 0
169385 1
169386 4
169387 4
169389 2
169389 3
169390 5
169400 0
169401 1
169401 4
169402 4
169403 3
169404 2
169415 0
169416 4
169417 1
169417 3
169417 5
169419 2
169430 0
169430 1
169431 4
169432 4
169434 2
169434 3
169435 5
169445 0
169446 1
169446 4
169447 4
169448 3
169449 2
169460 0
169461 4
169462 1
169462 3
169462 4
169464 2
169475 0
169476 3
169476 4
169477 5
169478 1
169479 2
169490 0
169491 4
169492 1
169492 3
169492 4
169494 2
169505 0
169506 3
169506 4
169507 4
169508 1
169509 2
169520 0
169520 3
169522 5
169524 1
169524 2
169535 0
169536 3
169536 4
169537 4
169538 1
169539 2
169550 0
169551 3
169551 4
169552 4
169553 1
169554 2
169565 0
169565 3
169567 4
169569 1
169569 2
169579 3
169580 5
169581 0
169582 5
169583 2
169585 1
169595 3
169596 0
169596 5
169597 4
169598 2
169599 1
169609 3
169610 5
169611 0
169612 5
169613 2
169615 1
169625 3
169626 0
169626 5
169627 4
169628 2
169629 1
169639 3
169640 5
169642 0
169642 2
169642 5
169645 1
169655 3
169656 5
169657 0
169657 2
169657 5
169659 1
169671 3
169672 0
169672 2
169672 4
169672 5
169673 1
169685 3
169686 5
169687 0
169687 2
169687 4
169689 1
169699 3
169700 5
169702 0
169702 2
169702 5
169705 1
169715 3
169716 2
169716 5
169717 4
169718 0
169719 1
169729 3
169730 5
169731 2
169732 5
169733 0
169735 1
169736 4
169745 3
169746 2
169746 5
169747 5
169748 0
169749 1
169761 2
169761 3
169762 4
169762 5
169763 0
169763 1
169775 2
169775 3
169776 5
169777 5
169779 0
169779 1
169780 4
169790 2
169791 3
169792 5
169793 1
169794 0
169795 4
169805 2
169806 3
169807 4
169807 5
169808 1
169809 0
169820 2
169820 3
169821 5
169822 5
169824 0
169824 1
169825 4
169835 2
169836 3
169837 5
169838 1
169839 0
169840 4
169850 2
169852 1
169852 3
169852 5
169854 0
169865 2
169866 1
169867 4
169868 3
169869 0
169880 2
169882 1
169882 3
169882 5
169884 0
169895 2
169896 1
169897 5
169898 3
169899 0
169910 1
169910 2
169912 5
169914 0
169914 3
169925 1
169925 2
169927 4
169929 0
169929 3
169940 2
169941 1
169942 5
169943 3
169944 0
169955 1
169955 2
169957 5
169959 0
169959 3
169969 1
169971 2
169972 4
169973 0
169975 3
169985 1
169986 2
169987 5
169988 0
169989 3
169999 1
170001 2
170002 4
170003 0
170005 3
170015 1
170016 2
170017 5
170018 0
170019 3
170029 1
170032 0
170032 2
170032 5
170035 3
170043 1
170047 0
170047 2
170047 4
170051 3
170059 1
170062 0
170062 2
170062 5
170065 3
170073 1
170077 0
170077 2
170077 5
170081 3
170087 1
170091 0
170092 4
170093 2
170097 3
170098 5
170103 1
170106 0
170107 4
170108 2
170111 3
170112 5
170119 1
170120 0
170121 4
170122 4
170124 2
170125 3
170126 5
170135 0
170135 1
170136 4
170137 4
170139 2
170139 3
170140 5
170150 0
170151 1
170151 4
170152 4
170153 3
170154 2
170165 0
170166 4
170167 1
170167 3
170167 5
170169 2
170180 0
170181 1
170181 4
170182 4
170183 3
170184 2
170195 0
170196 1
170196 4
170197 4
170198 3
170199 2
170210 0
170211 4
170212 1
170212 3
170212 4
170214 2
170225 0
170226 3
170226 4
170227 5
170228 1
170229 2
170240 0
170241 4
170242 1
170242 3
170242 4
170244 2
170255 0
170256 3
170256 4
170257 4
170258 1
170259 2
170270 0
170270 3
170272 4
170274 1
170274 2
170285 0
170285 3
170287 5
170289 1
170289 2
170300 0
170301 3
170301 4
170302 4
170303 1
170304 2
170315 0
170315 3
170317 4
170319 1
170319 2
170329 3
170330 0
170330 5
170332 4
170334 2
170335 1
170343 3
170344 5
170346 0
170347 5
170348 2
170351 1
170359 3
170360 5
170361 0
170362 4
170363 2
170365 1
170373 3
170374 5
170376 0
170377 5
170378 2
170381 1
170389 3
170390 5
170392 0
170392 2
170392 4
170395 1
170403 3
170404 5
170407 0
170407 2
170407 5
170411 1
170419 3
170420 5
170422 0
170422 2
170422 4
170425 1
170433 3
170434 5
170436 2
170437 5
170438 0
170441 1
170442 4
170449 3
170450 5
170451 2
170452 4
170453 0
170455 1
170456 4
170463 3
170464 5
170466 2
170467 5
170468 0
170471 1
170472 4
170479 3
170480 2
170480 5
170482 5
170484 0
170485 1
170486 4
170495 2
170495 3
170496 5
170497 5
170499 0
170499 1
170500 4
170510 2
170511 3
170512 4
170512 5
170513 1
170514 0
170525 2
170525 3
170526 5
170527 5
170529 0
170529 1
170530 4
170539 2
170540 3
170541 5
170542 5
170544 1
170545 0
170546 4
170554 2
170556 3
170557 5
170558 1
170560 0
170561 4
170569 2
170572 1
170572 3
170572 5
170575 0
170584 2
170586 1
170587 4
170588 3
170590 0
170599 2
170602 1
170602 3
170602 5
170605 0
170614 2
170616 1
170617 5
170618 3
170620 0
170629 2
170631 1
170632 5
170633 3
170635 0
170644 2
170645 1
170647 5
170649 3
170650 0
170659 1
170660 2
170662 4
170664 0
170665 3
170675 1
170675 2
170677 5
170679 0
170679 3
170689 1
170690 2
170692 5
170694 0
170695 3
170703 1
170705 2
170707 4
170709 0
170711 3
170719 1
170721 2
170722 5
170723 0
170725 3
170733 1
170736 2
170737 5
170738 0
170741 3
170748 1
170751 2
170752 4
170753 0
170756 3
170764 1
170765 4
170767 0
170767 2
170767 5
170770 3
170778 1
170779 4
170782 0
170782 2
170782 4
170786 3
170794 1
170795 4
170796 0
170797 5
170798 2
170800 3
170801 5
170808 1
170809 4
170811 0
170812 4
170813 2
170816 3
170817 5
170823 1
170824 4
170826 0
170827 4
170828 2
170831 3
170832 5
170839 1
170840 0
170840 4
170842 5
170844 2
170845 3
170846 5
170853 1
170854 4
170855 0
170857 4
170859 2
170861 3
170862 5
170869 1
170870 0
170870 4
170872 4
170874 2
170875 3
170876 5
170884 0
170885 1
170886 4
170887 4
170889 3
170890 2
170891 5
170899 0
170901 1
170902 4
170902 5
170903 3
170905 2
170914 0
170915 1
170916 4
170917 4
170919 3
170920 2
170921 5
170929 0
170931 1
170932 4
170933 3
170935 2
170936 5
170944 0
170946 1
170947 4
170948 3
170950 2
170951 5
170959 0
170960 4
170962 1
170962 3
170962 4
170965 2
170974 0
170975 4
170976 3
170977 4
170978 1
170980 2
170989 0
170990 3
170990 4
170992 4
170994 1
170995 2
171004 0
171004 3
171007 5
171010 1
171010 2
171019 0
171020 4
171021 3
171022 4
171023 1
171025 2
171034 0
171035 3
171035 4
171037 4
171039 1
171040 2
171049 3
171050 0
171050 5
171052 4
171054 2
171055 1
171063 3
171064 5
171065 0
171067 4
171069 2
171071 1
171077 3
171078 5
171080 0
171082 4
171084 2
171087 1
