110841 0
110842 1
110842 3
110842 4
110843 2
110856 0
110856 3
110857 5
110858 1
110858 2
110871 0
110872 1
110872 3
110872 4
110873 2
110886 0
110886 3
110887 5
110888 1
110888 2
110901 0
110902 1
110902 3
110902 5
110903 2
110916 0
110916 1
110917 4
110918 2
110918 3
110931 0
110932 1
110932 3
110932 4
110933 2
110946 0
110946 3
110947 4
110948 1
110948 2
110960 3
110961 0
110961 5
110962 5
110963 2
110964 1
110976 0
110976 3
110977 4
110978 1
110978 2
110990 3
110991 5
110992 0
110992 2
110992 4
110994 1
111004 3
111005 5
111007 0
111007 2
111007 5
111010 1
111020 3
111021 5
111022 0
111022 2
111022 4
111024 1
111034 3
111035 5
111037 0
111037 2
111037 5
111040 1
111050 3
111051 5
111052 0
111052 2
111052 5
111054 1
111066 3
111067 0
111067 2
111067 4
111067 5
111068 1
111080 3
111081 2
111081 5
111082 5
111083 0
111084 1
111096 2
111096 3
111097 4
111097 5
111098 0
111098 1
111110 3
111111 2
111111 5
111112 5
111113 0
111114 1
111126 2
111126 3
111127 4
111127 5
111128 0
111128 1
111140 3
111141 2
111141 5
111142 5
111143 0
111144 1
111156 2
111156 3
111157 5
111158 0
111158 1
111171 2
111172 1
111172 3
111172 4
111173 0
111186 2
111186 3
111187 5
111188 0
111188 1
111201 2
111202 1
111202 3
111202 5
111203 0
111216 1
111216 2
111217 4
111218 0
111218 3
111231 2
111232 1
111232 3
111232 5
111233 0
111246 1
111246 2
111247 5
111248 0
111248 3
111260 1
111261 2
111262 4
111263 0
111264 3
111276 2
111277 1
111277 3
111277 5
111278 0
111291 1
111291 2
111292 4
111293 0
111293 3
111306 2
111307 1
111307 3
111307 5
111308 0
111321 1
111321 2
111322 4
111323 0
111323 3
111336 2
111337 1
111337 3
111337 5
111338 0
111351 1
111351 2
111352 5
111353 0
111353 3
111365 1
111366 2
111366 4
111367 4
111368 0
111369 3
111381 1
111382 0
111382 2
111382 4
111382 5
111383 3
111395 1
111396 4
111397 0
111397 2
111397 4
111399 3
111411 1
111412 0
111412 2
111412 4
111412 5
111413 3
111425 1
111426 4
111427 0
111427 2
111427 4
111429 3
111441 1
111442 0
111442 2
111442 4
111443 3
111457 0
111457 1
111457 2
111457 3
111457 5
111471 1
111472 0
111472 2
111472 4
111472 5
111473 3
111485 1
111486 4
111487 0
111487 2
111487 4
111489 3
111501 0
111501 1
111502 4
111502 5
111503 2
111503 3
111515 1
111516 0
111516 4
111517 4
111518 2
111519 3
111531 0
111531 1
111532 4
111532 5
111533 2
111533 3
111545 1
111546 0
111546 4
111547 5
111548 2
111549 3
111559 1
111560 4
111561 0
111562 4
111563 2
111565 3
111566 5
111575 0
111575 1
111576 4
111577 4
111579 2
111579 3
111580 5
111590 0
111590 1
111591 4
111592 4
111594 2
111594 3
111595 5
111605 0
111606 1
111607 4
111608 3
111609 2
111610 5
111620 0
111622 1
111622 3
111622 4
111624 2
111635 0
111636 3
111637 5
111638 1
111639 2
111650 0
111652 1
111652 3
111652 4
111654 2
111665 0
111666 3
111667 4
111668 1
111669 2
111680 0
111680 3
111682 4
111684 1
111684 2
111694 3
111695 0
111697 5
111699 2
111700 1
111711 0
111711 3
111712 4
111713 1
111713 2
111725 3
111726 0
111726 5
111727 4
111728 2
111729 1
111739 3
111740 5
111741 0
111742 5
111743 2
111745 1
111755 3
111756 0
111756 5
111757 4
111758 2
111759 1
111769 3
111770 5
111771 0
111772 5
111773 2
111775 1
111785 3
111786 5
111787 0
111787 2
111787 4
111789 1
111799 3
111800 5
111802 0
111802 2
111802 5
111805 1
111815 3
111816 5
111817 0
111817 2
111817 4
111819 1
111829 3
111830 5
111832 0
111832 2
111832 5
111835 1
111845 3
111846 2
111846 5
111847 4
111848 0
111849 1
111859 3
111860 5
111861 2
111862 5
111863 0
111865 1
111866 4
111875 3
111876 2
111876 5
111877 5
111878 0
111879 1
111891 2
111891 3
111892 4
111892 5
111893 0
111893 1
111905 2
111905 3
111906 5
111907 5
111909 0
111909 1
111910 4
111920 2
111920 3
111921 5
111922 5
111924 0
111924 1
111925 4
111935 2
111936 3
111937 4
111937 5
111938 1
111939 0
111950 2
111950 3
111951 5
111952 5
111954 0
111954 1
111955 4
111965 2
111966 3
111967 5
111968 1
111969 0
111970 4
111980 2
111982 1
111982 3
111982 5
111984 0
111995 2
111996 1
111997 4
111998 3
111999 0
112010 2
112012 1
112012 3
112012 5
112014 0
112025 2
112026 1
112027 4
112028 3
112029 0
112040 2
112041 3
112042 5
112043 1
112044 0
112045 4
112055 2
112057 1
112057 3
112057 5
112059 0
112070 2
112071 1
112072 5
112073 3
112074 0
112085 1
112085 2
112087 5
112089 0
112089 3
112099 1
112100 2
112100 4
112102 5
112104 0
112105 3
112113 1
112114 4
112115 2
112117 4
112119 0
112121 3
112129 1
112130 4
112131 2
112132 5
112133 0
112135 3
112143 1
112144 4
112146 2
112147 5
112148 0
112151 3
112158 1
112159 4
112161 2
112162 4
112163 0
112166 3
112174 1
112175 4
112177 0
112177 2
112177 5
112180 3
112188 1
112189 4
112192 0
112192 2
112192 4
112196 3
112204 1
112205 4
112207 0
112207 2
112207 5
112210 3
112218 1
112219 4
112221 0
112222 4
112223 2
112226 3
112227 5
112234 1
112235 4
112236 0
112237 4
112238 2
112240 3
112241 5
112249 1
112250 0
112250 4
112252 5
112254 2
112255 3
112256 5
112263 1
112264 4
112265 0
112267 4
112269 2
112271 3
112272 5
112279 1
112280 0
112280 4
112282 4
112284 2
112285 3
112286 5
112295 0
112295 1
112296 4
112297 5
112299 2
112299 3
112300 5
112309 0
112309 1
112310 4
112312 4
112315 2
112315 3
112316 5
112324 0
112325 1
112326 4
112327 4
112329 3
112330 2
112331 5
112339 0
112341 1
112342 4
112343 3
112345 2
112346 5
112354 0
112356 1
112357 4
112358 3
112360 2
112361 5
112369 0
112372 1
112372 3
112372 4
112375 2
112384 0
112386 3
112387 5
112388 1
112390 2
112399 0
112402 1
112402 3
112402 4
112405 2
112414 0
112416 3
112417 4
112418 1
112420 2
112429 0
112431 3
112432 4
112433 1
112435 2
112444 0
112445 3
112447 4
112449 1
112450 2
112459 0
112459 3
112462 4
112465 1
112465 2
112473 3
112474 5
112475 0
112477 4
112479 2
112481 1
112487 3
112488 5
112490 0
112492 5
112494 2
112497 1
112503 3
112504 5
112505 0
112507 4
112509 2
112511 1
112518 3
112519 5
112521 0
112522 4
112523 2
112526 1
112532 3
112533 5
112536 0
112537 5
112538 2
112542 1
112548 3
112549 5
112552 0
112552 2
112552 4
112556 1
112562 3
112563 5
112567 0
112567 2
112567 5
112572 1
112578 3
112579 5
112581 2
112582 4
112583 0
112586 1
112587 4
112592 3
112593 5
112596 2
112597 5
112598 0
112602 1
112603 4
112608 3
112609 5
112610 2
112612 5
112614 0
112616 1
112617 4
112623 3
112624 5
112625 2
112627 4
112629 0
112631 1
112632 4
112637 3
112638 5
112640 2
112642 5
112644 0
112647 1
112648 4
112653 3
112654 2
112654 5
112657 5
112660 0
112661 1
112662 4
112669 2
112669 3
112670 5
112672 5
112675 0
112675 1
112676 4
112684 2
112685 3
112686 5
112687 5
112689 1
112690 0
112691 4
112698 2
112701 3
112702 5
112703 1
112706 0
112707 4
