9982 0
9982 1
9982 2
9982 3
9982 4
9996 3
9997 0
9997 2
9997 4
9998 1
10010 3
10012 0
10012 2
10012 5
10014 1
10026 3
10027 0
10027 2
10027 4
10028 1
10040 3
10042 0
10042 2
10042 5
10044 1
10056 3
10057 0
10057 2
10057 5
10058 1
10072 0
10072 1
10072 2
10072 3
10072 4
10086 3
10087 0
10087 2
10087 5
10088 1
10101 2
10102 1
10102 3
10102 4
10103 0
10116 2
10116 3
10117 5
10118 0
10118 1
10131 2
10132 1
10132 3
10132 4
10133 0
10146 2
10146 3
10147 5
10148 0
10148 1
10161 2
10162 1
10162 3
10162 5
10163 0
10176 1
10176 2
10177 4
10178 0
10178 3
10191 2
10192 1
10192 3
10192 5
10193 0
10206 1
10206 2
10207 4
10208 0
10208 3
10221 2
10222 1
10222 3
10222 5
10223 0
10236 1
10236 2
10237 4
10238 0
10238 3
10251 2
10252 1
10252 3
10252 5
10253 0
10266 2
10267 1
10267 3
10267 5
10268 0
10281 1
10281 2
10282 4
10283 0
10283 3
10296 2
10297 1
10297 3
10297 4
10298 0
10311 3
10312 0
10312 2
10312 5
10313 1
10326 2
10327 1
10327 3
10327 5
10328 0
10341 1
10341 2
10342 4
10343 0
10343 3
10357 0
10357 1
10357 2
10357 3
10357 4
10371 3
10372 0
10372 2
10372 5
10373 1
10387 0
10387 1
10387 2
10387 3
10387 4
10401 3
10402 0
10402 2
10402 5
10403 1
10417 0
10417 1
10417 2
10417 3
10417 5
10431 1
10432 0
10432 2
10432 5
10433 3
10445 1
10447 0
10447 2
10447 4
10449 3
10461 1
10462 0
10462 2
10462 4
10463 3
10477 0
10477 1
10477 2
10477 3
10477 5
10491 1
10492 0
10492 2
10492 5
10493 3
10505 1
10507 0
10507 2
10507 4
10509 3
10521 1
10522 0
10522 2
10522 5
10523 3
10535 1
10537 0
10537 2
10537 4
10539 3
10551 0
10551 1
10552 4
10553 2
10553 3
10566 0
10567 1
10567 3
10567 5
10568 2
10581 0
10581 1
10582 4
10583 2
10583 3
10596 0
10597 1
10597 3
10597 4
10598 2
10611 0
10611 3
10612 4
10613 1
10613 2
10625 3
10626 0
10627 4
10628 2
10629 1
10639 3
10641 0
10642 5
10643 2
10645 1
10655 3
10657 0
10657 2
10657 5
10659 1
10671 3
10672 0
10672 2
10672 5
10673 1
10687 0
10687 1
10687 2
10687 3
10687 5
10701 1
10702 0
10702 2
10702 5
10703 3
10714 1
10717 0
10717 2
10717 4
10720 3
10730 1
10731 0
10732 4
10733 2
10734 3
10746 0
10746 1
10747 5
10748 2
10748 3
10760 1
10761 0
10762 4
10763 2
10764 3
10776 0
10776 1
10777 4
10778 2
10778 3
10791 0
10792 1
10792 3
10792 5
10793 2
10806 0
10806 1
10807 4
10808 2
10808 3
10821 0
10822 1
10822 3
10822 5
10823 2
10836 0
10836 1
10837 4
10838 2
10838 3
10851 0
10852 1
10852 3
10852 4
10853 2
10866 0
10866 3
10867 4
10868 1
10868 2
10880 3
10881 0
10882 4
10883 2
10884 1
10894 3
10896 0
10897 4
10898 2
10900 1
10908 3
10911 0
10912 4
10913 2
10916 1
10922 3
10927 0
10927 2
10927 5
10932 1
10938 3
10942 0
10942 2
10942 4
10946 1
10952 3
10956 2
10957 5
10958 0
10962 1
10968 3
10971 2
10972 5
10973 0
10976 1
10984 3
10985 2
10987 5
10989 0
10990 1
11000 2
11000 3
11002 5
11004 0
11004 1
11015 2
11016 3
11017 5
11018 1
11019 0
11030 2
11032 1
11032 3
11032 4
11034 0
11045 2
11046 3
11047 4
11048 1
11049 0
11059 3
11060 2
11062 4
11064 0
11065 1
11073 3
11074 2
11077 4
11080 0
11081 1
11087 3
11089 2
11092 5
11095 0
11097 1
11103 3
11104 2
11107 4
11110 0
11111 1
11117 3
11118 2
11122 4
11126 0
11127 1
