76132 0
76132 1
76132 2
76132 3
76132 4
76146 3
76147 0
76147 2
76147 5
76148 1
76162 0
76162 1
76162 2
76162 3
76162 5
76176 1
76177 0
76177 2
76177 4
76178 3
76192 0
76192 1
76192 2
76192 3
76192 4
76206 3
76207 0
76207 2
76207 5
76208 1
76222 0
76222 1
76222 2
76222 3
76222 4
76236 3
76237 0
76237 2
76237 5
76238 1
76252 0
76252 1
76252 2
76252 3
76252 4
76266 3
76267 0
76267 2
76267 5
76268 1
76282 0
76282 1
76282 2
76282 3
76282 4
76296 3
76297 0
76297 2
76297 5
76298 1
76311 2
76312 1
76312 3
76312 5
76313 0
76326 1
76326 2
76327 4
76328 0
76328 3
76341 2
76342 1
76342 3
76342 5
76343 0
76356 1
76356 2
76357 4
76358 0
76358 3
76372 0
76372 1
76372 2
76372 3
76372 5
76386 1
76386 2
76387 4
76388 0
76388 3
76402 0
76402 1
76402 2
76402 3
76402 5
76416 1
76417 0
76417 2
76417 4
76417 5
76418 3
76430 1
76431 4
76432 0
76432 2
76432 4
76434 3
76446 1
76447 0
76447 2
76447 4
76447 5
76448 3
76460 1
76461 4
76462 0
76462 2
76462 5
76464 3
76474 1
76475 4
76477 0
76477 2
76477 5
76480 3
76488 1
76489 4
76492 0
76492 2
76492 4
76496 3
76504 1
76505 4
76506 0
76507 4
76508 2
76510 3
76511 5
76520 1
76521 0
76521 4
76522 4
76523 2
76524 3
76536 0
76536 1
76537 4
76538 2
76538 3
76551 0
76552 1
76552 3
76552 5
76553 2
76566 0
76566 1
76567 4
76568 2
76568 3
76581 0
76582 1
76582 3
76582 4
76583 2
76596 0
76596 3
76597 5
76598 1
76598 2
76611 0
76612 1
76612 3
76612 4
76613 2
76626 0
76626 3
76627 5
76628 1
76628 2
76641 0
76642 1
76642 3
76642 4
76643 2
76656 0
76656 3
76657 5
76658 1
76658 2
76671 0
76672 1
76672 3
76672 4
76673 2
76686 0
76686 3
76687 4
76688 1
76688 2
76700 3
76701 0
76701 5
76702 5
76703 2
76704 1
76716 3
76717 0
76717 2
76717 4
76717 5
76718 1
76730 3
76731 5
76732 0
76732 2
76732 5
76734 1
76746 3
76747 0
76747 2
76747 4
76747 5
76748 1
76760 3
76761 5
76762 0
76762 2
76762 4
76764 1
76774 3
76775 5
76777 0
76777 2
76777 5
76780 1
76790 3
76791 5
76792 0
76792 2
76792 5
76794 1
76806 2
76806 3
76807 4
76807 5
76808 0
76808 1
76820 3
76821 2
76821 5
76822 5
76823 0
76824 1
76836 2
76836 3
76837 5
76838 0
76838 1
76851 2
76852 1
76852 3
76852 4
76853 0
76866 2
76866 3
76867 5
76868 0
76868 1
76881 2
76882 1
76882 3
76882 4
76883 0
76896 2
76896 3
76897 5
76898 0
76898 1
76911 2
76912 1
76912 3
76912 5
76913 0
76926 1
76926 2
76927 4
76928 0
76928 3
76941 2
76942 1
76942 3
76942 5
76943 0
76956 1
76956 2
76957 4
76958 0
76958 3
76971 2
76972 1
76972 3
76972 5
76973 0
76986 1
76986 2
76987 5
76988 0
76988 3
77000 1
77001 2
77001 4
77002 4
77003 0
77004 3
77016 1
77016 2
77017 5
77018 0
77018 3
77030 1
77031 2
77031 4
77032 4
77033 0
77034 3
77047 0
77047 1
77047 2
77047 3
77047 5
77061 1
77062 0
77062 2
77062 4
77063 3
77077 0
77077 1
77077 2
77077 3
77077 5
77091 1
77092 0
77092 2
77092 4
77092 5
77093 3
77105 1
77106 4
77107 0
77107 2
77107 4
77109 3
77121 1
77122 0
77122 2
77122 4
77123 3
77137 0
77137 1
77137 2
77137 3
77137 4
77151 3
77152 0
77152 2
77152 5
77153 1
77167 0
77167 1
77167 2
77167 3
77167 5
77181 1
77182 0
77182 2
77182 4
77183 3
77197 0
77197 1
77197 2
77197 3
77197 5
77211 1
77212 0
77212 2
77212 4
77213 3
77226 0
77227 1
77227 3
77227 5
77228 2
77241 0
77241 1
77242 4
77243 2
77243 3
77256 0
77256 1
77257 4
77257 5
77258 2
77258 3
77270 1
77271 0
77271 4
77272 4
77273 2
77274 3
77286 0
77286 1
77287 4
77288 2
77288 3
77301 0
77302 1
77302 3
77302 5
77303 2
77316 0
77316 1
77317 4
77318 2
77318 3
77331 0
77332 1
77332 3
77332 5
77333 2
77346 0
77346 1
77347 4
77348 2
77348 3
77361 0
77362 1
77362 3
77362 4
77363 2
77376 0
77376 3
77377 5
77378 1
77378 2
77391 0
77392 1
77392 3
77392 4
77393 2
77406 0
77406 3
77407 5
77408 1
77408 2
77421 0
77422 1
77422 3
77422 4
77423 2
77436 0
77436 3
77437 4
77438 1
77438 2
77450 3
77451 0
77451 5
77452 5
77453 2
77454 1
77466 0
77466 3
77467 4
77468 1
77468 2
77480 3
77481 0
77481 5
77482 5
77483 2
77484 1
77496 3
77497 0
77497 2
77497 4
77497 5
77498 1
77510 3
77511 5
77512 0
77512 2
77512 5
77514 1
77526 3
77527 0
77527 2
77527 4
77527 5
77528 1
77540 3
77541 5
77542 0
77542 2
77542 4
77544 1
77554 3
77555 5
77557 0
77557 2
77557 5
77560 1
77570 3
77571 5
77572 0
77572 2
77572 5
77574 1
77586 3
77587 0
77587 2
77587 4
77587 5
77588 1
77600 3
77601 5
77602 0
77602 2
77602 5
77604 1
77616 2
77616 3
77617 4
77617 5
77618 0
77618 1
77630 3
77631 2
77631 5
77632 5
77633 0
77634 1
77646 2
77646 3
77647 4
77647 5
77648 0
77648 1
77660 3
77661 2
77661 5
77662 5
77663 0
77664 1
77676 2
77676 3
77677 5
77678 0
77678 1
77691 2
77692 1
77692 3
77692 4
77693 0
77706 2
77706 3
77707 4
77707 5
77708 0
77708 1
77720 3
77721 2
77721 5
77722 5
77723 0
77724 1
77736 2
77736 3
77737 5
77738 0
77738 1
77750 2
77752 1
77752 3
77752 5
77754 0
77765 2
77766 1
77767 5
77768 3
77769 0
77780 1
77781 2
77782 5
77783 0
77784 3
77794 1
77796 2
77797 4
77798 0
77800 3
77811 1
77811 2
77812 4
77813 0
77813 3
77826 2
77827 1
77827 3
77827 5
77828 0
77841 1
77841 2
77842 5
77843 0
77843 3
77855 1
77856 2
77857 4
77858 0
77859 3
77871 1
77871 2
77872 5
77873 0
77873 3
77885 1
77887 0
77887 2
77887 4
77889 3
77901 1
77902 0
77902 2
77902 5
77903 3
77915 1
77917 0
77917 2
77917 4
77919 3
77931 1
77932 0
77932 2
77932 5
77933 3
77945 1
77947 0
77947 2
77947 4
77949 3
77961 1
77962 0
77962 2
77962 5
77963 3
77975 1
77976 0
77977 4
77978 2
77979 3
77980 5
77991 0
77991 1
77992 4
77992 5
77993 2
77993 3
78005 1
78006 0
78007 4
78008 2
78009 3
78010 5
78021 0
78021 1
78022 4
78023 2
78023 3
78036 0
78037 1
78037 3
78037 5
78038 2
78050 1
78051 0
78052 4
78053 2
78054 3
78055 5
78066 0
78066 1
78067 4
78067 5
78068 2
78068 3
78080 0
78080 1
78081 4
78082 4
78084 2
78084 3
78085 5
78095 0
78096 1
78097 4
78098 3
78099 2
78100 5
78110 0
78112 1
78112 3
78112 4
78114 2
78125 0
78126 3
78127 5
78128 1
78129 2
78140 0
78142 1
78142 3
78142 4
78144 2
78155 0
78156 3
78156 4
78157 4
78158 1
78159 2
78170 0
78170 3
78172 5
78174 1
78174 2
78186 0
78186 3
78187 4
78188 1
78188 2
78201 0
78201 3
78202 4
78203 1
78203 2
78215 3
78216 0
78216 5
78217 5
78218 2
78219 1
78231 0
78231 3
78232 4
78233 1
78233 2
78245 3
78246 0
78246 5
78247 4
78248 2
78249 1
78259 3
78260 5
78261 0
78262 5
78263 2
78265 1
78275 3
78276 5
78277 0
78277 2
78277 4
78279 1
78289 3
78290 5
78292 0
78292 2
78292 5
78295 1
78305 3
78306 5
78307 0
78307 2
78307 4
78309 1
78319 3
78320 5
78322 0
78322 2
78322 5
78325 1
78335 3
78336 2
78336 5
78337 4
78338 0
78339 1
78349 3
78350 5
78351 2
78352 5
78353 0
78355 1
78356 4
78365 3
78366 2
78366 5
78367 5
78368 0
78369 1
78381 2
78381 3
78382 4
78382 5
78383 0
78383 1
78395 2
78395 3
78396 5
78397 5
78399 0
78399 1
78400 4
78410 2
78410 3
78411 5
78412 5
78414 0
78414 1
78415 4
78425 2
78426 3
78427 4
78427 5
78428 1
78429 0
78440 2
78440 3
78441 5
78442 5
78444 0
78444 1
78445 4
78455 2
78456 3
78457 5
78458 1
78459 0
78460 4
78470 2
78472 1
78472 3
78472 5
78474 0
78485 2
78486 1
78487 4
78488 3
78489 0
78500 2
78502 1
78502 3
78502 5
78504 0
78515 2
78516 1
78517 5
78518 3
78519 0
78530 2
78531 1
78532 5
78533 3
78534 0
78545 1
78545 2
78547 4
78549 0
78549 3
78560 2
78561 1
78562 5
78563 3
78564 0
78575 1
78575 2
78577 5
78579 0
78579 3
78589 1
78591 2
78592 4
78593 0
78595 3
78605 1
78606 2
78607 4
78608 0
78609 3
78621 1
78621 2
78622 5
78623 0
78623 3
78635 1
78636 2
78636 4
78637 5
78638 0
78639 3
78649 1
78650 4
78651 2
78652 5
78653 0
78655 3
78663 1
78664 4
78666 2
78667 4
78668 0
78671 3
78679 1
78680 4
78682 0
78682 2
78682 5
78685 3
78693 1
78694 4
78697 0
78697 2
78697 4
78701 3
78709 1
78710 4
78712 0
78712 2
78712 5
78715 3
78723 1
78724 4
78726 0
78727 4
78728 2
78731 3
78732 5
78739 1
78740 4
78741 0
78742 5
78743 2
78745 3
78746 5
78753 1
78754 4
78756 0
78757 4
78758 2
78761 3
78762 5
78769 1
78770 0
78770 4
78772 4
78774 2
78775 3
78776 5
78785 0
78785 1
78786 4
78787 5
78789 2
78789 3
78790 5
78799 1
78800 0
78800 4
78802 4
78804 2
78805 3
78806 5
78815 0
78815 1
78816 4
78817 4
78819 2
78819 3
78820 5
78829 0
78831 1
78832 4
78833 3
78835 2
78836 5
78844 0
78847 1
78847 3
78847 5
78850 2
78859 0
78860 1
78861 4
78862 4
78864 3
78865 2
78866 5
78874 0
78876 1
78877 4
78878 3
78880 2
78881 5
78889 0
78892 1
78892 3
78892 4
78895 2
78904 0
78906 3
78907 5
78908 1
78910 2
78919 0
78922 1
78922 3
78922 4
78925 2
78934 0
78936 3
78937 4
78938 1
78940 2
78949 0
78951 3
78952 4
78953 1
78955 2
78964 0
78965 3
78967 4
78969 1
78970 2
78979 3
78980 0
78980 5
78982 4
78984 2
78985 1
78993 3
78994 5
78995 0
78997 5
78999 2
79001 1
79009 3
79010 0
79010 5
79012 4
79014 2
79015 1
79023 3
79024 5
79025 0
79027 4
79029 2
79031 1
79037 3
79038 5
79041 0
79042 4
79043 2
79047 1
79052 3
79053 5
79056 0
79057 5
79058 2
79062 1
79068 3
79069 5
79072 0
79072 2
79072 4
79076 1
79082 3
79083 5
79087 0
79087 2
79087 5
79092 1
79098 3
79099 5
79101 2
79102 4
79103 0
79106 1
79107 4
79112 3
79113 5
79116 2
79117 4
79118 0
79122 1
79123 4
79125 3
79126 5
79130 2
79132 4
79134 0
79139 1
