209241 2
209242 1
209242 3
209242 5
209243 0
209256 1
209256 2
209257 4
209258 0
209258 3
209271 2
209272 1
209272 3
209272 5
209273 0
209286 1
209286 2
209287 4
209288 0
209288 3
209301 2
209302 1
209302 3
209302 5
209303 0
209316 1
209316 2
209317 4
209318 0
209318 3
209332 0
209332 1
209332 2
209332 3
209332 5
209346 1
209347 0
209347 2
209347 4
209347 5
209348 3
209360 1
209361 4
209362 0
209362 2
209362 4
209364 3
209376 1
209377 0
209377 2
209377 4
209377 5
209378 3
209390 1
209391 4
209392 0
209392 2
209392 4
209394 3
209406 1
209407 0
209407 2
209407 4
209407 5
209408 3
209420 1
209421 4
209422 0
209422 2
209422 4
209424 3
209436 1
209437 0
209437 2
209437 4
209437 5
209438 3
209450 1
209451 4
209452 0
209452 2
209452 4
209454 3
209466 0
209466 1
209467 4
209468 2
209468 3
209481 0
209482 1
209482 3
209482 5
209483 2
209496 0
209496 1
209497 4
209498 2
209498 3
209511 0
209512 1
209512 3
209512 5
209513 2
209526 0
209526 1
209527 4
209528 2
209528 3
209541 0
209542 1
209542 3
209542 5
209543 2
209556 0
209556 1
209557 4
209558 2
209558 3
209571 0
209572 1
209572 3
209572 4
209573 2
209586 0
209586 3
209587 5
209588 1
209588 2
209601 0
209602 1
209602 3
209602 4
209603 2
209616 0
209616 3
209617 5
209618 1
209618 2
209631 0
209632 1
209632 3
209632 4
209633 2
209646 0
209646 3
209647 4
209648 1
209648 2
209660 3
209661 0
209662 5
209663 2
209664 1
209676 0
209676 3
209677 4
209678 1
209678 2
209690 3
209691 0
209692 5
209693 2
209694 1
209707 0
209707 1
209707 2
209707 3
209707 4
209721 3
209722 0
209722 2
209722 5
209723 1
209737 0
209737 1
209737 2
209737 3
209737 4
209751 3
209752 0
209752 2
209752 5
209753 1
209767 0
209767 1
209767 2
209767 3
209767 4
209781 3
209782 0
209782 2
209782 5
209783 1
209797 0
209797 1
209797 2
209797 3
209797 4
209811 3
209812 0
209812 2
209812 5
209813 1
209827 0
209827 1
209827 2
209827 3
209827 4
209841 3
209842 0
209842 2
209842 5
209843 1
209856 2
209857 1
209857 3
209857 5
209858 0
209871 1
209871 2
209872 4
209873 0
209873 3
209886 2
209886 3
209887 4
209887 5
209888 0
209888 1
209900 3
209901 2
209901 5
209902 5
209903 0
209904 1
209916 2
209916 3
209917 5
209918 0
209918 1
209931 2
209932 1
209932 3
209932 4
209933 0
209946 2
209946 3
209947 5
209948 0
209948 1
209961 2
209962 1
209962 3
209962 4
209963 0
209976 2
209976 3
209977 5
209978 0
209978 1
209991 2
209992 1
209992 3
209992 5
209993 0
210006 1
210006 2
210007 4
210008 0
210008 3
210021 2
210022 1
210022 3
210022 5
210023 0
210036 1
210036 2
210037 4
210038 0
210038 3
210051 2
210052 1
210052 3
210052 5
210053 0
210066 1
210066 2
210067 5
210068 0
210068 3
210080 1
210081 2
210081 4
210082 4
210083 0
210084 3
210096 1
210097 0
210097 2
210097 4
210098 3
210112 0
210112 1
210112 2
210112 3
210112 5
210126 1
210127 0
210127 2
210127 4
210127 5
210128 3
210140 1
210141 4
210142 0
210142 2
210142 4
210144 3
210156 1
210157 0
210157 2
210157 4
210157 5
210158 3
210170 1
210171 4
210172 0
210172 2
210172 4
210174 3
210186 1
210187 0
210187 2
210187 4
210187 5
210188 3
210200 1
210201 4
210202 0
210202 2
210202 4
210204 3
210216 1
210217 0
210217 2
210217 4
210217 5
210218 3
210230 1
210231 4
210232 0
210232 2
210232 4
210234 3
210246 0
210246 1
210247 4
210247 5
210248 2
210248 3
210260 1
210261 0
210261 4
210262 4
210263 2
210264 3
210276 0
210276 1
210277 4
210278 2
210278 3
210291 0
210292 1
210292 3
210292 5
210293 2
210306 0
210306 1
210307 4
210308 2
210308 3
210321 0
210322 1
210322 3
210322 4
210323 2
210336 0
210336 3
210337 5
210338 1
210338 2
210351 0
210352 1
210352 3
210352 4
210353 2
210366 0
210366 3
210367 5
210368 1
210368 2
210381 0
210382 1
210382 3
210382 4
210383 2
210396 0
210396 3
210397 4
210398 1
210398 2
210410 3
210411 0
210412 5
210413 2
210414 1
210426 0
210426 3
210427 4
210428 1
210428 2
210440 3
210441 0
210442 5
210443 2
210444 1
210457 0
210457 1
210457 2
210457 3
210457 4
210471 3
210472 0
210472 2
210472 5
210473 1
210487 0
210487 1
210487 2
210487 3
210487 4
210501 3
210502 0
210502 2
210502 5
210503 1
210517 0
210517 1
210517 2
210517 3
210517 4
210531 3
210532 0
210532 2
210532 5
210533 1
210547 0
210547 1
210547 2
210547 3
210547 4
210561 3
210562 0
210562 2
210562 5
210563 1
210577 0
210577 1
210577 2
210577 3
210577 4
210591 3
210592 0
210592 2
210592 5
210593 1
210607 0
210607 1
210607 2
210607 3
210607 4
210621 3
210622 0
210622 2
210622 5
210623 1
210636 2
210637 1
210637 3
210637 4
210638 0
210650 3
210651 2
210651 5
210652 5
210653 0
210654 1
210666 2
210666 3
210667 4
210667 5
210668 0
210668 1
210680 3
210681 2
210681 5
210682 5
210683 0
210684 1
210696 2
210696 3
210697 5
210698 0
210698 1
210711 2
210712 1
210712 3
210712 4
210713 0
210726 2
210726 3
210727 5
210728 0
210728 1
210741 2
210742 1
210742 3
210742 4
210743 0
210756 2
210756 3
210757 5
210758 0
210758 1
210771 2
210772 1
210772 3
210772 5
210773 0
210786 1
210786 2
210787 4
210788 0
210788 3
210801 2
210802 1
210802 3
210802 5
210803 0
210816 1
210816 2
210817 5
210818 0
210818 3
210830 1
210831 2
210831 4
210832 4
210833 0
210834 3
210846 1
210846 2
210847 5
210848 0
210848 3
210860 1
210861 2
210861 4
210862 4
210863 0
210864 3
210876 1
210876 2
210877 5
210878 0
210878 3
210890 1
210891 4
210892 0
210892 2
210892 4
210894 3
210906 1
210907 0
210907 2
210907 4
210907 5
210908 3
210920 1
210921 4
210922 0
210922 2
210922 4
210924 3
210936 1
210937 0
210937 2
210937 4
210937 5
210938 3
210950 1
210951 4
210952 0
210952 2
210952 4
210954 3
210966 1
210967 0
210967 2
210967 4
210967 5
210968 3
210980 1
210981 4
210982 0
210982 2
210982 4
210984 3
210996 1
210997 0
210997 2
210997 4
210997 5
210998 3
211010 1
211011 4
211012 0
211012 2
211012 4
211014 3
211026 0
211026 1
211027 4
211027 5
211028 2
211028 3
211040 1
211041 0
211041 4
211042 4
211043 2
211044 3
211056 0
211056 1
211057 4
211057 5
211058 2
211058 3
211070 1
211071 0
211071 4
211072 4
211073 2
211074 3
211086 0
211086 1
211087 4
211088 2
211088 3
211101 0
211102 1
211102 3
211102 5
211103 2
211116 0
211116 1
211117 4
211118 2
211118 3
211131 0
211132 1
211132 3
211132 4
211133 2
211146 0
211146 3
211147 5
211148 1
211148 2
211161 0
211162 1
211162 3
211162 4
211163 2
211176 0
211176 3
211177 5
211178 1
211178 2
211191 0
211192 1
211192 3
211192 4
211193 2
211206 0
211206 3
211207 4
211208 1
211208 2
211220 3
211221 0
211222 5
211223 2
211224 1
211236 0
211236 3
211237 4
211238 1
211238 2
211251 0
211251 3
211252 5
211253 1
211253 2
211266 0
211267 1
211267 3
211267 4
211268 2
211281 0
211281 3
211282 4
211283 1
211283 2
211295 3
211297 0
211297 2
211297 4
211299 1
211309 3
211312 0
211312 2
211312 5
211315 1
211325 3
211327 0
211327 2
211327 5
211329 1
211341 3
211342 0
211342 2
211342 4
211343 1
211355 3
211357 0
211357 2
211357 5
211359 1
211371 2
211371 3
211372 5
211373 0
211373 1
211386 2
211387 1
211387 3
211387 4
211388 0
211401 2
211401 3
211402 5
211403 0
211403 1
211416 2
211417 1
211417 3
211417 4
211418 0
211430 3
211431 2
211431 5
211432 5
211433 0
211434 1
211446 2
211446 3
211447 5
211448 0
211448 1
211461 2
211462 1
211462 3
211462 4
211463 0
211476 2
211476 3
211477 5
211478 0
211478 1
211491 2
211492 1
211492 3
211492 4
211493 0
211506 2
211506 3
211507 5
211508 0
211508 1
211521 2
211522 1
211522 3
211522 5
211523 0
211536 1
211536 2
211537 4
211538 0
211538 3
211551 2
211552 1
211552 3
211552 5
211553 0
211566 1
211566 2
211567 5
211568 0
211568 3
211580 1
211581 2
211581 4
211582 4
211583 0
211584 3
211596 1
211596 2
211597 5
211598 0
211598 3
211610 1
211611 2
211611 4
211612 4
211613 0
211614 3
211626 1
211626 2
211627 5
211628 0
211628 3
211640 1
211641 2
211641 4
211642 5
211643 0
211644 3
211654 1
211655 4
211657 0
211657 2
211657 4
211660 3
211670 1
211671 4
211672 0
211672 2
211672 5
211674 3
211684 1
211685 4
211687 0
211687 2
211687 4
211690 3
211701 1
211702 0
211702 2
211702 4
211702 5
211703 3
211714 1
211715 4
211717 0
211717 2
211717 4
211720 3
211730 1
211731 0
211731 4
211732 5
211733 2
211734 3
211744 1
211745 4
211746 0
211747 4
211748 2
211750 3
211751 5
211760 1
211761 0
211761 4
211762 4
211763 2
211764 3
211776 0
211776 1
211777 4
211777 5
211778 2
211778 3
211790 1
211791 0
211791 4
211792 4
211793 2
211794 3
211806 0
211806 1
211807 4
211808 2
211808 3
211821 0
211822 1
211822 3
211822 5
211823 2
211836 0
211836 1
211837 4
211838 2
211838 3
211851 0
211852 1
211852 3
211852 4
211853 2
211866 0
211866 3
211867 5
211868 1
211868 2
211881 0
211882 1
211882 3
211882 4
211883 2
211896 0
211896 3
211897 4
211898 1
211898 2
211910 3
211911 0
211912 5
211913 2
211914 1
211926 0
211926 3
211927 4
211928 1
211928 2
211941 0
211941 3
211942 4
211943 1
211943 2
211955 3
211956 0
211957 5
211958 2
211959 1
211971 0
211971 3
211972 4
211973 1
211973 2
211985 3
211986 0
211987 5
211988 2
211989 1
212001 3
212002 0
212002 2
212002 4
212003 1
212015 3
212017 0
212017 2
212017 5
212019 1
212031 3
212032 0
212032 2
212032 4
212033 1
212045 3
212047 0
212047 2
212047 5
212049 1
212061 3
212062 0
212062 2
212062 4
212063 1
212075 3
212076 5
212077 0
212077 2
212077 5
212079 1
212091 2
212091 3
212092 4
212092 5
212093 0
212093 1
212105 3
212106 2
212106 5
212107 5
212108 0
212109 1
212121 2
212121 3
212122 4
212122 5
212123 0
212123 1
212135 3
212136 2
212136 5
212137 5
212138 0
212139 1
212151 2
212151 3
212152 5
212153 0
212153 1
212166 2
212167 1
212167 3
212167 4
212168 0
212180 3
212181 2
212181 5
212182 5
212183 0
212184 1
212195 2
212196 3
212197 5
212198 1
212199 0
212210 2
212212 1
212212 3
212212 4
212214 0
212225 2
212226 3
212227 5
212228 1
212229 0
212240 2
212242 1
212242 3
212242 5
212244 0
