6945 tensor([[ 0.1291,  0.0586],
        [ 0.0351, -0.0346],
        [-0.1448, -0.0463],
        [-0.0671,  0.0394]], device='cuda:0')
6946 tensor([[ 0.1290,  0.0585],
        [ 0.0350, -0.0347],
        [-0.1448, -0.0462],
        [-0.0670,  0.0394]], device='cuda:0')
6947 tensor([[ 0.1290,  0.0584],
        [ 0.0350, -0.0348],
        [-0.1448, -0.0461],
        [-0.0670,  0.0395]], device='cuda:0')
6948 tensor([[ 0.1290,  0.0583],
        [ 0.0349, -0.0348],
        [-0.1448, -0.0460],
        [-0.0669,  0.0396]], device='cuda:0')
6949 tensor([[ 0.1290,  0.0582],
        [ 0.0348, -0.0349],
        [-0.1447, -0.0459],
        [-0.0669,  0.0397]], device='cuda:0')
6950 tensor([[ 0.1289,  0.0582],
        [ 0.0348, -0.0350],
        [-0.1447, -0.0458],
        [-0.0668,  0.0397]], device='cuda:0')
6951 tensor([[ 0.1289,  0.0581],
        [ 0.0347, -0.0350],
        [-0.1447, -0.0457],
        [-0.0668,  0.0398]], device='cuda:0')
6952 tensor([[ 0.1289,  0.0580],
        [ 0.0346, -0.0351],
        [-0.1447, -0.0456],
        [-0.0667,  0.0399]], device='cuda:0')
6953 tensor([[ 0.1288,  0.0579],
        [ 0.0346, -0.0352],
        [-0.1447, -0.0455],
        [-0.0667,  0.0399]], device='cuda:0')
6954 tensor([[ 0.1288,  0.0578],
        [ 0.0345, -0.0352],
        [-0.1446, -0.0454],
        [-0.0666,  0.0400]], device='cuda:0')
6955 tensor([[ 0.1288,  0.0577],
        [ 0.0345, -0.0353],
        [-0.1446, -0.0452],
        [-0.0666,  0.0401]], device='cuda:0')
6956 tensor([[ 0.1288,  0.0576],
        [ 0.0344, -0.0353],
        [-0.1446, -0.0451],
        [-0.0665,  0.0401]], device='cuda:0')
6957 tensor([[ 0.1287,  0.0574],
        [ 0.0343, -0.0354],
        [-0.1446, -0.0450],
        [-0.0665,  0.0402]], device='cuda:0')
6958 tensor([[ 0.1287,  0.0573],
        [ 0.0343, -0.0354],
        [-0.1446, -0.0449],
        [-0.0664,  0.0403]], device='cuda:0')
6959 tensor([[ 0.1287,  0.0572],
        [ 0.0342, -0.0355],
        [-0.1446, -0.0447],
        [-0.0664,  0.0403]], device='cuda:0')
6960 tensor([[ 0.1287,  0.0571],
        [ 0.0341, -0.0356],
        [-0.1445, -0.0446],
        [-0.0663,  0.0404]], device='cuda:0')
6961 tensor([[ 0.1286,  0.0570],
        [ 0.0341, -0.0356],
        [-0.1445, -0.0445],
        [-0.0663,  0.0405]], device='cuda:0')
6962 tensor([[ 0.1286,  0.0569],
        [ 0.0340, -0.0357],
        [-0.1445, -0.0444],
        [-0.0662,  0.0405]], device='cuda:0')
6963 tensor([[ 0.1286,  0.0568],
        [ 0.0340, -0.0357],
        [-0.1445, -0.0443],
        [-0.0662,  0.0406]], device='cuda:0')
6964 tensor([[ 0.1286,  0.0566],
        [ 0.0339, -0.0358],
        [-0.1445, -0.0441],
        [-0.0661,  0.0407]], device='cuda:0')
6965 tensor([[ 0.1285,  0.0565],
        [ 0.0339, -0.0358],
        [-0.1444, -0.0440],
        [-0.0661,  0.0407]], device='cuda:0')
6966 tensor([[ 0.1285,  0.0564],
        [ 0.0338, -0.0359],
        [-0.1444, -0.0439],
        [-0.0660,  0.0408]], device='cuda:0')
6967 tensor([[ 0.1285,  0.0563],
        [ 0.0337, -0.0359],
        [-0.1444, -0.0438],
        [-0.0660,  0.0409]], device='cuda:0')
6968 tensor([[ 0.1285,  0.0562],
        [ 0.0337, -0.0360],
        [-0.1444, -0.0437],
        [-0.0659,  0.0409]], device='cuda:0')
6969 tensor([[ 0.1284,  0.0561],
        [ 0.0337, -0.0361],
        [-0.1443, -0.0436],
        [-0.0659,  0.0410]], device='cuda:0')
6970 tensor([[ 0.1283,  0.0560],
        [ 0.0337, -0.0361],
        [-0.1442, -0.0435],
        [-0.0659,  0.0410]], device='cuda:0')
6971 tensor([[ 0.1283,  0.0559],
        [ 0.0337, -0.0362],
        [-0.1442, -0.0434],
        [-0.0659,  0.0411]], device='cuda:0')
6972 tensor([[ 0.1282,  0.0557],
        [ 0.0337, -0.0362],
        [-0.1441, -0.0433],
        [-0.0659,  0.0412]], device='cuda:0')
6973 tensor([[ 0.1282,  0.0556],
        [ 0.0337, -0.0363],
        [-0.1441, -0.0432],
        [-0.0659,  0.0412]], device='cuda:0')
6974 tensor([[ 0.1281,  0.0555],
        [ 0.0336, -0.0363],
        [-0.1440, -0.0430],
        [-0.0659,  0.0413]], device='cuda:0')
6975 tensor([[ 0.1281,  0.0554],
        [ 0.0336, -0.0364],
        [-0.1439, -0.0429],
        [-0.0659,  0.0413]], device='cuda:0')
6976 tensor([[ 0.1280,  0.0553],
        [ 0.0336, -0.0365],
        [-0.1439, -0.0428],
        [-0.0658,  0.0414]], device='cuda:0')
6977 tensor([[ 0.1280,  0.0552],
        [ 0.0336, -0.0365],
        [-0.1438, -0.0427],
        [-0.0658,  0.0414]], device='cuda:0')
6978 tensor([[ 0.1279,  0.0551],
        [ 0.0336, -0.0366],
        [-0.1438, -0.0426],
        [-0.0658,  0.0415]], device='cuda:0')
6979 tensor([[ 0.1279,  0.0550],
        [ 0.0336, -0.0366],
        [-0.1437, -0.0425],
        [-0.0658,  0.0416]], device='cuda:0')
6980 tensor([[ 0.1278,  0.0549],
        [ 0.0336, -0.0367],
        [-0.1436, -0.0424],
        [-0.0658,  0.0416]], device='cuda:0')
6981 tensor([[ 0.1278,  0.0548],
        [ 0.0336, -0.0367],
        [-0.1436, -0.0423],
        [-0.0658,  0.0417]], device='cuda:0')
6982 tensor([[ 0.1277,  0.0546],
        [ 0.0335, -0.0368],
        [-0.1435, -0.0422],
        [-0.0658,  0.0417]], device='cuda:0')
6983 tensor([[ 0.1276,  0.0545],
        [ 0.0335, -0.0369],
        [-0.1435, -0.0421],
        [-0.0658,  0.0418]], device='cuda:0')
6984 tensor([[ 0.1276,  0.0544],
        [ 0.0335, -0.0369],
        [-0.1434, -0.0420],
        [-0.0657,  0.0418]], device='cuda:0')
6985 tensor([[ 0.1275,  0.0543],
        [ 0.0335, -0.0370],
        [-0.1434, -0.0419],
        [-0.0657,  0.0419]], device='cuda:0')
6986 tensor([[ 0.1275,  0.0542],
        [ 0.0335, -0.0370],
        [-0.1433, -0.0418],
        [-0.0657,  0.0419]], device='cuda:0')
6987 tensor([[ 0.1274,  0.0541],
        [ 0.0335, -0.0371],
        [-0.1433, -0.0417],
        [-0.0657,  0.0420]], device='cuda:0')
6988 tensor([[ 0.1274,  0.0540],
        [ 0.0335, -0.0371],
        [-0.1432, -0.0416],
        [-0.0657,  0.0420]], device='cuda:0')
6989 tensor([[ 0.1274,  0.0539],
        [ 0.0335, -0.0372],
        [-0.1432, -0.0415],
        [-0.0657,  0.0421]], device='cuda:0')
6990 tensor([[ 0.1273,  0.0538],
        [ 0.0335, -0.0372],
        [-0.1431, -0.0414],
        [-0.0657,  0.0421]], device='cuda:0')
6991 tensor([[ 0.1273,  0.0537],
        [ 0.0334, -0.0373],
        [-0.1430, -0.0413],
        [-0.0657,  0.0422]], device='cuda:0')
6992 tensor([[ 0.1272,  0.0536],
        [ 0.0334, -0.0373],
        [-0.1430, -0.0412],
        [-0.0656,  0.0422]], device='cuda:0')
6993 tensor([[ 0.1272,  0.0535],
        [ 0.0334, -0.0374],
        [-0.1429, -0.0412],
        [-0.0656,  0.0423]], device='cuda:0')
6994 tensor([[ 0.1271,  0.0534],
        [ 0.0334, -0.0374],
        [-0.1429, -0.0411],
        [-0.0656,  0.0423]], device='cuda:0')
6995 tensor([[ 0.1271,  0.0533],
        [ 0.0334, -0.0375],
        [-0.1428, -0.0410],
        [-0.0656,  0.0424]], device='cuda:0')
6996 tensor([[ 0.1270,  0.0532],
        [ 0.0334, -0.0375],
        [-0.1428, -0.0409],
        [-0.0656,  0.0424]], device='cuda:0')
6997 tensor([[ 0.1270,  0.0531],
        [ 0.0334, -0.0376],
        [-0.1427, -0.0408],
        [-0.0656,  0.0425]], device='cuda:0')
6998 tensor([[ 0.1269,  0.0530],
        [ 0.0334, -0.0376],
        [-0.1427, -0.0407],
        [-0.0656,  0.0426]], device='cuda:0')
6999 tensor([[ 0.1269,  0.0529],
        [ 0.0334, -0.0377],
        [-0.1426, -0.0406],
        [-0.0656,  0.0427]], device='cuda:0')
7000 tensor([[ 0.1268,  0.0528],
        [ 0.0333, -0.0378],
        [-0.1426, -0.0405],
        [-0.0656,  0.0428]], device='cuda:0')
7001 tensor([[ 0.1268,  0.0527],
        [ 0.0333, -0.0379],
        [-0.1425, -0.0404],
        [-0.0656,  0.0428]], device='cuda:0')
7002 tensor([[ 0.1267,  0.0527],
        [ 0.0333, -0.0380],
        [-0.1425, -0.0403],
        [-0.0656,  0.0429]], device='cuda:0')
7003 tensor([[ 0.1267,  0.0526],
        [ 0.0333, -0.0381],
        [-0.1425, -0.0402],
        [-0.0656,  0.0430]], device='cuda:0')
7004 tensor([[ 0.1266,  0.0525],
        [ 0.0333, -0.0381],
        [-0.1424, -0.0401],
        [-0.0656,  0.0431]], device='cuda:0')
7005 tensor([[ 0.1266,  0.0524],
        [ 0.0333, -0.0382],
        [-0.1424, -0.0400],
        [-0.0656,  0.0432]], device='cuda:0')
7006 tensor([[ 0.1265,  0.0523],
        [ 0.0332, -0.0383],
        [-0.1423, -0.0399],
        [-0.0655,  0.0433]], device='cuda:0')
7007 tensor([[ 0.1265,  0.0522],
        [ 0.0332, -0.0384],
        [-0.1423, -0.0398],
        [-0.0655,  0.0434]], device='cuda:0')
7008 tensor([[ 0.1264,  0.0521],
        [ 0.0332, -0.0385],
        [-0.1422, -0.0397],
        [-0.0655,  0.0435]], device='cuda:0')
7009 tensor([[ 0.1264,  0.0520],
        [ 0.0332, -0.0385],
        [-0.1422, -0.0396],
        [-0.0655,  0.0436]], device='cuda:0')
7010 tensor([[ 0.1263,  0.0519],
        [ 0.0332, -0.0386],
        [-0.1422, -0.0396],
        [-0.0655,  0.0437]], device='cuda:0')
7011 tensor([[ 0.1263,  0.0519],
        [ 0.0332, -0.0387],
        [-0.1421, -0.0395],
        [-0.0655,  0.0437]], device='cuda:0')
7012 tensor([[ 0.1262,  0.0518],
        [ 0.0332, -0.0388],
        [-0.1421, -0.0394],
        [-0.0655,  0.0438]], device='cuda:0')
7013 tensor([[ 0.1262,  0.0517],
        [ 0.0331, -0.0389],
        [-0.1420, -0.0393],
        [-0.0655,  0.0439]], device='cuda:0')
7014 tensor([[ 0.1261,  0.0516],
        [ 0.0331, -0.0389],
        [-0.1420, -0.0391],
        [-0.0655,  0.0440]], device='cuda:0')
7015 tensor([[ 0.1261,  0.0515],
        [ 0.0331, -0.0390],
        [-0.1420, -0.0390],
        [-0.0655,  0.0441]], device='cuda:0')
7016 tensor([[ 0.1260,  0.0513],
        [ 0.0331, -0.0391],
        [-0.1419, -0.0389],
        [-0.0655,  0.0442]], device='cuda:0')
7017 tensor([[ 0.1260,  0.0512],
        [ 0.0331, -0.0392],
        [-0.1419, -0.0387],
        [-0.0655,  0.0442]], device='cuda:0')
7018 tensor([[ 0.1259,  0.0511],
        [ 0.0331, -0.0392],
        [-0.1418, -0.0386],
        [-0.0655,  0.0443]], device='cuda:0')
7019 tensor([[ 0.1259,  0.0510],
        [ 0.0330, -0.0393],
        [-0.1418, -0.0385],
        [-0.0655,  0.0444]], device='cuda:0')
7020 tensor([[ 0.1258,  0.0509],
        [ 0.0330, -0.0394],
        [-0.1418, -0.0384],
        [-0.0655,  0.0445]], device='cuda:0')
7021 tensor([[ 0.1258,  0.0507],
        [ 0.0330, -0.0394],
        [-0.1417, -0.0383],
        [-0.0655,  0.0446]], device='cuda:0')
7022 tensor([[ 0.1257,  0.0506],
        [ 0.0330, -0.0395],
        [-0.1417, -0.0381],
        [-0.0655,  0.0447]], device='cuda:0')
7023 tensor([[ 0.1257,  0.0505],
        [ 0.0330, -0.0396],
        [-0.1416, -0.0380],
        [-0.0655,  0.0447]], device='cuda:0')
7024 tensor([[ 0.1256,  0.0504],
        [ 0.0330, -0.0397],
        [-0.1416, -0.0379],
        [-0.0655,  0.0448]], device='cuda:0')
7025 tensor([[ 0.1256,  0.0503],
        [ 0.0330, -0.0397],
        [-0.1416, -0.0378],
        [-0.0655,  0.0449]], device='cuda:0')
7026 tensor([[ 0.1256,  0.0502],
        [ 0.0329, -0.0398],
        [-0.1415, -0.0376],
        [-0.0655,  0.0450]], device='cuda:0')
7027 tensor([[ 0.1255,  0.0501],
        [ 0.0329, -0.0399],
        [-0.1415, -0.0375],
        [-0.0655,  0.0451]], device='cuda:0')
7028 tensor([[ 0.1255,  0.0499],
        [ 0.0329, -0.0399],
        [-0.1414, -0.0374],
        [-0.0655,  0.0451]], device='cuda:0')
7029 tensor([[ 0.1254,  0.0498],
        [ 0.0329, -0.0399],
        [-0.1414, -0.0372],
        [-0.0655,  0.0452]], device='cuda:0')
7030 tensor([[ 0.1254,  0.0497],
        [ 0.0329, -0.0400],
        [-0.1414, -0.0371],
        [-0.0654,  0.0452]], device='cuda:0')
7031 tensor([[ 0.1253,  0.0495],
        [ 0.0329, -0.0400],
        [-0.1413, -0.0369],
        [-0.0654,  0.0453]], device='cuda:0')
7032 tensor([[ 0.1253,  0.0494],
        [ 0.0329, -0.0400],
        [-0.1413, -0.0368],
        [-0.0654,  0.0453]], device='cuda:0')
7033 tensor([[ 0.1252,  0.0492],
        [ 0.0328, -0.0401],
        [-0.1413, -0.0366],
        [-0.0654,  0.0453]], device='cuda:0')
7034 tensor([[ 0.1252,  0.0491],
        [ 0.0328, -0.0401],
        [-0.1412, -0.0365],
        [-0.0654,  0.0454]], device='cuda:0')
7035 tensor([[ 0.1252,  0.0489],
        [ 0.0328, -0.0401],
        [-0.1412, -0.0363],
        [-0.0654,  0.0454]], device='cuda:0')
7036 tensor([[ 0.1251,  0.0488],
        [ 0.0328, -0.0402],
        [-0.1411, -0.0362],
        [-0.0654,  0.0455]], device='cuda:0')
7037 tensor([[ 0.1251,  0.0486],
        [ 0.0328, -0.0402],
        [-0.1411, -0.0360],
        [-0.0654,  0.0455]], device='cuda:0')
7038 tensor([[ 0.1250,  0.0485],
        [ 0.0328, -0.0402],
        [-0.1411, -0.0359],
        [-0.0654,  0.0455]], device='cuda:0')
7039 tensor([[ 0.1250,  0.0484],
        [ 0.0328, -0.0402],
        [-0.1410, -0.0357],
        [-0.0654,  0.0456]], device='cuda:0')
7040 tensor([[ 0.1249,  0.0482],
        [ 0.0328, -0.0403],
        [-0.1410, -0.0356],
        [-0.0654,  0.0456]], device='cuda:0')
7041 tensor([[ 0.1249,  0.0481],
        [ 0.0327, -0.0403],
        [-0.1410, -0.0354],
        [-0.0654,  0.0457]], device='cuda:0')
7042 tensor([[ 0.1249,  0.0479],
        [ 0.0327, -0.0404],
        [-0.1409, -0.0353],
        [-0.0654,  0.0457]], device='cuda:0')
7043 tensor([[ 0.1248,  0.0478],
        [ 0.0327, -0.0404],
        [-0.1409, -0.0352],
        [-0.0654,  0.0457]], device='cuda:0')
7044 tensor([[ 0.1248,  0.0477],
        [ 0.0327, -0.0404],
        [-0.1409, -0.0350],
        [-0.0654,  0.0458]], device='cuda:0')
7045 tensor([[ 0.1247,  0.0475],
        [ 0.0327, -0.0403],
        [-0.1408, -0.0349],
        [-0.0654,  0.0458]], device='cuda:0')
7046 tensor([[ 0.1247,  0.0474],
        [ 0.0327, -0.0403],
        [-0.1408, -0.0347],
        [-0.0654,  0.0458]], device='cuda:0')
7047 tensor([[ 0.1247,  0.0473],
        [ 0.0327, -0.0403],
        [-0.1408, -0.0346],
        [-0.0654,  0.0458]], device='cuda:0')
7048 tensor([[ 0.1246,  0.0471],
        [ 0.0326, -0.0403],
        [-0.1407, -0.0345],
        [-0.0654,  0.0458]], device='cuda:0')
7049 tensor([[ 0.1246,  0.0470],
        [ 0.0326, -0.0403],
        [-0.1407, -0.0343],
        [-0.0654,  0.0458]], device='cuda:0')
7050 tensor([[ 0.1245,  0.0469],
        [ 0.0326, -0.0403],
        [-0.1407, -0.0342],
        [-0.0654,  0.0458]], device='cuda:0')
7051 tensor([[ 0.1245,  0.0467],
        [ 0.0326, -0.0403],
        [-0.1406, -0.0341],
        [-0.0654,  0.0458]], device='cuda:0')
7052 tensor([[ 0.1245,  0.0466],
        [ 0.0326, -0.0403],
        [-0.1406, -0.0339],
        [-0.0654,  0.0458]], device='cuda:0')
7053 tensor([[ 0.1244,  0.0465],
        [ 0.0326, -0.0403],
        [-0.1406, -0.0338],
        [-0.0654,  0.0458]], device='cuda:0')
7054 tensor([[ 0.1244,  0.0463],
        [ 0.0326, -0.0403],
        [-0.1405, -0.0337],
        [-0.0654,  0.0458]], device='cuda:0')
7055 tensor([[ 0.1243,  0.0462],
        [ 0.0326, -0.0403],
        [-0.1405, -0.0335],
        [-0.0654,  0.0459]], device='cuda:0')
7056 tensor([[ 0.1243,  0.0461],
        [ 0.0326, -0.0404],
        [-0.1405, -0.0334],
        [-0.0654,  0.0459]], device='cuda:0')
7057 tensor([[ 0.1243,  0.0460],
        [ 0.0325, -0.0404],
        [-0.1404, -0.0333],
        [-0.0654,  0.0459]], device='cuda:0')
7058 tensor([[ 0.1242,  0.0458],
        [ 0.0326, -0.0404],
        [-0.1404, -0.0331],
        [-0.0653,  0.0459]], device='cuda:0')
7059 tensor([[ 0.1242,  0.0457],
        [ 0.0326, -0.0404],
        [-0.1404, -0.0330],
        [-0.0653,  0.0459]], device='cuda:0')
7060 tensor([[ 0.1242,  0.0456],
        [ 0.0326, -0.0404],
        [-0.1403, -0.0329],
        [-0.0653,  0.0459]], device='cuda:0')
7061 tensor([[ 0.1241,  0.0454],
        [ 0.0326, -0.0404],
        [-0.1403, -0.0328],
        [-0.0653,  0.0459]], device='cuda:0')
7062 tensor([[ 0.1241,  0.0453],
        [ 0.0326, -0.0404],
        [-0.1402, -0.0326],
        [-0.0654,  0.0459]], device='cuda:0')
7063 tensor([[ 0.1241,  0.0452],
        [ 0.0327, -0.0404],
        [-0.1402, -0.0325],
        [-0.0654,  0.0459]], device='cuda:0')
7064 tensor([[ 0.1240,  0.0451],
        [ 0.0327, -0.0404],
        [-0.1402, -0.0324],
        [-0.0654,  0.0459]], device='cuda:0')
7065 tensor([[ 0.1240,  0.0449],
        [ 0.0327, -0.0404],
        [-0.1401, -0.0323],
        [-0.0654,  0.0459]], device='cuda:0')
7066 tensor([[ 0.1240,  0.0448],
        [ 0.0327, -0.0404],
        [-0.1401, -0.0322],
        [-0.0654,  0.0459]], device='cuda:0')
7067 tensor([[ 0.1240,  0.0447],
        [ 0.0327, -0.0404],
        [-0.1401, -0.0320],
        [-0.0655,  0.0459]], device='cuda:0')
7068 tensor([[ 0.1239,  0.0446],
        [ 0.0328, -0.0404],
        [-0.1400, -0.0319],
        [-0.0655,  0.0459]], device='cuda:0')
7069 tensor([[ 0.1239,  0.0444],
        [ 0.0328, -0.0404],
        [-0.1400, -0.0318],
        [-0.0655,  0.0459]], device='cuda:0')
7070 tensor([[ 0.1239,  0.0443],
        [ 0.0328, -0.0405],
        [-0.1400, -0.0317],
        [-0.0655,  0.0459]], device='cuda:0')
7071 tensor([[ 0.1238,  0.0442],
        [ 0.0328, -0.0405],
        [-0.1399, -0.0316],
        [-0.0655,  0.0459]], device='cuda:0')
7072 tensor([[ 0.1238,  0.0441],
        [ 0.0328, -0.0405],
        [-0.1399, -0.0315],
        [-0.0655,  0.0459]], device='cuda:0')
7073 tensor([[ 0.1238,  0.0440],
        [ 0.0328, -0.0404],
        [-0.1399, -0.0313],
        [-0.0656,  0.0459]], device='cuda:0')
7074 tensor([[ 0.1237,  0.0438],
        [ 0.0329, -0.0404],
        [-0.1398, -0.0312],
        [-0.0656,  0.0459]], device='cuda:0')
7075 tensor([[ 0.1237,  0.0437],
        [ 0.0329, -0.0404],
        [-0.1398, -0.0311],
        [-0.0656,  0.0459]], device='cuda:0')
7076 tensor([[ 0.1237,  0.0436],
        [ 0.0329, -0.0404],
        [-0.1398, -0.0310],
        [-0.0656,  0.0459]], device='cuda:0')
7077 tensor([[ 0.1236,  0.0435],
        [ 0.0329, -0.0403],
        [-0.1397, -0.0309],
        [-0.0656,  0.0458]], device='cuda:0')
7078 tensor([[ 0.1236,  0.0434],
        [ 0.0329, -0.0403],
        [-0.1397, -0.0307],
        [-0.0657,  0.0458]], device='cuda:0')
7079 tensor([[ 0.1236,  0.0433],
        [ 0.0329, -0.0403],
        [-0.1397, -0.0306],
        [-0.0657,  0.0458]], device='cuda:0')
7080 tensor([[ 0.1235,  0.0432],
        [ 0.0329, -0.0402],
        [-0.1397, -0.0305],
        [-0.0657,  0.0458]], device='cuda:0')
7081 tensor([[ 0.1235,  0.0430],
        [ 0.0329, -0.0402],
        [-0.1396, -0.0304],
        [-0.0657,  0.0458]], device='cuda:0')
7082 tensor([[ 0.1235,  0.0429],
        [ 0.0330, -0.0402],
        [-0.1396, -0.0303],
        [-0.0657,  0.0457]], device='cuda:0')
7083 tensor([[ 0.1234,  0.0428],
        [ 0.0330, -0.0402],
        [-0.1396, -0.0302],
        [-0.0658,  0.0457]], device='cuda:0')
7084 tensor([[ 0.1234,  0.0427],
        [ 0.0330, -0.0401],
        [-0.1395, -0.0301],
        [-0.0658,  0.0457]], device='cuda:0')
7085 tensor([[ 0.1234,  0.0426],
        [ 0.0330, -0.0401],
        [-0.1395, -0.0300],
        [-0.0658,  0.0457]], device='cuda:0')
7086 tensor([[ 0.1233,  0.0425],
        [ 0.0330, -0.0401],
        [-0.1395, -0.0298],
        [-0.0658,  0.0456]], device='cuda:0')
7087 tensor([[ 0.1233,  0.0424],
        [ 0.0330, -0.0401],
        [-0.1395, -0.0297],
        [-0.0658,  0.0456]], device='cuda:0')
7088 tensor([[ 0.1233,  0.0423],
        [ 0.0331, -0.0401],
        [-0.1394, -0.0296],
        [-0.0658,  0.0456]], device='cuda:0')
7089 tensor([[ 0.1232,  0.0422],
        [ 0.0331, -0.0400],
        [-0.1394, -0.0295],
        [-0.0659,  0.0456]], device='cuda:0')
7090 tensor([[ 0.1232,  0.0421],
        [ 0.0331, -0.0400],
        [-0.1394, -0.0294],
        [-0.0659,  0.0456]], device='cuda:0')
7091 tensor([[ 0.1232,  0.0420],
        [ 0.0332, -0.0400],
        [-0.1393, -0.0293],
        [-0.0659,  0.0455]], device='cuda:0')
7092 tensor([[ 0.1232,  0.0418],
        [ 0.0332, -0.0400],
        [-0.1393, -0.0292],
        [-0.0659,  0.0455]], device='cuda:0')
7093 tensor([[ 0.1231,  0.0417],
        [ 0.0333, -0.0400],
        [-0.1393, -0.0291],
        [-0.0660,  0.0455]], device='cuda:0')
7094 tensor([[ 0.1231,  0.0416],
        [ 0.0333, -0.0399],
        [-0.1392, -0.0290],
        [-0.0660,  0.0455]], device='cuda:0')
7095 tensor([[ 0.1231,  0.0415],
        [ 0.0334, -0.0399],
        [-0.1392, -0.0289],
        [-0.0661,  0.0454]], device='cuda:0')
7096 tensor([[ 0.1231,  0.0414],
        [ 0.0334, -0.0399],
        [-0.1392, -0.0288],
        [-0.0661,  0.0454]], device='cuda:0')
7097 tensor([[ 0.1230,  0.0413],
        [ 0.0334, -0.0399],
        [-0.1391, -0.0287],
        [-0.0661,  0.0454]], device='cuda:0')
7098 tensor([[ 0.1230,  0.0412],
        [ 0.0335, -0.0399],
        [-0.1391, -0.0286],
        [-0.0662,  0.0454]], device='cuda:0')
7099 tensor([[ 0.1230,  0.0411],
        [ 0.0335, -0.0398],
        [-0.1391, -0.0285],
        [-0.0662,  0.0453]], device='cuda:0')
7100 tensor([[ 0.1230,  0.0410],
        [ 0.0336, -0.0398],
        [-0.1391, -0.0284],
        [-0.0663,  0.0453]], device='cuda:0')
7101 tensor([[ 0.1229,  0.0409],
        [ 0.0336, -0.0398],
        [-0.1390, -0.0283],
        [-0.0663,  0.0453]], device='cuda:0')
7102 tensor([[ 0.1229,  0.0408],
        [ 0.0336, -0.0398],
        [-0.1390, -0.0282],
        [-0.0663,  0.0453]], device='cuda:0')
7103 tensor([[ 0.1229,  0.0407],
        [ 0.0337, -0.0397],
        [-0.1390, -0.0281],
        [-0.0664,  0.0453]], device='cuda:0')
7104 tensor([[ 0.1229,  0.0406],
        [ 0.0337, -0.0397],
        [-0.1389, -0.0280],
        [-0.0664,  0.0452]], device='cuda:0')
7105 tensor([[ 0.1228,  0.0405],
        [ 0.0337, -0.0396],
        [-0.1389, -0.0279],
        [-0.0665,  0.0452]], device='cuda:0')
7106 tensor([[ 0.1228,  0.0404],
        [ 0.0338, -0.0396],
        [-0.1389, -0.0278],
        [-0.0665,  0.0451]], device='cuda:0')
7107 tensor([[ 0.1228,  0.0403],
        [ 0.0338, -0.0395],
        [-0.1389, -0.0277],
        [-0.0665,  0.0451]], device='cuda:0')
7108 tensor([[ 0.1227,  0.0402],
        [ 0.0338, -0.0395],
        [-0.1389, -0.0276],
        [-0.0666,  0.0450]], device='cuda:0')
7109 tensor([[ 0.1227,  0.0401],
        [ 0.0339, -0.0394],
        [-0.1388, -0.0275],
        [-0.0666,  0.0450]], device='cuda:0')
7110 tensor([[ 0.1227,  0.0400],
        [ 0.0339, -0.0394],
        [-0.1388, -0.0274],
        [-0.0667,  0.0450]], device='cuda:0')
7111 tensor([[ 0.1227,  0.0399],
        [ 0.0339, -0.0393],
        [-0.1388, -0.0273],
        [-0.0667,  0.0449]], device='cuda:0')
7112 tensor([[ 0.1226,  0.0398],
        [ 0.0340, -0.0393],
        [-0.1388, -0.0272],
        [-0.0667,  0.0449]], device='cuda:0')
7113 tensor([[ 0.1226,  0.0397],
        [ 0.0340, -0.0392],
        [-0.1387, -0.0271],
        [-0.0668,  0.0448]], device='cuda:0')
7114 tensor([[ 0.1226,  0.0396],
        [ 0.0340, -0.0392],
        [-0.1387, -0.0270],
        [-0.0668,  0.0448]], device='cuda:0')
7115 tensor([[ 0.1225,  0.0395],
        [ 0.0341, -0.0391],
        [-0.1387, -0.0269],
        [-0.0669,  0.0447]], device='cuda:0')
7116 tensor([[ 0.1225,  0.0395],
        [ 0.0341, -0.0391],
        [-0.1387, -0.0268],
        [-0.0669,  0.0447]], device='cuda:0')
7117 tensor([[ 0.1225,  0.0394],
        [ 0.0341, -0.0390],
        [-0.1386, -0.0267],
        [-0.0669,  0.0446]], device='cuda:0')
7118 tensor([[ 0.1225,  0.0393],
        [ 0.0342, -0.0390],
        [-0.1386, -0.0267],
        [-0.0670,  0.0446]], device='cuda:0')
7119 tensor([[ 0.1225,  0.0392],
        [ 0.0343, -0.0390],
        [-0.1386, -0.0266],
        [-0.0670,  0.0445]], device='cuda:0')
7120 tensor([[ 0.1225,  0.0391],
        [ 0.0343, -0.0389],
        [-0.1386, -0.0265],
        [-0.0670,  0.0445]], device='cuda:0')
7121 tensor([[ 0.1226,  0.0390],
        [ 0.0344, -0.0389],
        [-0.1386, -0.0264],
        [-0.0671,  0.0445]], device='cuda:0')
7122 tensor([[ 0.1226,  0.0389],
        [ 0.0344, -0.0388],
        [-0.1387, -0.0263],
        [-0.0671,  0.0444]], device='cuda:0')
7123 tensor([[ 0.1226,  0.0388],
        [ 0.0345, -0.0388],
        [-0.1387, -0.0262],
        [-0.0672,  0.0444]], device='cuda:0')
7124 tensor([[ 0.1226,  0.0387],
        [ 0.0346, -0.0388],
        [-0.1387, -0.0261],
        [-0.0673,  0.0443]], device='cuda:0')
7125 tensor([[ 0.1226,  0.0386],
        [ 0.0346, -0.0387],
        [-0.1387, -0.0260],
        [-0.0673,  0.0443]], device='cuda:0')
7126 tensor([[ 0.1226,  0.0385],
        [ 0.0347, -0.0387],
        [-0.1387, -0.0260],
        [-0.0674,  0.0442]], device='cuda:0')
7127 tensor([[ 0.1226,  0.0384],
        [ 0.0347, -0.0386],
        [-0.1387, -0.0259],
        [-0.0674,  0.0442]], device='cuda:0')
7128 tensor([[ 0.1227,  0.0383],
        [ 0.0348, -0.0386],
        [-0.1387, -0.0258],
        [-0.0675,  0.0441]], device='cuda:0')
7129 tensor([[ 0.1227,  0.0382],
        [ 0.0349, -0.0386],
        [-0.1387, -0.0257],
        [-0.0676,  0.0441]], device='cuda:0')
7130 tensor([[ 0.1227,  0.0382],
        [ 0.0349, -0.0385],
        [-0.1387, -0.0256],
        [-0.0676,  0.0440]], device='cuda:0')
7131 tensor([[ 0.1227,  0.0381],
        [ 0.0350, -0.0385],
        [-0.1388, -0.0255],
        [-0.0677,  0.0440]], device='cuda:0')
7132 tensor([[ 0.1227,  0.0380],
        [ 0.0350, -0.0384],
        [-0.1388, -0.0255],
        [-0.0677,  0.0439]], device='cuda:0')
7133 tensor([[ 0.1227,  0.0379],
        [ 0.0351, -0.0384],
        [-0.1388, -0.0254],
        [-0.0678,  0.0439]], device='cuda:0')
7134 tensor([[ 0.1227,  0.0379],
        [ 0.0351, -0.0383],
        [-0.1388, -0.0253],
        [-0.0678,  0.0439]], device='cuda:0')
7135 tensor([[ 0.1227,  0.0378],
        [ 0.0352, -0.0382],
        [-0.1388, -0.0253],
        [-0.0679,  0.0438]], device='cuda:0')
7136 tensor([[ 0.1228,  0.0378],
        [ 0.0352, -0.0381],
        [-0.1388, -0.0252],
        [-0.0680,  0.0437]], device='cuda:0')
7137 tensor([[ 0.1228,  0.0378],
        [ 0.0353, -0.0381],
        [-0.1388, -0.0252],
        [-0.0680,  0.0437]], device='cuda:0')
7138 tensor([[ 0.1228,  0.0377],
        [ 0.0353, -0.0380],
        [-0.1388, -0.0251],
        [-0.0681,  0.0436]], device='cuda:0')
7139 tensor([[ 0.1228,  0.0377],
        [ 0.0354, -0.0379],
        [-0.1389, -0.0251],
        [-0.0681,  0.0435]], device='cuda:0')
7140 tensor([[ 0.1228,  0.0376],
        [ 0.0354, -0.0379],
        [-0.1389, -0.0250],
        [-0.0682,  0.0435]], device='cuda:0')
7141 tensor([[ 0.1228,  0.0376],
        [ 0.0355, -0.0378],
        [-0.1389, -0.0250],
        [-0.0682,  0.0434]], device='cuda:0')
7142 tensor([[ 0.1228,  0.0375],
        [ 0.0355, -0.0377],
        [-0.1389, -0.0249],
        [-0.0683,  0.0433]], device='cuda:0')
7143 tensor([[ 0.1228,  0.0375],
        [ 0.0356, -0.0376],
        [-0.1389, -0.0249],
        [-0.0684,  0.0433]], device='cuda:0')
7144 tensor([[ 0.1228,  0.0374],
        [ 0.0356, -0.0376],
        [-0.1389, -0.0248],
        [-0.0684,  0.0432]], device='cuda:0')
7145 tensor([[ 0.1228,  0.0374],
        [ 0.0357, -0.0375],
        [-0.1389, -0.0248],
        [-0.0685,  0.0431]], device='cuda:0')
7146 tensor([[ 0.1228,  0.0374],
        [ 0.0357, -0.0374],
        [-0.1390, -0.0248],
        [-0.0685,  0.0431]], device='cuda:0')
7147 tensor([[ 0.1228,  0.0373],
        [ 0.0358, -0.0374],
        [-0.1390, -0.0247],
        [-0.0686,  0.0430]], device='cuda:0')
7148 tensor([[ 0.1229,  0.0373],
        [ 0.0358, -0.0373],
        [-0.1390, -0.0247],
        [-0.0686,  0.0430]], device='cuda:0')
7149 tensor([[ 0.1229,  0.0373],
        [ 0.0359, -0.0372],
        [-0.1390, -0.0246],
        [-0.0687,  0.0429]], device='cuda:0')
7150 tensor([[ 0.1229,  0.0373],
        [ 0.0359, -0.0371],
        [-0.1390, -0.0246],
        [-0.0687,  0.0428]], device='cuda:0')
7151 tensor([[ 0.1229,  0.0373],
        [ 0.0360, -0.0370],
        [-0.1390, -0.0246],
        [-0.0688,  0.0428]], device='cuda:0')
7152 tensor([[ 0.1229,  0.0373],
        [ 0.0360, -0.0369],
        [-0.1390, -0.0246],
        [-0.0688,  0.0427]], device='cuda:0')
7153 tensor([[ 0.1229,  0.0373],
        [ 0.0360, -0.0368],
        [-0.1390, -0.0246],
        [-0.0689,  0.0426]], device='cuda:0')
7154 tensor([[ 0.1229,  0.0373],
        [ 0.0361, -0.0367],
        [-0.1391, -0.0246],
        [-0.0690,  0.0425]], device='cuda:0')
7155 tensor([[ 0.1229,  0.0373],
        [ 0.0361, -0.0366],
        [-0.1391, -0.0246],
        [-0.0690,  0.0424]], device='cuda:0')
7156 tensor([[ 0.1229,  0.0373],
        [ 0.0362, -0.0366],
        [-0.1391, -0.0246],
        [-0.0691,  0.0423]], device='cuda:0')
7157 tensor([[ 0.1229,  0.0373],
        [ 0.0362, -0.0365],
        [-0.1391, -0.0246],
        [-0.0691,  0.0422]], device='cuda:0')
7158 tensor([[ 0.1229,  0.0373],
        [ 0.0363, -0.0364],
        [-0.1391, -0.0246],
        [-0.0692,  0.0422]], device='cuda:0')
7159 tensor([[ 0.1229,  0.0373],
        [ 0.0363, -0.0363],
        [-0.1391, -0.0246],
        [-0.0692,  0.0421]], device='cuda:0')
7160 tensor([[ 0.1229,  0.0373],
        [ 0.0363, -0.0362],
        [-0.1391, -0.0245],
        [-0.0693,  0.0420]], device='cuda:0')
7161 tensor([[ 0.1229,  0.0373],
        [ 0.0364, -0.0361],
        [-0.1392, -0.0245],
        [-0.0693,  0.0419]], device='cuda:0')
7162 tensor([[ 0.1230,  0.0373],
        [ 0.0364, -0.0361],
        [-0.1392, -0.0245],
        [-0.0694,  0.0418]], device='cuda:0')
7163 tensor([[ 0.1230,  0.0373],
        [ 0.0365, -0.0360],
        [-0.1392, -0.0245],
        [-0.0694,  0.0417]], device='cuda:0')
7164 tensor([[ 0.1230,  0.0373],
        [ 0.0365, -0.0359],
        [-0.1392, -0.0245],
        [-0.0695,  0.0417]], device='cuda:0')
7165 tensor([[ 0.1230,  0.0374],
        [ 0.0366, -0.0357],
        [-0.1392, -0.0246],
        [-0.0695,  0.0416]], device='cuda:0')
7166 tensor([[ 0.1230,  0.0374],
        [ 0.0366, -0.0356],
        [-0.1392, -0.0246],
        [-0.0696,  0.0415]], device='cuda:0')
7167 tensor([[ 0.1230,  0.0374],
        [ 0.0366, -0.0355],
        [-0.1392, -0.0246],
        [-0.0696,  0.0414]], device='cuda:0')
7168 tensor([[ 0.1230,  0.0374],
        [ 0.0367, -0.0354],
        [-0.1392, -0.0247],
        [-0.0697,  0.0413]], device='cuda:0')
7169 tensor([[ 0.1230,  0.0375],
        [ 0.0367, -0.0353],
        [-0.1393, -0.0247],
        [-0.0697,  0.0412]], device='cuda:0')
7170 tensor([[ 0.1230,  0.0375],
        [ 0.0368, -0.0352],
        [-0.1393, -0.0247],
        [-0.0698,  0.0411]], device='cuda:0')
7171 tensor([[ 0.1230,  0.0375],
        [ 0.0368, -0.0351],
        [-0.1393, -0.0247],
        [-0.0698,  0.0410]], device='cuda:0')
7172 tensor([[ 0.1230,  0.0376],
        [ 0.0369, -0.0350],
        [-0.1393, -0.0248],
        [-0.0699,  0.0409]], device='cuda:0')
7173 tensor([[ 0.1230,  0.0376],
        [ 0.0369, -0.0349],
        [-0.1393, -0.0248],
        [-0.0699,  0.0408]], device='cuda:0')
7174 tensor([[ 0.1230,  0.0376],
        [ 0.0369, -0.0349],
        [-0.1393, -0.0248],
        [-0.0700,  0.0407]], device='cuda:0')
7175 tensor([[ 0.1230,  0.0377],
        [ 0.0370, -0.0348],
        [-0.1393, -0.0249],
        [-0.0700,  0.0407]], device='cuda:0')
7176 tensor([[ 0.1230,  0.0377],
        [ 0.0370, -0.0347],
        [-0.1393, -0.0249],
        [-0.0701,  0.0406]], device='cuda:0')
7177 tensor([[ 0.1231,  0.0377],
        [ 0.0370, -0.0346],
        [-0.1394, -0.0249],
        [-0.0701,  0.0405]], device='cuda:0')
7178 tensor([[ 0.1231,  0.0378],
        [ 0.0371, -0.0345],
        [-0.1394, -0.0249],
        [-0.0702,  0.0404]], device='cuda:0')
7179 tensor([[ 0.1231,  0.0378],
        [ 0.0371, -0.0344],
        [-0.1394, -0.0249],
        [-0.0702,  0.0403]], device='cuda:0')
7180 tensor([[ 0.1231,  0.0379],
        [ 0.0372, -0.0343],
        [-0.1394, -0.0250],
        [-0.0702,  0.0402]], device='cuda:0')
7181 tensor([[ 0.1231,  0.0380],
        [ 0.0372, -0.0342],
        [-0.1394, -0.0251],
        [-0.0703,  0.0401]], device='cuda:0')
7182 tensor([[ 0.1231,  0.0380],
        [ 0.0372, -0.0341],
        [-0.1394, -0.0251],
        [-0.0703,  0.0400]], device='cuda:0')
7183 tensor([[ 0.1231,  0.0381],
        [ 0.0373, -0.0339],
        [-0.1394, -0.0252],
        [-0.0704,  0.0399]], device='cuda:0')
7184 tensor([[ 0.1231,  0.0381],
        [ 0.0373, -0.0338],
        [-0.1394, -0.0252],
        [-0.0704,  0.0398]], device='cuda:0')
7185 tensor([[ 0.1231,  0.0382],
        [ 0.0374, -0.0337],
        [-0.1394, -0.0253],
        [-0.0705,  0.0397]], device='cuda:0')
7186 tensor([[ 0.1231,  0.0383],
        [ 0.0374, -0.0336],
        [-0.1395, -0.0253],
        [-0.0705,  0.0396]], device='cuda:0')
7187 tensor([[ 0.1231,  0.0383],
        [ 0.0374, -0.0335],
        [-0.1395, -0.0254],
        [-0.0706,  0.0395]], device='cuda:0')
7188 tensor([[ 0.1231,  0.0384],
        [ 0.0375, -0.0334],
        [-0.1395, -0.0254],
        [-0.0706,  0.0394]], device='cuda:0')
7189 tensor([[ 0.1231,  0.0384],
        [ 0.0375, -0.0334],
        [-0.1395, -0.0255],
        [-0.0707,  0.0393]], device='cuda:0')
7190 tensor([[ 0.1231,  0.0385],
        [ 0.0375, -0.0333],
        [-0.1395, -0.0256],
        [-0.0707,  0.0392]], device='cuda:0')
7191 tensor([[ 0.1231,  0.0385],
        [ 0.0376, -0.0332],
        [-0.1395, -0.0256],
        [-0.0707,  0.0391]], device='cuda:0')
7192 tensor([[ 0.1231,  0.0386],
        [ 0.0376, -0.0331],
        [-0.1395, -0.0257],
        [-0.0708,  0.0390]], device='cuda:0')
7193 tensor([[ 0.1232,  0.0386],
        [ 0.0377, -0.0330],
        [-0.1395, -0.0257],
        [-0.0708,  0.0389]], device='cuda:0')
7194 tensor([[ 0.1232,  0.0387],
        [ 0.0377, -0.0329],
        [-0.1395, -0.0258],
        [-0.0708,  0.0388]], device='cuda:0')
7195 tensor([[ 0.1233,  0.0387],
        [ 0.0378, -0.0328],
        [-0.1396, -0.0258],
        [-0.0709,  0.0387]], device='cuda:0')
7196 tensor([[ 0.1233,  0.0388],
        [ 0.0378, -0.0327],
        [-0.1396, -0.0259],
        [-0.0709,  0.0386]], device='cuda:0')
7197 tensor([[ 0.1234,  0.0388],
        [ 0.0379, -0.0326],
        [-0.1396, -0.0259],
        [-0.0709,  0.0385]], device='cuda:0')
7198 tensor([[ 0.1234,  0.0389],
        [ 0.0380, -0.0326],
        [-0.1397, -0.0260],
        [-0.0710,  0.0384]], device='cuda:0')
7199 tensor([[ 0.1234,  0.0389],
        [ 0.0380, -0.0325],
        [-0.1397, -0.0261],
        [-0.0710,  0.0383]], device='cuda:0')
7200 tensor([[ 0.1235,  0.0390],
        [ 0.0381, -0.0324],
        [-0.1397, -0.0261],
        [-0.0711,  0.0382]], device='cuda:0')
7201 tensor([[ 0.1235,  0.0390],
        [ 0.0381, -0.0323],
        [-0.1398, -0.0262],
        [-0.0711,  0.0381]], device='cuda:0')
7202 tensor([[ 0.1236,  0.0391],
        [ 0.0382, -0.0322],
        [-0.1398, -0.0262],
        [-0.0712,  0.0380]], device='cuda:0')
7203 tensor([[ 0.1236,  0.0391],
        [ 0.0382, -0.0321],
        [-0.1398, -0.0263],
        [-0.0712,  0.0379]], device='cuda:0')
7204 tensor([[ 0.1237,  0.0392],
        [ 0.0383, -0.0321],
        [-0.1399, -0.0263],
        [-0.0713,  0.0378]], device='cuda:0')
7205 tensor([[ 0.1237,  0.0392],
        [ 0.0383, -0.0320],
        [-0.1399, -0.0264],
        [-0.0713,  0.0377]], device='cuda:0')
7206 tensor([[ 0.1237,  0.0392],
        [ 0.0383, -0.0319],
        [-0.1400, -0.0264],
        [-0.0714,  0.0376]], device='cuda:0')
7207 tensor([[ 0.1237,  0.0393],
        [ 0.0384, -0.0318],
        [-0.1400, -0.0265],
        [-0.0714,  0.0375]], device='cuda:0')
7208 tensor([[ 0.1238,  0.0393],
        [ 0.0384, -0.0317],
        [-0.1400, -0.0265],
        [-0.0714,  0.0375]], device='cuda:0')
7209 tensor([[ 0.1239,  0.0394],
        [ 0.0385, -0.0317],
        [-0.1400, -0.0266],
        [-0.0715,  0.0374]], device='cuda:0')
7210 tensor([[ 0.1239,  0.0394],
        [ 0.0386, -0.0316],
        [-0.1401, -0.0267],
        [-0.0715,  0.0373]], device='cuda:0')
7211 tensor([[ 0.1240,  0.0395],
        [ 0.0386, -0.0315],
        [-0.1401, -0.0267],
        [-0.0715,  0.0372]], device='cuda:0')
7212 tensor([[ 0.1241,  0.0395],
        [ 0.0387, -0.0314],
        [-0.1402, -0.0268],
        [-0.0716,  0.0371]], device='cuda:0')
7213 tensor([[ 0.1241,  0.0395],
        [ 0.0387, -0.0313],
        [-0.1402, -0.0268],
        [-0.0716,  0.0370]], device='cuda:0')
7214 tensor([[ 0.1242,  0.0396],
        [ 0.0388, -0.0313],
        [-0.1403, -0.0269],
        [-0.0716,  0.0369]], device='cuda:0')
7215 tensor([[ 0.1243,  0.0396],
        [ 0.0389, -0.0312],
        [-0.1404, -0.0269],
        [-0.0717,  0.0368]], device='cuda:0')
7216 tensor([[ 0.1243,  0.0397],
        [ 0.0389, -0.0311],
        [-0.1404, -0.0270],
        [-0.0718,  0.0367]], device='cuda:0')
7217 tensor([[ 0.1244,  0.0397],
        [ 0.0390, -0.0310],
        [-0.1405, -0.0270],
        [-0.0718,  0.0366]], device='cuda:0')
7218 tensor([[ 0.1245,  0.0398],
        [ 0.0390, -0.0310],
        [-0.1405, -0.0271],
        [-0.0719,  0.0365]], device='cuda:0')
7219 tensor([[ 0.1245,  0.0398],
        [ 0.0391, -0.0309],
        [-0.1406, -0.0271],
        [-0.0719,  0.0364]], device='cuda:0')
7220 tensor([[ 0.1246,  0.0398],
        [ 0.0391, -0.0308],
        [-0.1406, -0.0272],
        [-0.0720,  0.0364]], device='cuda:0')
7221 tensor([[ 0.1246,  0.0399],
        [ 0.0392, -0.0307],
        [-0.1407, -0.0272],
        [-0.0720,  0.0363]], device='cuda:0')
7222 tensor([[ 0.1247,  0.0399],
        [ 0.0392, -0.0307],
        [-0.1407, -0.0273],
        [-0.0721,  0.0362]], device='cuda:0')
7223 tensor([[ 0.1248,  0.0400],
        [ 0.0393, -0.0306],
        [-0.1408, -0.0273],
        [-0.0721,  0.0361]], device='cuda:0')
7224 tensor([[ 0.1248,  0.0400],
        [ 0.0394, -0.0305],
        [-0.1408, -0.0274],
        [-0.0721,  0.0360]], device='cuda:0')
7225 tensor([[ 0.1249,  0.0400],
        [ 0.0394, -0.0305],
        [-0.1409, -0.0274],
        [-0.0722,  0.0359]], device='cuda:0')
7226 tensor([[ 0.1250,  0.0401],
        [ 0.0395, -0.0304],
        [-0.1410, -0.0275],
        [-0.0722,  0.0358]], device='cuda:0')
7227 tensor([[ 0.1251,  0.0401],
        [ 0.0396, -0.0303],
        [-0.1410, -0.0275],
        [-0.0722,  0.0357]], device='cuda:0')
7228 tensor([[ 0.1252,  0.0402],
        [ 0.0396, -0.0302],
        [-0.1411, -0.0276],
        [-0.0723,  0.0357]], device='cuda:0')
7229 tensor([[ 0.1253,  0.0402],
        [ 0.0397, -0.0302],
        [-0.1412, -0.0276],
        [-0.0724,  0.0356]], device='cuda:0')
7230 tensor([[ 0.1253,  0.0402],
        [ 0.0398, -0.0301],
        [-0.1413, -0.0277],
        [-0.0724,  0.0355]], device='cuda:0')
7231 tensor([[ 0.1254,  0.0403],
        [ 0.0398, -0.0300],
        [-0.1413, -0.0277],
        [-0.0725,  0.0354]], device='cuda:0')
7232 tensor([[ 0.1255,  0.0403],
        [ 0.0399, -0.0300],
        [-0.1414, -0.0277],
        [-0.0725,  0.0353]], device='cuda:0')
7233 tensor([[ 0.1256,  0.0403],
        [ 0.0400, -0.0299],
        [-0.1415, -0.0278],
        [-0.0726,  0.0352]], device='cuda:0')
7234 tensor([[ 0.1256,  0.0404],
        [ 0.0400, -0.0298],
        [-0.1416, -0.0278],
        [-0.0727,  0.0352]], device='cuda:0')
7235 tensor([[ 0.1257,  0.0404],
        [ 0.0401, -0.0298],
        [-0.1416, -0.0279],
        [-0.0727,  0.0351]], device='cuda:0')
7236 tensor([[ 0.1258,  0.0405],
        [ 0.0401, -0.0297],
        [-0.1417, -0.0279],
        [-0.0728,  0.0350]], device='cuda:0')
7237 tensor([[ 0.1259,  0.0405],
        [ 0.0402, -0.0296],
        [-0.1418, -0.0280],
        [-0.0728,  0.0349]], device='cuda:0')
7238 tensor([[ 0.1259,  0.0405],
        [ 0.0403, -0.0295],
        [-0.1418, -0.0280],
        [-0.0729,  0.0348]], device='cuda:0')
7239 tensor([[ 0.1260,  0.0406],
        [ 0.0404, -0.0295],
        [-0.1419, -0.0281],
        [-0.0729,  0.0348]], device='cuda:0')
7240 tensor([[ 0.1261,  0.0406],
        [ 0.0404, -0.0294],
        [-0.1420, -0.0281],
        [-0.0730,  0.0347]], device='cuda:0')
7241 tensor([[ 0.1262,  0.0406],
        [ 0.0405, -0.0293],
        [-0.1420, -0.0282],
        [-0.0730,  0.0346]], device='cuda:0')
7242 tensor([[ 0.1263,  0.0407],
        [ 0.0406, -0.0293],
        [-0.1421, -0.0282],
        [-0.0731,  0.0345]], device='cuda:0')
7243 tensor([[ 0.1264,  0.0407],
        [ 0.0407, -0.0292],
        [-0.1422, -0.0282],
        [-0.0731,  0.0344]], device='cuda:0')
7244 tensor([[ 0.1265,  0.0407],
        [ 0.0408, -0.0292],
        [-0.1423, -0.0283],
        [-0.0732,  0.0344]], device='cuda:0')
