26916 0
26917 1
26917 3
26917 4
26918 2
26931 3
26932 0
26932 2
26932 5
26933 1
26947 0
26947 1
26947 2
26947 3
26947 4
26961 3
26962 0
26962 2
26962 5
26963 1
26977 0
26977 1
26977 2
26977 3
26977 4
26991 3
26992 0
26992 2
26992 4
26993 1
27005 3
27007 0
27007 2
27007 4
27009 1
27019 3
27022 0
27022 2
27022 5
27025 1
27035 3
27037 0
27037 2
27037 5
27039 1
27051 3
27052 0
27052 2
27052 5
27053 1
27066 2
27067 1
27067 3
27067 4
27068 0
27081 2
27081 3
27082 5
27083 0
27083 1
27096 2
27097 1
27097 3
27097 4
27098 0
27111 2
27111 3
27112 5
27113 0
27113 1
27126 2
27127 1
27127 3
27127 4
27128 0
27141 2
27141 3
27142 5
27143 0
27143 1
27156 2
27157 1
27157 3
27157 5
27158 0
27171 1
27171 2
27172 5
27173 0
27173 3
27185 1
27186 2
27187 4
27188 0
27189 3
27201 1
27201 2
27202 5
27203 0
27203 3
27215 1
27216 2
27217 5
27218 0
27219 3
27229 1
27231 2
27232 4
27233 0
27235 3
27246 1
27247 0
27247 2
27247 4
27248 3
27262 0
27262 1
27262 2
27262 3
27262 5
27276 1
27277 0
27277 2
27277 4
27278 3
27292 0
27292 1
27292 2
27292 3
27292 5
27306 1
27307 0
27307 2
27307 4
27308 3
27322 0
27322 1
27322 2
27322 3
27322 4
27336 3
27337 0
27337 2
27337 5
27338 1
27352 0
27352 1
27352 2
27352 3
27352 5
27365 1
27367 0
27367 2
27367 4
27369 3
27382 0
27382 1
27382 2
27382 3
27382 5
27395 1
27397 0
27397 2
27397 5
27399 3
27409 1
27411 0
27412 4
27413 2
27415 3
27425 1
27426 0
27427 4
27427 5
27428 2
27429 3
27439 1
27441 0
27442 4
27443 2
27445 3
27455 1
27456 0
27457 4
27457 5
27458 2
27459 3
27469 1
27471 0
27472 4
27473 2
27475 3
27485 0
27485 1
27486 4
27487 4
27489 2
27489 3
27500 0
27501 1
27502 4
27503 3
27504 2
27515 0
27517 1
27517 3
27517 4
27519 2
27530 0
27531 3
27531 4
27532 4
27533 1
27534 2
27545 0
27545 3
27547 5
27549 1
27549 2
27560 0
27561 3
27561 4
27562 4
27563 1
27564 2
27575 0
27576 3
27576 4
27577 4
27578 1
27579 2
27590 0
27590 3
27592 4
27594 1
27594 2
27604 3
27606 0
27607 5
27608 2
27610 1
27620 3
27621 0
27622 4
27623 2
27624 1
27634 3
27636 0
27637 4
27638 2
27640 1
27648 3
27651 0
27652 4
27653 2
27656 1
27662 3
27667 0
27667 2
27667 5
27672 1
27678 3
27682 0
27682 2
27682 4
27686 1
27692 3
27696 2
27697 5
27698 0
27702 1
27708 3
27711 2
27712 5
27713 0
27716 1
27724 3
27725 2
27727 4
27729 0
27730 1
27731 4
27738 3
27740 2
27742 5
27744 0
27746 1
27754 3
27755 2
27757 5
27759 0
27760 1
27761 4
27769 2
27770 3
27772 5
27774 1
27775 0
27776 4
27784 2
27785 3
27787 5
27789 1
27790 0
27791 4
27799 2
27801 3
27802 5
27803 1
27805 0
27814 2
27817 1
27817 3
27817 4
27820 0
27829 2
27831 3
27832 5
27833 1
27835 0
27844 2
27847 1
27847 3
27847 5
27850 0
27859 2
27862 1
27862 3
27862 5
27865 0
27874 2
27876 1
27877 5
27878 3
27880 0
27889 2
27890 1
27892 4
27894 3
27895 0
27904 2
27906 1
27907 5
27908 3
27910 0
27919 2
27920 1
27922 5
27924 3
27925 0
27934 2
27935 1
27937 5
27939 3
27940 0
27949 1
27950 2
27952 5
27954 0
27955 3
27963 1
27965 2
27967 5
27969 0
27971 3
27977 1
27980 2
27982 4
27984 0
27987 3
27993 1
27996 2
27997 4
27998 0
28001 3
28009 1
28011 2
28012 4
28013 0
28015 3
28025 1
28026 2
28027 4
28028 0
28029 3
28041 1
28042 0
28042 2
28042 5
28043 3
28055 1
28057 0
28057 2
28057 5
28059 3
28069 1
28072 0
28072 2
28072 5
28075 3
28083 1
28087 0
28087 2
28087 5
28091 3
28097 1
28102 0
28102 2
28102 5
28107 3
28111 1
28116 0
28117 4
28117 5
28118 2
28123 3
28125 1
28131 0
28132 4
28133 2
28139 3
28141 1
28145 0
28146 4
28147 4
28149 2
28153 3
28157 1
28160 0
28161 4
28162 4
28164 2
28167 3
28173 1
28174 0
28175 4
28177 4
28180 2
28181 3
28189 0
28189 1
28190 4
28192 4
28195 2
28195 3
28203 0
28204 4
28205 1
28207 4
28209 3
28211 2
