212257 0
212257 1
212257 2
212257 3
212257 4
212271 3
212272 0
212272 2
212272 5
212273 1
212287 0
212287 1
212287 2
212287 3
212287 4
212301 3
212302 0
212302 2
212302 5
212303 1
212317 0
212317 1
212317 2
212317 3
212317 4
212331 3
212332 0
212332 2
212332 5
212333 1
212347 0
212347 1
212347 2
212347 3
212347 4
212361 3
212362 0
212362 2
212362 5
212363 1
212377 0
212377 1
212377 2
212377 3
212377 4
212391 3
212392 0
212392 2
212392 5
212393 1
212407 0
212407 1
212407 2
212407 3
212407 4
212421 3
212422 0
212422 2
212422 5
212423 1
212437 0
212437 1
212437 2
212437 3
212437 4
212451 3
212452 0
212452 2
212452 5
212453 1
212466 2
212467 1
212467 3
212467 4
212467 5
212468 0
212481 2
212481 3
212482 5
212483 0
212483 1
212496 2
212497 1
212497 3
212497 5
212498 0
212511 1
212511 2
212512 4
212513 0
212513 3
212526 2
212527 1
212527 3
212527 5
212528 0
212541 1
212541 2
212542 4
212543 0
212543 3
212556 2
212557 1
212557 3
212557 5
212558 0
212571 1
212571 2
212572 4
212573 0
212573 3
212586 2
212587 1
212587 3
212587 5
212588 0
212601 1
212601 2
212602 5
212603 0
212603 3
212615 1
212616 2
212617 4
212618 0
212619 3
212632 0
212632 1
212632 2
212632 3
212632 5
212646 1
212647 0
212647 2
212647 4
212648 3
212662 0
212662 1
212662 2
212662 3
212662 5
212676 1
212677 0
212677 2
212677 4
212678 3
212692 0
212692 1
212692 2
212692 3
212692 5
212706 1
212707 0
212707 2
212707 4
212708 3
212722 0
212722 1
212722 2
212722 3
212722 5
212736 1
212737 0
212737 2
212737 4
212738 3
212752 0
212752 1
212752 2
212752 3
212752 5
212766 1
212767 0
212767 2
212767 4
212768 3
212781 0
212782 1
212782 3
212782 5
212783 2
212795 1
212796 0
212796 4
212797 4
212798 2
212799 3
212811 0
212811 1
212812 4
212813 2
212813 3
212826 0
212827 1
212827 3
212827 5
212828 2
212841 0
212841 1
212842 4
212843 2
212843 3
212856 0
212857 1
212857 3
212857 5
212858 2
212871 0
212871 1
212872 4
212873 2
212873 3
212886 0
212887 1
212887 3
212887 4
212888 2
212901 0
212901 3
212902 4
212903 1
212903 2
212915 3
212916 0
212916 5
212917 5
212918 2
212919 1
212931 0
212931 3
212932 5
212933 1
212933 2
212947 0
212947 1
212947 2
212947 3
212947 4
212961 3
212962 0
212962 2
212962 5
212963 1
212977 0
212977 1
212977 2
212977 3
212977 4
212991 3
212992 0
212992 2
212992 5
212993 1
213007 0
213007 1
213007 2
213007 3
213007 4
213021 3
213022 0
213022 2
213022 5
213023 1
213037 0
213037 1
213037 2
213037 3
213037 4
213051 3
213052 0
213052 2
213052 5
213053 1
213067 0
213067 1
213067 2
213067 3
213067 4
213081 3
213082 0
213082 2
213082 5
213083 1
213097 0
213097 1
213097 2
213097 3
213097 4
213111 3
213112 0
213112 2
213112 5
213113 1
213127 0
213127 1
213127 2
213127 3
213127 4
213141 3
213142 0
213142 2
213142 5
213143 1
213157 0
213157 1
213157 2
213157 3
213157 4
213171 3
213172 0
213172 2
213172 4
213172 5
213173 1
213185 3
213186 5
213187 0
213187 2
213187 5
213189 1
213201 3
213202 0
213202 2
213202 5
213203 1
213216 2
213217 1
213217 3
213217 4
213218 0
213231 2
213231 3
213232 5
213233 0
213233 1
213246 2
213247 1
213247 3
213247 4
213248 0
213261 2
213261 3
213262 5
213263 0
213263 1
213276 2
213277 1
213277 3
213277 5
213278 0
213291 1
213291 2
213292 4
213293 0
213293 3
213306 2
213307 1
213307 3
213307 5
213308 0
213321 1
213321 2
213322 4
213323 0
213323 3
213336 2
213337 1
213337 3
213337 5
213338 0
213351 1
213351 2
213352 4
213353 0
213353 3
213366 2
213367 1
213367 3
213367 5
213368 0
213381 1
213381 2
213382 5
213383 0
213383 3
213395 1
213396 2
213396 4
213397 4
213398 0
213399 3
213411 1
213412 0
213412 2
213412 4
213412 5
213413 3
213425 1
213426 4
213427 0
213427 2
213427 4
213429 3
213441 1
213442 0
213442 2
213442 4
213442 5
213443 3
213455 1
213456 4
213457 0
213457 2
213457 4
213459 3
213472 0
213472 1
213472 2
213472 3
213472 5
213485 1
213486 4
213487 0
213487 2
213487 4
213489 3
213501 1
213502 0
213502 2
213502 4
213502 5
213503 3
213515 1
213516 4
213517 0
213517 2
213517 4
213519 3
213531 1
213532 0
213532 2
213532 4
213532 5
213533 3
213545 1
213546 4
213547 0
213547 2
213547 4
213549 3
213561 0
213561 1
213562 4
213563 2
213563 3
213576 0
213577 1
213577 3
213577 5
213578 2
213591 0
213591 1
213592 4
213593 2
213593 3
213606 0
213607 1
213607 3
213607 5
213608 2
213621 0
213621 1
213622 4
213623 2
213623 3
213636 0
213637 1
213637 3
213637 4
213638 2
213651 0
213651 3
213652 5
213653 1
213653 2
213666 0
213667 1
213667 3
213667 4
213668 2
213681 0
213681 3
213682 5
213683 1
213683 2
213696 0
213697 1
213697 3
213697 4
213698 2
213711 0
213711 3
213712 5
213713 1
213713 2
213727 0
213727 1
213727 2
213727 3
213727 4
213741 3
213742 0
213742 2
213742 5
213743 1
213757 0
213757 1
213757 2
213757 3
213757 4
213771 3
213772 0
213772 2
213772 4
213772 5
213773 1
213785 3
213786 5
213787 0
213787 2
213787 5
213789 1
213801 3
213802 0
213802 2
213802 4
213802 5
213803 1
213815 3
213816 5
213817 0
213817 2
213817 5
213819 1
213831 3
213832 0
213832 2
213832 5
213833 1
213847 0
213847 1
213847 2
213847 3
213847 4
213861 3
213862 0
213862 2
213862 5
213863 1
213877 0
213877 1
213877 2
213877 3
213877 4
213891 3
213892 0
213892 2
213892 5
213893 1
213907 0
213907 1
213907 2
213907 3
213907 4
213921 3
213922 0
213922 2
213922 5
213923 1
213937 0
213937 1
213937 2
213937 3
213937 4
213951 3
213952 0
213952 2
213952 5
213953 1
213966 2
213967 1
213967 3
213967 4
213968 0
213981 2
213981 3
213982 5
213983 0
213983 1
213996 2
213997 1
213997 3
213997 5
213998 0
214011 1
214011 2
214012 4
214013 0
214013 3
214026 2
214027 1
214027 3
214027 5
214028 0
214041 1
214041 2
214042 4
214043 0
214043 3
214056 2
214057 1
214057 3
214057 5
214058 0
214071 1
214071 2
214072 4
214073 0
214073 3
214086 2
214087 1
214087 3
214087 5
214088 0
214101 1
214101 2
214102 5
214103 0
214103 3
214115 1
214116 2
214116 4
214117 4
214118 0
214119 3
214131 1
214132 0
214132 2
214132 4
214132 5
214133 3
214145 1
214146 4
214147 0
214147 2
214147 4
214149 3
214161 1
214162 0
214162 2
214162 4
214162 5
214163 3
214175 1
214176 4
214177 0
214177 2
214177 4
214179 3
214192 0
214192 1
214192 2
214192 3
214192 5
214205 1
214206 4
214207 0
214207 2
214207 4
214209 3
214221 1
214222 0
214222 2
214222 4
214222 5
214223 3
214235 1
214236 4
214237 0
214237 2
214237 4
214239 3
214251 1
214252 0
214252 2
214252 4
214252 5
214253 3
214265 1
214266 4
214267 0
214267 2
214267 4
214269 3
214281 0
214281 1
214282 4
214283 2
214283 3
214296 0
214297 1
214297 3
214297 5
214298 2
214311 0
214311 1
214312 4
214313 2
214313 3
214326 0
214327 1
214327 3
214327 5
214328 2
214341 0
214341 1
214342 4
214343 2
214343 3
214356 0
214357 1
214357 3
214357 4
214358 2
214371 0
214371 3
214372 5
214373 1
214373 2
214386 0
214387 1
214387 3
214387 4
214388 2
214401 0
214401 3
214402 5
214403 1
214403 2
214416 0
214417 1
214417 3
214417 4
214418 2
214431 0
214431 3
214432 5
214433 1
214433 2
214447 0
214447 1
214447 2
214447 3
214447 4
214461 3
214462 0
214462 2
214462 5
214463 1
214477 0
214477 1
214477 2
214477 3
214477 4
214491 3
214492 0
214492 2
214492 4
214492 5
214493 1
214505 3
214506 5
214507 0
214507 2
214507 5
214509 1
214521 3
214522 0
214522 2
214522 4
214522 5
214523 1
214535 3
214536 5
214537 0
214537 2
214537 5
214539 1
214551 3
214552 0
214552 2
214552 4
214552 5
214553 1
214565 3
214566 5
214567 0
214567 2
214567 5
214569 1
214581 3
214582 0
214582 2
214582 5
214583 1
214597 0
214597 1
214597 2
214597 3
214597 4
214611 3
214612 0
214612 2
214612 5
214613 1
214626 2
214627 1
214627 3
214627 4
214628 0
214641 2
214641 3
214642 5
214643 0
214643 1
214656 2
214657 1
214657 3
214657 4
214658 0
214671 2
214671 3
214672 5
214673 0
214673 1
214686 2
214687 1
214687 3
214687 5
214688 0
214701 1
214701 2
214702 4
214703 0
214703 3
214716 2
214717 1
214717 3
214717 5
214718 0
214731 1
214731 2
214732 4
214733 0
214733 3
214746 2
214747 1
214747 3
214747 5
214748 0
214761 1
214761 2
214762 4
214763 0
214763 3
214776 2
214777 1
214777 3
214777 5
214778 0
214791 1
214791 2
214792 5
214793 0
214793 3
214805 1
214806 2
214806 4
214807 4
214808 0
214809 3
214821 1
214822 0
214822 2
214822 4
214822 5
214823 3
214835 1
214836 4
214837 0
214837 2
214837 4
214839 3
214852 0
214852 1
214852 2
214852 3
214852 5
214866 1
214867 0
214867 2
214867 4
214868 3
214882 0
214882 1
214882 2
214882 3
214882 5
214896 1
214897 0
214897 2
214897 4
214898 3
214912 0
214912 1
214912 2
214912 3
214912 5
214926 1
214927 0
214927 2
214927 4
214928 3
214942 0
214942 1
214942 2
214942 3
214942 5
214955 1
214956 4
214957 0
214957 2
214957 4
214959 3
214971 0
214971 1
214972 4
214972 5
214973 2
214973 3
214985 1
214986 0
214986 4
214987 4
214988 2
214989 3
215001 0
215001 1
215002 4
215003 2
215003 3
215016 0
215017 1
215017 3
215017 5
215018 2
215031 0
215031 1
215032 4
215033 2
215033 3
215046 0
215047 1
215047 3
215047 5
215048 2
215061 0
215061 1
215062 4
215063 2
215063 3
215076 0
215077 1
215077 3
215077 4
215078 2
215091 0
215091 3
215092 5
215093 1
215093 2
215106 0
215107 1
215107 3
215107 4
215108 2
215121 0
215121 3
215122 5
215123 1
215123 2
215136 0
215137 1
215137 3
215137 4
215138 2
215151 0
215151 3
215152 4
215153 1
215153 2
215165 3
215166 0
215166 5
215167 5
215168 2
215169 1
215181 3
215182 0
215182 2
215182 4
215182 5
215183 1
215195 3
215196 5
215197 0
215197 2
215197 5
215199 1
215211 3
215212 0
215212 2
215212 4
215212 5
215213 1
215225 3
215226 5
215227 0
215227 2
215227 5
215229 1
215241 3
215242 0
215242 2
215242 4
215242 5
215243 1
215255 3
215256 5
215257 0
215257 2
215257 4
215259 1
