153007 0
153007 1
153007 2
153007 3
153007 4
153021 3
153022 0
153022 2
153022 5
153023 1
153037 0
153037 1
153037 2
153037 3
153037 4
153051 3
153052 0
153052 2
153052 5
153053 1
153067 0
153067 1
153067 2
153067 3
153067 4
153081 3
153082 0
153082 2
153082 5
153083 1
153097 0
153097 1
153097 2
153097 3
153097 4
153111 3
153112 0
153112 2
153112 5
153113 1
153127 0
153127 1
153127 2
153127 3
153127 4
153141 2
153141 3
153142 5
153143 0
153143 1
153156 2
153157 1
153157 3
153157 5
153158 0
153171 1
153171 2
153172 4
153173 0
153173 3
153186 2
153187 1
153187 3
153187 5
153188 0
153201 1
153201 2
153202 4
153203 0
153203 3
153216 2
153217 1
153217 3
153217 4
153217 5
153218 0
153231 2
153231 3
153232 5
153233 0
153233 1
153246 2
153247 1
153247 3
153247 5
153248 0
153261 1
153261 2
153262 5
153263 0
153263 3
153276 1
153276 2
153277 4
153278 0
153278 3
153291 2
153292 1
153292 3
153292 5
153293 0
153306 1
153306 2
153307 4
153308 0
153308 3
153322 0
153322 1
153322 2
153322 3
153322 5
153336 1
153337 0
153337 2
153337 4
153338 3
153352 0
153352 1
153352 2
153352 3
153352 5
153366 1
153367 0
153367 2
153367 4
153368 3
153382 0
153382 1
153382 2
153382 3
153382 5
153396 1
153397 0
153397 2
153397 4
153398 3
153412 0
153412 1
153412 2
153412 3
153412 5
153426 1
153427 0
153427 2
153427 4
153428 3
153442 0
153442 1
153442 2
153442 3
153442 5
153456 1
153457 0
153457 2
153457 4
153458 3
153472 0
153472 1
153472 2
153472 3
153472 5
153486 1
153487 0
153487 2
153487 4
153488 3
153501 0
153502 1
153502 3
153502 5
153503 2
153516 0
153516 1
153517 4
153518 2
153518 3
153531 0
153532 1
153532 3
153532 5
153533 2
153545 1
153546 0
153546 4
153547 4
153548 2
153549 3
153561 0
153561 1
153562 4
153563 2
153563 3
153576 0
153577 1
153577 3
153577 5
153578 2
153591 0
153591 1
153592 4
153593 2
153593 3
153606 0
153607 1
153607 3
153607 5
153608 2
153621 0
153621 1
153622 4
153623 2
153623 3
153636 0
153637 1
153637 3
153637 4
153638 2
153651 0
153651 3
153652 5
153653 1
153653 2
153666 0
153667 1
153667 3
153667 4
153668 2
153681 0
153681 3
153682 4
153683 1
153683 2
153695 3
153696 0
153696 5
153697 5
153698 2
153699 1
153711 0
153711 3
153712 4
153713 1
153713 2
153725 3
153726 0
153726 5
153727 5
153728 2
153729 1
153741 3
153742 0
153742 2
153742 4
153742 5
153743 1
153755 3
153756 5
153757 0
153757 2
153757 5
153759 1
153771 3
153772 0
153772 2
153772 4
153772 5
153773 1
153785 3
153786 5
153787 0
153787 2
153787 5
153789 1
153801 3
153802 0
153802 2
153802 4
153802 5
153803 1
153815 3
153816 5
153817 0
153817 2
153817 5
153819 1
153831 3
153832 0
153832 2
153832 4
153832 5
153833 1
153845 3
153846 2
153846 5
153847 5
153848 0
153849 1
153861 2
153861 3
153862 4
153862 5
153863 0
153863 1
153875 3
153876 2
153876 5
153877 5
153878 0
153879 1
153891 2
153891 3
153892 5
153893 0
153893 1
153906 2
153907 1
153907 3
153907 4
153908 0
153921 2
153921 3
153922 5
153923 0
153923 1
153936 2
153937 1
153937 3
153937 5
153938 0
153951 1
153951 2
153952 4
153953 0
153953 3
153966 2
153967 1
153967 3
153967 5
153968 0
153981 1
153981 2
153982 5
153983 0
153983 3
153995 1
153996 2
153997 4
153998 0
153999 3
154011 1
154011 2
154012 5
154013 0
154013 3
154026 1
154026 2
154027 5
154028 0
154028 3
154040 1
154041 2
154042 4
154043 0
154044 3
154056 1
154057 0
154057 2
154057 4
154058 3
154072 0
154072 1
154072 2
154072 3
154072 5
154086 1
154087 0
154087 2
154087 4
154088 3
154102 0
154102 1
154102 2
154102 3
154102 5
154116 1
154117 0
154117 2
154117 4
154118 3
154132 0
154132 1
154132 2
154132 3
154132 5
154146 1
154147 0
154147 2
154147 4
154147 5
154148 3
154160 1
154161 4
154162 0
154162 2
154162 4
154164 3
154176 1
154177 0
154177 2
154177 4
154178 3
154192 0
154192 1
154192 2
154192 3
154192 5
154206 1
154207 0
154207 2
154207 4
154208 3
154221 0
154222 1
154222 3
154222 5
154223 2
154236 0
154236 1
154237 4
154238 2
154238 3
154251 0
154252 1
154252 3
154252 5
154253 2
154266 0
154266 1
154267 4
154268 2
154268 3
154281 0
154281 1
154282 4
154283 2
154283 3
154296 0
154297 1
154297 3
154297 5
154298 2
154311 0
154311 1
154312 4
154313 2
154313 3
154326 0
154327 1
154327 3
154327 5
154328 2
154341 0
154341 1
154342 4
154343 2
154343 3
154356 0
154357 1
154357 3
154357 4
154358 2
154371 0
154371 3
154372 5
154373 1
154373 2
154386 0
154387 1
154387 3
154387 4
154388 2
154401 0
154401 3
154402 5
154403 1
154403 2
154416 0
154417 1
154417 3
154417 4
154418 2
154431 0
154431 3
154432 4
154433 1
154433 2
154445 3
154446 0
154446 5
154447 5
154448 2
154449 1
154461 0
154461 3
154462 4
154463 1
154463 2
154475 3
154476 5
154477 0
154477 2
154477 5
154479 1
154491 3
154492 0
154492 2
154492 5
154493 1
154507 0
154507 1
154507 2
154507 3
154507 4
154521 3
154522 0
154522 2
154522 4
154522 5
154523 1
154535 3
154536 5
154537 0
154537 2
154537 5
154539 1
154551 3
154552 0
154552 2
154552 4
154552 5
154553 1
154565 3
154566 5
154567 0
154567 2
154567 5
154569 1
154581 3
154582 0
154582 2
154582 4
154582 5
154583 1
154595 3
154596 5
154597 0
154597 2
154597 5
154599 1
154611 3
154612 0
154612 2
154612 4
154612 5
154613 1
154625 3
154626 2
154626 5
154627 5
154628 0
154629 1
154641 2
154641 3
154642 4
154642 5
154643 0
154643 1
154655 3
154656 2
154656 5
154657 5
154658 0
154659 1
154671 2
154671 3
154672 5
154673 0
154673 1
154686 2
154687 1
154687 3
154687 4
154688 0
154701 2
154701 3
154702 5
154703 0
154703 1
154716 2
154717 1
154717 3
154717 4
154718 0
154731 2
154731 3
154732 5
154733 0
154733 1
154746 2
154747 1
154747 3
154747 5
154748 0
154761 1
154761 2
154762 4
154763 0
154763 3
154776 2
154777 1
154777 3
154777 5
154778 0
154791 1
154791 2
154792 5
154793 0
154793 3
154806 1
154806 2
154807 4
154808 0
154808 3
154821 2
154822 1
154822 3
154822 5
154823 0
154836 1
154836 2
154837 4
154838 0
154838 3
154851 2
154852 1
154852 3
154852 5
154853 0
154866 1
154866 2
154867 5
154868 0
154868 3
154880 1
154881 2
154882 4
154883 0
154884 3
154896 1
154896 2
154897 5
154898 0
154898 3
154910 1
154912 0
154912 2
154912 4
154914 3
154926 1
154927 0
154927 2
154927 5
154928 3
154940 1
154942 0
154942 2
154942 4
154944 3
154956 1
154957 0
154957 2
154957 5
154958 3
154970 1
154972 0
154972 2
154972 4
154974 3
154986 1
154987 0
154987 2
154987 5
154988 3
155000 1
155001 4
155002 0
155002 2
155002 4
155004 3
155016 0
155016 1
155017 4
155017 5
155018 2
155018 3
155030 1
155031 0
155031 4
155032 4
155033 2
155034 3
155046 0
155046 1
155047 4
155048 2
155048 3
155061 0
155062 1
155062 3
155062 5
155063 2
155076 0
155076 1
155077 4
155078 2
155078 3
155091 0
155092 1
155092 3
155092 5
155093 2
155106 0
155106 1
155107 4
155108 2
155108 3
155121 0
155121 1
155122 4
155123 2
155123 3
155136 0
155137 1
155137 3
155137 5
155138 2
155151 0
155151 1
155152 4
155153 2
155153 3
155165 0
155167 1
155167 3
155167 5
155169 2
155180 0
155181 1
155182 4
155183 3
155184 2
155185 5
155195 0
155197 1
155197 3
155197 4
155199 2
155210 0
155211 3
155212 4
155213 1
155214 2
155225 0
155225 3
155227 4
155229 1
155229 2
155239 3
155241 0
155242 5
155243 2
155245 1
155255 3
155256 0
155257 4
155258 2
155259 1
155269 3
155271 0
155272 5
155273 2
155275 1
155286 0
155286 3
155287 4
155288 1
155288 2
155300 3
155301 0
155302 4
155303 2
155304 1
155314 3
155317 0
155317 2
155317 5
155320 1
155330 3
155332 0
155332 2
155332 4
155334 1
155344 3
155347 0
155347 2
155347 5
155350 1
155360 3
155361 2
155362 5
155363 0
155364 1
155365 4
155376 2
155376 3
155377 4
155377 5
155378 0
155378 1
155390 3
155391 2
155392 5
155393 0
155394 1
155395 4
155405 3
155406 2
155406 5
155407 4
155408 0
155409 1
155419 3
155420 5
155421 2
155422 5
155423 0
155425 1
155426 4
155435 2
155435 3
155436 5
155437 5
155439 0
155439 1
155440 4
155450 2
155451 3
155452 4
155452 5
155453 1
155454 0
155465 2
155465 3
155466 5
155467 5
155469 0
155469 1
155470 4
155480 2
155481 3
155482 5
155483 1
155484 0
155485 4
155495 2
155497 1
155497 3
155497 5
155499 0
155510 2
155511 1
155512 4
155513 3
155514 0
155525 2
155527 1
155527 3
155527 5
155529 0
155540 2
155541 5
155542 1
155542 3
155542 5
155544 0
155555 2
155556 1
155556 5
155557 5
155558 3
155559 0
155570 1
155570 2
155572 4
155574 0
155574 3
155585 2
155586 1
155586 5
155587 5
155588 3
155589 0
155600 1
155600 2
155602 5
155604 0
155604 3
155614 1
155615 4
155616 2
155617 4
155618 0
155620 3
155630 1
155631 2
155631 4
155632 5
155633 0
155634 3
155644 1
155645 4
155646 2
155647 5
155648 0
155650 3
155658 1
155659 4
155661 2
155662 4
155663 0
155666 3
155674 1
155675 4
155677 0
155677 2
155677 5
155680 3
155688 1
155689 4
155692 0
155692 2
155692 4
155696 3
155704 1
155705 4
155707 0
155707 2
155707 5
155710 3
155718 1
155719 4
155721 0
155722 4
155723 2
155726 3
155727 5
155734 1
155735 4
155736 0
155737 4
155738 2
155740 3
155741 5
155750 1
155751 0
155751 4
155752 5
155753 2
155754 3
155764 1
155765 4
155766 0
155767 4
155768 2
155770 3
155771 5
155780 0
155780 1
155781 4
155782 4
155784 2
155784 3
155785 5
155795 0
155796 1
155797 4
155797 5
155798 3
155799 2
155810 0
155810 1
155811 4
155812 4
155814 2
155814 3
155815 5
155825 0
155826 1
155827 4
155828 3
155829 2
155830 5
155840 0
155842 1
155842 3
155842 4
155844 2
155855 0
155856 3
155857 5
155858 1
155859 2
155870 0
155871 1
155872 4
155873 3
155874 2
155875 5
155885 0
155887 1
155887 3
155887 4
155889 2
155900 0
155901 3
155902 4
155903 1
155904 2
155915 0
155915 3
155917 5
155919 1
155919 2
155930 0
155931 3
155932 4
155933 1
155934 2
155945 0
155945 3
155947 4
155949 1
155949 2
155959 3
155960 0
155960 5
155962 5
155964 2
155965 1
155975 3
155976 0
155976 5
155977 4
155978 2
155979 1
155990 3
155991 0
155991 5
155992 4
155993 2
155994 1
156004 3
156005 5
156006 0
156007 4
156008 2
156010 1
