44482 0
44482 1
44482 2
44482 3
44482 5
44496 1
44497 0
44497 2
44497 4
44498 3
44512 0
44512 1
44512 2
44512 3
44512 5
44526 1
44527 0
44527 2
44527 4
44528 3
44542 0
44542 1
44542 2
44542 3
44542 5
44556 1
44557 0
44557 2
44557 4
44558 3
44572 0
44572 1
44572 2
44572 3
44572 5
44586 1
44587 0
44587 2
44587 4
44588 3
44602 0
44602 1
44602 2
44602 3
44602 5
44616 1
44617 0
44617 2
44617 4
44618 3
44632 0
44632 1
44632 2
44632 3
44632 4
44646 3
44647 0
44647 2
44647 5
44648 1
44662 0
44662 1
44662 2
44662 3
44662 4
44676 3
44677 0
44677 2
44677 4
44677 5
44678 1
44690 3
44691 5
44692 0
44692 2
44692 5
44694 1
44706 3
44707 0
44707 2
44707 5
44708 1
44722 0
44722 1
44722 2
44722 3
44722 4
44736 3
44737 0
44737 2
44737 5
44738 1
44752 0
44752 1
44752 2
44752 3
44752 4
44766 3
44767 0
44767 2
44767 4
44767 5
44768 1
44780 3
44781 5
44782 0
44782 2
44782 5
44784 1
44796 3
44797 0
44797 2
44797 5
44798 1
44812 0
44812 1
44812 2
44812 3
44812 5
44826 1
44827 0
44827 2
44827 4
44828 3
44842 0
44842 1
44842 2
44842 3
44842 5
44856 1
44857 0
44857 2
44857 4
44858 3
44872 0
44872 1
44872 2
44872 3
44872 5
44886 1
44887 0
44887 2
44887 4
44887 5
44888 3
44900 1
44901 4
44902 0
44902 2
44902 4
44904 3
44916 1
44917 0
44917 2
44917 4
44918 3
44932 0
44932 1
44932 2
44932 3
44932 4
44946 3
44947 0
44947 2
44947 5
44948 1
44962 0
44962 1
44962 2
44962 3
44962 4
44976 3
44977 0
44977 2
44977 5
44978 1
44992 0
44992 1
44992 2
44992 3
44992 5
45006 1
45007 0
45007 2
45007 4
45008 3
45022 0
45022 1
45022 2
45022 3
45022 4
45036 3
45037 0
45037 2
45037 5
45038 1
45052 0
45052 1
45052 2
45052 3
45052 5
45066 1
45067 0
45067 2
45067 4
45067 5
45068 3
45080 1
45081 4
45082 0
45082 2
45082 5
45084 3
45094 1
45095 4
45097 0
45097 2
45097 4
45100 3
45110 1
45111 4
45112 0
45112 2
45112 5
45114 3
45124 1
45125 4
45126 0
45127 4
45128 2
45130 3
45140 1
45141 0
45141 4
45142 4
45143 2
45144 3
45156 0
45156 1
45157 4
45158 2
45158 3
45171 0
45172 1
45172 3
45172 5
45173 2
45186 0
45186 1
45187 4
45188 2
45188 3
45201 0
45202 1
45202 3
45202 4
45203 2
45216 0
45216 3
45217 4
45218 1
45218 2
45230 3
45231 0
45231 5
45232 5
45233 2
45234 1
45246 0
45246 3
45247 4
45248 1
45248 2
45261 0
45261 3
45262 4
45263 1
45263 2
45275 3
45276 0
45276 5
45277 5
45278 2
45279 1
45291 0
45291 3
45292 4
45293 1
45293 2
45305 3
45306 0
45306 5
45307 5
45308 2
45309 1
45321 3
45322 0
45322 2
45322 4
45322 5
45323 1
45335 3
45336 5
45337 0
45337 2
45337 5
45339 1
45351 3
45352 0
45352 2
45352 4
45352 5
45353 1
45365 3
45366 5
45367 0
45367 2
45367 5
45369 1
45381 3
45382 0
45382 2
45382 4
45382 5
45383 1
45395 3
45396 5
45397 0
45397 2
45397 5
45399 1
45411 2
45411 3
45412 4
45412 5
45413 0
45413 1
45425 3
45426 2
45426 5
45427 5
45428 0
45429 1
45441 2
45441 3
45442 5
45443 0
45443 1
45456 2
45457 1
45457 3
45457 4
45458 0
45471 2
45471 3
45472 5
45473 0
45473 1
45486 2
45486 3
45487 5
45488 0
45488 1
45501 2
45502 1
45502 3
45502 4
45503 0
45516 2
45516 3
45517 5
45518 0
45518 1
45531 2
45532 1
45532 3
45532 4
45533 0
45546 2
45546 3
45547 4
45547 5
45548 0
45548 1
45560 3
45561 2
45561 5
45562 4
45563 0
45564 1
45574 3
45575 2
45575 5
45577 5
45579 0
45580 1
45581 4
45590 2
45590 3
45591 5
45592 5
45594 0
45594 1
45595 4
45605 2
45606 3
45607 5
45608 1
45609 0
45610 4
45620 2
45622 1
45622 3
45622 5
45624 0
45635 2
45637 1
45637 3
45637 5
45639 0
45650 2
45651 1
45652 5
45653 3
45654 0
45665 1
45665 2
45667 5
45669 0
45669 3
45679 1
45680 2
45682 5
45684 0
45685 3
45693 1
45695 2
45697 4
45699 0
45701 3
45709 1
45711 2
45712 5
45713 0
45715 3
45723 1
45726 2
45727 5
45728 0
45731 3
45737 1
45741 2
45742 4
45743 0
45747 3
45753 1
45757 0
45757 2
45757 5
45761 3
45767 1
45772 0
45772 2
45772 4
45777 3
45783 1
45786 0
45787 4
45787 5
45788 2
45791 3
45797 1
45801 0
45802 4
45803 2
45807 3
45813 1
45816 0
45817 4
45818 2
45821 3
45829 1
45830 0
45831 4
45832 5
45834 2
45835 3
45836 5
45843 1
45845 0
45846 4
45847 4
45849 2
45851 3
45852 5
45859 0
45859 1
45860 4
45862 4
45865 2
45865 3
45866 5
45874 0
45875 1
45876 4
45877 4
45879 3
45880 2
45889 0
45891 1
45892 4
45893 3
45895 2
45904 0
45906 1
45907 4
45908 3
45910 2
45919 0
45922 1
45922 3
45922 4
45925 2
45934 0
45936 3
45937 5
45938 1
45940 2
45949 0
45952 1
45952 3
45952 5
45955 2
45964 0
45966 1
45967 4
45968 3
45970 2
45979 0
45981 1
45982 4
45983 3
45985 2
45994 0
45997 1
45997 3
45997 4
46000 2
46009 0
46010 4
46011 3
46012 4
46013 1
46015 2
46024 0
46025 3
46025 4
46027 4
46029 1
46030 2
46039 0
46040 3
46040 4
46042 4
46044 1
46045 2
46054 0
46054 3
46057 4
46060 1
46060 2
46068 3
46069 0
46069 5
46072 4
46075 2
46076 1
46082 3
46083 5
46085 0
46087 4
46089 2
46092 1
46096 3
46097 5
46100 0
46102 4
46104 2
46108 1
46110 3
46111 5
46116 0
46117 5
46118 2
46124 1
46126 3
46127 5
46131 0
46132 4
46133 2
46138 1
46140 3
46141 5
46147 0
46147 2
46147 5
46154 1
46156 3
46157 5
46161 2
46162 4
46163 0
46168 1
46169 4
46170 3
46171 5
46176 2
46177 5
46178 0
46184 1
46186 3
46187 5
46190 2
46192 5
46194 0
46198 1
46199 4
46202 3
46203 5
46205 2
46207 4
46209 0
46212 1
46213 4
46216 3
46217 5
46219 2
46222 5
46225 0
46228 1
46229 4
46232 3
46233 5
46234 2
46237 5
46240 0
46242 1
46243 4
46248 2
46248 3
46249 5
46252 5
46256 0
46256 1
46257 4
