20310 tensor([[ 0.7298,  0.0719],
        [ 0.3717, -0.4480],
        [-0.7461, -0.0586],
        [-0.4058,  0.4555]], device='cuda:0')
20311 tensor([[ 0.7300,  0.0720],
        [ 0.3718, -0.4480],
        [-0.7462, -0.0586],
        [-0.4059,  0.4555]], device='cuda:0')
20312 tensor([[ 0.7301,  0.0720],
        [ 0.3720, -0.4480],
        [-0.7463, -0.0587],
        [-0.4060,  0.4554]], device='cuda:0')
20313 tensor([[ 0.7303,  0.0720],
        [ 0.3721, -0.4479],
        [-0.7464, -0.0587],
        [-0.4061,  0.4554]], device='cuda:0')
20314 tensor([[ 0.7304,  0.0721],
        [ 0.3722, -0.4479],
        [-0.7465, -0.0587],
        [-0.4061,  0.4553]], device='cuda:0')
20315 tensor([[ 0.7306,  0.0721],
        [ 0.3724, -0.4479],
        [-0.7466, -0.0588],
        [-0.4062,  0.4553]], device='cuda:0')
20316 tensor([[ 0.7307,  0.0721],
        [ 0.3725, -0.4478],
        [-0.7467, -0.0588],
        [-0.4063,  0.4552]], device='cuda:0')
20317 tensor([[ 0.7309,  0.0722],
        [ 0.3726, -0.4478],
        [-0.7468, -0.0589],
        [-0.4064,  0.4552]], device='cuda:0')
20318 tensor([[ 0.7310,  0.0722],
        [ 0.3728, -0.4478],
        [-0.7469, -0.0589],
        [-0.4065,  0.4552]], device='cuda:0')
20319 tensor([[ 0.7312,  0.0722],
        [ 0.3729, -0.4477],
        [-0.7470, -0.0589],
        [-0.4066,  0.4551]], device='cuda:0')
20320 tensor([[ 0.7313,  0.0723],
        [ 0.3730, -0.4477],
        [-0.7472, -0.0589],
        [-0.4067,  0.4551]], device='cuda:0')
20321 tensor([[ 0.7314,  0.0723],
        [ 0.3731, -0.4477],
        [-0.7473, -0.0590],
        [-0.4068,  0.4551]], device='cuda:0')
20322 tensor([[ 0.7316,  0.0723],
        [ 0.3733, -0.4476],
        [-0.7474, -0.0590],
        [-0.4069,  0.4550]], device='cuda:0')
20323 tensor([[ 0.7317,  0.0724],
        [ 0.3734, -0.4476],
        [-0.7475, -0.0590],
        [-0.4070,  0.4550]], device='cuda:0')
20324 tensor([[ 0.7318,  0.0724],
        [ 0.3735, -0.4476],
        [-0.7476, -0.0590],
        [-0.4071,  0.4550]], device='cuda:0')
20325 tensor([[ 0.7320,  0.0724],
        [ 0.3736, -0.4475],
        [-0.7477, -0.0591],
        [-0.4072,  0.4549]], device='cuda:0')
20326 tensor([[ 0.7321,  0.0724],
        [ 0.3737, -0.4475],
        [-0.7478, -0.0591],
        [-0.4072,  0.4549]], device='cuda:0')
20327 tensor([[ 0.7322,  0.0725],
        [ 0.3739, -0.4475],
        [-0.7479, -0.0591],
        [-0.4073,  0.4549]], device='cuda:0')
20328 tensor([[ 0.7324,  0.0725],
        [ 0.3740, -0.4474],
        [-0.7480, -0.0591],
        [-0.4074,  0.4549]], device='cuda:0')
20329 tensor([[ 0.7325,  0.0725],
        [ 0.3741, -0.4474],
        [-0.7482, -0.0592],
        [-0.4075,  0.4548]], device='cuda:0')
20330 tensor([[ 0.7326,  0.0726],
        [ 0.3742, -0.4474],
        [-0.7483, -0.0592],
        [-0.4076,  0.4548]], device='cuda:0')
20331 tensor([[ 0.7328,  0.0726],
        [ 0.3743, -0.4473],
        [-0.7484, -0.0592],
        [-0.4077,  0.4548]], device='cuda:0')
20332 tensor([[ 0.7329,  0.0726],
        [ 0.3744, -0.4473],
        [-0.7485, -0.0593],
        [-0.4078,  0.4547]], device='cuda:0')
20333 tensor([[ 0.7330,  0.0727],
        [ 0.3746, -0.4472],
        [-0.7486, -0.0593],
        [-0.4079,  0.4547]], device='cuda:0')
20334 tensor([[ 0.7331,  0.0727],
        [ 0.3747, -0.4472],
        [-0.7487, -0.0593],
        [-0.4080,  0.4546]], device='cuda:0')
20335 tensor([[ 0.7333,  0.0727],
        [ 0.3748, -0.4471],
        [-0.7488, -0.0593],
        [-0.4081,  0.4546]], device='cuda:0')
20336 tensor([[ 0.7334,  0.0728],
        [ 0.3749, -0.4470],
        [-0.7489, -0.0594],
        [-0.4081,  0.4545]], device='cuda:0')
20337 tensor([[ 0.7335,  0.0728],
        [ 0.3750, -0.4469],
        [-0.7490, -0.0594],
        [-0.4082,  0.4544]], device='cuda:0')
20338 tensor([[ 0.7336,  0.0728],
        [ 0.3751, -0.4469],
        [-0.7491, -0.0594],
        [-0.4083,  0.4544]], device='cuda:0')
20339 tensor([[ 0.7338,  0.0729],
        [ 0.3752, -0.4468],
        [-0.7492, -0.0594],
        [-0.4084,  0.4543]], device='cuda:0')
20340 tensor([[ 0.7339,  0.0729],
        [ 0.3753, -0.4467],
        [-0.7493, -0.0594],
        [-0.4085,  0.4543]], device='cuda:0')
20341 tensor([[ 0.7340,  0.0729],
        [ 0.3754, -0.4467],
        [-0.7494, -0.0595],
        [-0.4086,  0.4542]], device='cuda:0')
20342 tensor([[ 0.7341,  0.0729],
        [ 0.3755, -0.4466],
        [-0.7495, -0.0595],
        [-0.4087,  0.4541]], device='cuda:0')
20343 tensor([[ 0.7342,  0.0730],
        [ 0.3757, -0.4465],
        [-0.7496, -0.0595],
        [-0.4087,  0.4541]], device='cuda:0')
20344 tensor([[ 0.7344,  0.0730],
        [ 0.3758, -0.4465],
        [-0.7497, -0.0595],
        [-0.4088,  0.4540]], device='cuda:0')
20345 tensor([[ 0.7345,  0.0730],
        [ 0.3759, -0.4464],
        [-0.7498, -0.0596],
        [-0.4089,  0.4539]], device='cuda:0')
20346 tensor([[ 0.7346,  0.0731],
        [ 0.3760, -0.4464],
        [-0.7499, -0.0596],
        [-0.4090,  0.4539]], device='cuda:0')
20347 tensor([[ 0.7347,  0.0731],
        [ 0.3761, -0.4463],
        [-0.7500, -0.0596],
        [-0.4091,  0.4538]], device='cuda:0')
20348 tensor([[ 0.7348,  0.0731],
        [ 0.3762, -0.4462],
        [-0.7501, -0.0596],
        [-0.4092,  0.4537]], device='cuda:0')
20349 tensor([[ 0.7350,  0.0731],
        [ 0.3764, -0.4462],
        [-0.7502, -0.0597],
        [-0.4092,  0.4537]], device='cuda:0')
20350 tensor([[ 0.7351,  0.0732],
        [ 0.3765, -0.4461],
        [-0.7503, -0.0597],
        [-0.4093,  0.4536]], device='cuda:0')
20351 tensor([[ 0.7352,  0.0732],
        [ 0.3766, -0.4461],
        [-0.7504, -0.0597],
        [-0.4094,  0.4536]], device='cuda:0')
20352 tensor([[ 0.7353,  0.0732],
        [ 0.3768, -0.4460],
        [-0.7505, -0.0597],
        [-0.4095,  0.4535]], device='cuda:0')
20353 tensor([[ 0.7354,  0.0732],
        [ 0.3769, -0.4460],
        [-0.7506, -0.0598],
        [-0.4097,  0.4534]], device='cuda:0')
20354 tensor([[ 0.7356,  0.0732],
        [ 0.3771, -0.4459],
        [-0.7507, -0.0598],
        [-0.4098,  0.4534]], device='cuda:0')
20355 tensor([[ 0.7357,  0.0733],
        [ 0.3772, -0.4458],
        [-0.7508, -0.0598],
        [-0.4099,  0.4533]], device='cuda:0')
20356 tensor([[ 0.7358,  0.0733],
        [ 0.3773, -0.4458],
        [-0.7508, -0.0599],
        [-0.4100,  0.4532]], device='cuda:0')
20357 tensor([[ 0.7359,  0.0733],
        [ 0.3775, -0.4457],
        [-0.7509, -0.0599],
        [-0.4101,  0.4532]], device='cuda:0')
20358 tensor([[ 0.7360,  0.0733],
        [ 0.3776, -0.4457],
        [-0.7510, -0.0599],
        [-0.4102,  0.4531]], device='cuda:0')
20359 tensor([[ 0.7361,  0.0734],
        [ 0.3777, -0.4456],
        [-0.7511, -0.0599],
        [-0.4103,  0.4531]], device='cuda:0')
20360 tensor([[ 0.7362,  0.0734],
        [ 0.3779, -0.4456],
        [-0.7512, -0.0600],
        [-0.4104,  0.4530]], device='cuda:0')
20361 tensor([[ 0.7364,  0.0734],
        [ 0.3780, -0.4455],
        [-0.7513, -0.0600],
        [-0.4105,  0.4529]], device='cuda:0')
20362 tensor([[ 0.7365,  0.0734],
        [ 0.3781, -0.4455],
        [-0.7514, -0.0600],
        [-0.4106,  0.4529]], device='cuda:0')
20363 tensor([[ 0.7366,  0.0734],
        [ 0.3783, -0.4454],
        [-0.7514, -0.0600],
        [-0.4107,  0.4528]], device='cuda:0')
20364 tensor([[ 0.7367,  0.0735],
        [ 0.3785, -0.4454],
        [-0.7515, -0.0601],
        [-0.4108,  0.4527]], device='cuda:0')
20365 tensor([[ 0.7368,  0.0735],
        [ 0.3786, -0.4453],
        [-0.7516, -0.0601],
        [-0.4109,  0.4527]], device='cuda:0')
20366 tensor([[ 0.7369,  0.0735],
        [ 0.3788, -0.4453],
        [-0.7517, -0.0601],
        [-0.4111,  0.4526]], device='cuda:0')
20367 tensor([[ 0.7370,  0.0735],
        [ 0.3790, -0.4452],
        [-0.7518, -0.0601],
        [-0.4112,  0.4526]], device='cuda:0')
20368 tensor([[ 0.7371,  0.0735],
        [ 0.3791, -0.4452],
        [-0.7519, -0.0602],
        [-0.4113,  0.4525]], device='cuda:0')
20369 tensor([[ 0.7373,  0.0736],
        [ 0.3793, -0.4451],
        [-0.7519, -0.0602],
        [-0.4115,  0.4525]], device='cuda:0')
20370 tensor([[ 0.7374,  0.0736],
        [ 0.3795, -0.4451],
        [-0.7520, -0.0602],
        [-0.4116,  0.4524]], device='cuda:0')
20371 tensor([[ 0.7375,  0.0736],
        [ 0.3796, -0.4450],
        [-0.7521, -0.0603],
        [-0.4117,  0.4523]], device='cuda:0')
20372 tensor([[ 0.7376,  0.0736],
        [ 0.3798, -0.4450],
        [-0.7522, -0.0603],
        [-0.4119,  0.4523]], device='cuda:0')
20373 tensor([[ 0.7377,  0.0736],
        [ 0.3799, -0.4449],
        [-0.7523, -0.0603],
        [-0.4120,  0.4522]], device='cuda:0')
20374 tensor([[ 0.7378,  0.0737],
        [ 0.3801, -0.4449],
        [-0.7523, -0.0603],
        [-0.4121,  0.4522]], device='cuda:0')
20375 tensor([[ 0.7379,  0.0737],
        [ 0.3803, -0.4448],
        [-0.7524, -0.0604],
        [-0.4123,  0.4521]], device='cuda:0')
20376 tensor([[ 0.7380,  0.0737],
        [ 0.3804, -0.4448],
        [-0.7525, -0.0604],
        [-0.4124,  0.4520]], device='cuda:0')
20377 tensor([[ 0.7381,  0.0737],
        [ 0.3806, -0.4447],
        [-0.7526, -0.0604],
        [-0.4125,  0.4520]], device='cuda:0')
20378 tensor([[ 0.7382,  0.0738],
        [ 0.3807, -0.4447],
        [-0.7527, -0.0604],
        [-0.4126,  0.4519]], device='cuda:0')
20379 tensor([[ 0.7383,  0.0738],
        [ 0.3809, -0.4446],
        [-0.7527, -0.0605],
        [-0.4128,  0.4519]], device='cuda:0')
20380 tensor([[ 0.7384,  0.0739],
        [ 0.3810, -0.4446],
        [-0.7528, -0.0605],
        [-0.4129,  0.4518]], device='cuda:0')
20381 tensor([[ 0.7385,  0.0740],
        [ 0.3812, -0.4445],
        [-0.7529, -0.0606],
        [-0.4130,  0.4518]], device='cuda:0')
20382 tensor([[ 0.7386,  0.0740],
        [ 0.3813, -0.4445],
        [-0.7530, -0.0606],
        [-0.4132,  0.4517]], device='cuda:0')
20383 tensor([[ 0.7387,  0.0741],
        [ 0.3814, -0.4444],
        [-0.7531, -0.0607],
        [-0.4133,  0.4517]], device='cuda:0')
20384 tensor([[ 0.7388,  0.0741],
        [ 0.3816, -0.4444],
        [-0.7532, -0.0608],
        [-0.4134,  0.4517]], device='cuda:0')
20385 tensor([[ 0.7389,  0.0742],
        [ 0.3817, -0.4443],
        [-0.7532, -0.0608],
        [-0.4135,  0.4516]], device='cuda:0')
20386 tensor([[ 0.7390,  0.0743],
        [ 0.3819, -0.4443],
        [-0.7533, -0.0609],
        [-0.4137,  0.4516]], device='cuda:0')
20387 tensor([[ 0.7390,  0.0743],
        [ 0.3820, -0.4442],
        [-0.7534, -0.0609],
        [-0.4138,  0.4515]], device='cuda:0')
20388 tensor([[ 0.7391,  0.0744],
        [ 0.3822, -0.4442],
        [-0.7535, -0.0610],
        [-0.4139,  0.4515]], device='cuda:0')
20389 tensor([[ 0.7392,  0.0744],
        [ 0.3823, -0.4441],
        [-0.7535, -0.0610],
        [-0.4140,  0.4514]], device='cuda:0')
20390 tensor([[ 0.7393,  0.0745],
        [ 0.3824, -0.4441],
        [-0.7536, -0.0611],
        [-0.4142,  0.4514]], device='cuda:0')
20391 tensor([[ 0.7394,  0.0746],
        [ 0.3826, -0.4440],
        [-0.7537, -0.0611],
        [-0.4143,  0.4513]], device='cuda:0')
20392 tensor([[ 0.7395,  0.0746],
        [ 0.3827, -0.4440],
        [-0.7538, -0.0612],
        [-0.4144,  0.4513]], device='cuda:0')
20393 tensor([[ 0.7396,  0.0747],
        [ 0.3829, -0.4439],
        [-0.7538, -0.0612],
        [-0.4145,  0.4512]], device='cuda:0')
20394 tensor([[ 0.7398,  0.0748],
        [ 0.3831, -0.4438],
        [-0.7540, -0.0613],
        [-0.4147,  0.4512]], device='cuda:0')
20395 tensor([[ 0.7399,  0.0749],
        [ 0.3833, -0.4437],
        [-0.7541, -0.0614],
        [-0.4148,  0.4511]], device='cuda:0')
20396 tensor([[ 0.7400,  0.0750],
        [ 0.3834, -0.4436],
        [-0.7542, -0.0615],
        [-0.4150,  0.4510]], device='cuda:0')
20397 tensor([[ 0.7402,  0.0751],
        [ 0.3836, -0.4435],
        [-0.7543, -0.0616],
        [-0.4151,  0.4509]], device='cuda:0')
20398 tensor([[ 0.7403,  0.0752],
        [ 0.3838, -0.4435],
        [-0.7544, -0.0617],
        [-0.4153,  0.4508]], device='cuda:0')
20399 tensor([[ 0.7404,  0.0753],
        [ 0.3840, -0.4434],
        [-0.7545, -0.0618],
        [-0.4154,  0.4508]], device='cuda:0')
20400 tensor([[ 0.7405,  0.0754],
        [ 0.3841, -0.4433],
        [-0.7546, -0.0619],
        [-0.4156,  0.4507]], device='cuda:0')
20401 tensor([[ 0.7407,  0.0755],
        [ 0.3843, -0.4432],
        [-0.7547, -0.0619],
        [-0.4157,  0.4506]], device='cuda:0')
20402 tensor([[ 0.7408,  0.0756],
        [ 0.3845, -0.4431],
        [-0.7548, -0.0620],
        [-0.4159,  0.4505]], device='cuda:0')
20403 tensor([[ 0.7409,  0.0756],
        [ 0.3847, -0.4430],
        [-0.7549, -0.0621],
        [-0.4160,  0.4504]], device='cuda:0')
20404 tensor([[ 0.7410,  0.0757],
        [ 0.3848, -0.4430],
        [-0.7550, -0.0622],
        [-0.4161,  0.4504]], device='cuda:0')
20405 tensor([[ 0.7412,  0.0758],
        [ 0.3850, -0.4429],
        [-0.7551, -0.0623],
        [-0.4163,  0.4503]], device='cuda:0')
20406 tensor([[ 0.7413,  0.0759],
        [ 0.3852, -0.4428],
        [-0.7552, -0.0624],
        [-0.4164,  0.4502]], device='cuda:0')
20407 tensor([[ 0.7414,  0.0760],
        [ 0.3853, -0.4427],
        [-0.7553, -0.0624],
        [-0.4166,  0.4501]], device='cuda:0')
20408 tensor([[ 0.7416,  0.0761],
        [ 0.3855, -0.4427],
        [-0.7554, -0.0625],
        [-0.4167,  0.4501]], device='cuda:0')
20409 tensor([[ 0.7417,  0.0762],
        [ 0.3857, -0.4426],
        [-0.7555, -0.0626],
        [-0.4168,  0.4500]], device='cuda:0')
20410 tensor([[ 0.7419,  0.0762],
        [ 0.3859, -0.4425],
        [-0.7557, -0.0627],
        [-0.4170,  0.4499]], device='cuda:0')
20411 tensor([[ 0.7420,  0.0763],
        [ 0.3861, -0.4424],
        [-0.7558, -0.0628],
        [-0.4172,  0.4498]], device='cuda:0')
20412 tensor([[ 0.7422,  0.0764],
        [ 0.3863, -0.4424],
        [-0.7559, -0.0629],
        [-0.4174,  0.4497]], device='cuda:0')
20413 tensor([[ 0.7423,  0.0765],
        [ 0.3865, -0.4423],
        [-0.7561, -0.0630],
        [-0.4175,  0.4497]], device='cuda:0')
20414 tensor([[ 0.7425,  0.0766],
        [ 0.3867, -0.4422],
        [-0.7562, -0.0630],
        [-0.4177,  0.4496]], device='cuda:0')
20415 tensor([[ 0.7427,  0.0766],
        [ 0.3869, -0.4422],
        [-0.7563, -0.0631],
        [-0.4179,  0.4495]], device='cuda:0')
20416 tensor([[ 0.7428,  0.0767],
        [ 0.3871, -0.4421],
        [-0.7565, -0.0632],
        [-0.4180,  0.4494]], device='cuda:0')
20417 tensor([[ 0.7430,  0.0768],
        [ 0.3872, -0.4420],
        [-0.7566, -0.0633],
        [-0.4182,  0.4494]], device='cuda:0')
20418 tensor([[ 0.7431,  0.0769],
        [ 0.3874, -0.4420],
        [-0.7567, -0.0634],
        [-0.4183,  0.4493]], device='cuda:0')
20419 tensor([[ 0.7433,  0.0769],
        [ 0.3876, -0.4419],
        [-0.7569, -0.0635],
        [-0.4185,  0.4492]], device='cuda:0')
20420 tensor([[ 0.7434,  0.0770],
        [ 0.3878, -0.4418],
        [-0.7570, -0.0635],
        [-0.4187,  0.4491]], device='cuda:0')
20421 tensor([[ 0.7436,  0.0771],
        [ 0.3880, -0.4418],
        [-0.7571, -0.0636],
        [-0.4188,  0.4490]], device='cuda:0')
20422 tensor([[ 0.7437,  0.0772],
        [ 0.3882, -0.4417],
        [-0.7572, -0.0637],
        [-0.4190,  0.4490]], device='cuda:0')
20423 tensor([[ 0.7439,  0.0772],
        [ 0.3884, -0.4416],
        [-0.7574, -0.0638],
        [-0.4191,  0.4489]], device='cuda:0')
20424 tensor([[ 0.7441,  0.0773],
        [ 0.3886, -0.4416],
        [-0.7575, -0.0639],
        [-0.4193,  0.4488]], device='cuda:0')
20425 tensor([[ 0.7442,  0.0774],
        [ 0.3888, -0.4415],
        [-0.7577, -0.0639],
        [-0.4195,  0.4488]], device='cuda:0')
20426 tensor([[ 0.7444,  0.0775],
        [ 0.3890, -0.4414],
        [-0.7578, -0.0640],
        [-0.4197,  0.4487]], device='cuda:0')
20427 tensor([[ 0.7446,  0.0775],
        [ 0.3892, -0.4414],
        [-0.7580, -0.0641],
        [-0.4199,  0.4486]], device='cuda:0')
20428 tensor([[ 0.7448,  0.0776],
        [ 0.3895, -0.4413],
        [-0.7582, -0.0642],
        [-0.4201,  0.4485]], device='cuda:0')
20429 tensor([[ 0.7450,  0.0777],
        [ 0.3897, -0.4412],
        [-0.7583, -0.0643],
        [-0.4203,  0.4485]], device='cuda:0')
20430 tensor([[ 0.7451,  0.0778],
        [ 0.3899, -0.4412],
        [-0.7585, -0.0643],
        [-0.4205,  0.4484]], device='cuda:0')
20431 tensor([[ 0.7453,  0.0778],
        [ 0.3901, -0.4411],
        [-0.7586, -0.0644],
        [-0.4207,  0.4483]], device='cuda:0')
20432 tensor([[ 0.7455,  0.0779],
        [ 0.3903, -0.4411],
        [-0.7588, -0.0645],
        [-0.4209,  0.4482]], device='cuda:0')
20433 tensor([[ 0.7457,  0.0780],
        [ 0.3905, -0.4410],
        [-0.7589, -0.0646],
        [-0.4210,  0.4482]], device='cuda:0')
20434 tensor([[ 0.7458,  0.0780],
        [ 0.3907, -0.4409],
        [-0.7591, -0.0646],
        [-0.4212,  0.4481]], device='cuda:0')
20435 tensor([[ 0.7460,  0.0781],
        [ 0.3909, -0.4409],
        [-0.7592, -0.0647],
        [-0.4214,  0.4480]], device='cuda:0')
20436 tensor([[ 0.7462,  0.0782],
        [ 0.3911, -0.4408],
        [-0.7594, -0.0648],
        [-0.4216,  0.4480]], device='cuda:0')
20437 tensor([[ 0.7463,  0.0782],
        [ 0.3913, -0.4407],
        [-0.7596, -0.0649],
        [-0.4218,  0.4479]], device='cuda:0')
20438 tensor([[ 0.7465,  0.0784],
        [ 0.3915, -0.4407],
        [-0.7597, -0.0649],
        [-0.4219,  0.4478]], device='cuda:0')
20439 tensor([[ 0.7467,  0.0785],
        [ 0.3917, -0.4406],
        [-0.7599, -0.0650],
        [-0.4221,  0.4478]], device='cuda:0')
20440 tensor([[ 0.7468,  0.0786],
        [ 0.3919, -0.4405],
        [-0.7600, -0.0651],
        [-0.4223,  0.4477]], device='cuda:0')
20441 tensor([[ 0.7470,  0.0787],
        [ 0.3921, -0.4405],
        [-0.7602, -0.0653],
        [-0.4225,  0.4477]], device='cuda:0')
20442 tensor([[ 0.7471,  0.0788],
        [ 0.3923, -0.4404],
        [-0.7603, -0.0654],
        [-0.4227,  0.4476]], device='cuda:0')
20443 tensor([[ 0.7473,  0.0789],
        [ 0.3925, -0.4404],
        [-0.7605, -0.0655],
        [-0.4229,  0.4475]], device='cuda:0')
20444 tensor([[ 0.7475,  0.0790],
        [ 0.3927, -0.4403],
        [-0.7606, -0.0656],
        [-0.4230,  0.4475]], device='cuda:0')
20445 tensor([[ 0.7476,  0.0791],
        [ 0.3928, -0.4402],
        [-0.7608, -0.0657],
        [-0.4232,  0.4474]], device='cuda:0')
20446 tensor([[ 0.7478,  0.0792],
        [ 0.3930, -0.4402],
        [-0.7609, -0.0658],
        [-0.4234,  0.4474]], device='cuda:0')
20447 tensor([[ 0.7479,  0.0793],
        [ 0.3932, -0.4401],
        [-0.7611, -0.0659],
        [-0.4236,  0.4473]], device='cuda:0')
20448 tensor([[ 0.7481,  0.0794],
        [ 0.3934, -0.4400],
        [-0.7612, -0.0660],
        [-0.4237,  0.4472]], device='cuda:0')
20449 tensor([[ 0.7482,  0.0795],
        [ 0.3936, -0.4400],
        [-0.7614, -0.0661],
        [-0.4239,  0.4472]], device='cuda:0')
20450 tensor([[ 0.7484,  0.0796],
        [ 0.3938, -0.4399],
        [-0.7615, -0.0662],
        [-0.4241,  0.4471]], device='cuda:0')
20451 tensor([[ 0.7485,  0.0798],
        [ 0.3940, -0.4399],
        [-0.7616, -0.0663],
        [-0.4243,  0.4471]], device='cuda:0')
20452 tensor([[ 0.7487,  0.0798],
        [ 0.3941, -0.4398],
        [-0.7618, -0.0664],
        [-0.4244,  0.4470]], device='cuda:0')
20453 tensor([[ 0.7489,  0.0799],
        [ 0.3944, -0.4398],
        [-0.7619, -0.0665],
        [-0.4246,  0.4469]], device='cuda:0')
20454 tensor([[ 0.7491,  0.0800],
        [ 0.3946, -0.4397],
        [-0.7621, -0.0666],
        [-0.4248,  0.4469]], device='cuda:0')
20455 tensor([[ 0.7493,  0.0801],
        [ 0.3948, -0.4396],
        [-0.7623, -0.0667],
        [-0.4250,  0.4468]], device='cuda:0')
20456 tensor([[ 0.7494,  0.0802],
        [ 0.3950, -0.4396],
        [-0.7624, -0.0668],
        [-0.4252,  0.4468]], device='cuda:0')
20457 tensor([[ 0.7496,  0.0803],
        [ 0.3952, -0.4395],
        [-0.7626, -0.0669],
        [-0.4254,  0.4467]], device='cuda:0')
20458 tensor([[ 0.7498,  0.0804],
        [ 0.3955, -0.4395],
        [-0.7628, -0.0670],
        [-0.4256,  0.4466]], device='cuda:0')
20459 tensor([[ 0.7500,  0.0805],
        [ 0.3957, -0.4394],
        [-0.7630, -0.0671],
        [-0.4258,  0.4466]], device='cuda:0')
20460 tensor([[ 0.7502,  0.0806],
        [ 0.3959, -0.4394],
        [-0.7631, -0.0672],
        [-0.4260,  0.4465]], device='cuda:0')
20461 tensor([[ 0.7504,  0.0807],
        [ 0.3961, -0.4393],
        [-0.7633, -0.0673],
        [-0.4262,  0.4465]], device='cuda:0')
20462 tensor([[ 0.7506,  0.0808],
        [ 0.3963, -0.4393],
        [-0.7635, -0.0674],
        [-0.4264,  0.4464]], device='cuda:0')
20463 tensor([[ 0.7507,  0.0809],
        [ 0.3965, -0.4392],
        [-0.7636, -0.0675],
        [-0.4266,  0.4464]], device='cuda:0')
20464 tensor([[ 0.7509,  0.0810],
        [ 0.3967, -0.4392],
        [-0.7638, -0.0676],
        [-0.4268,  0.4463]], device='cuda:0')
20465 tensor([[ 0.7511,  0.0811],
        [ 0.3969, -0.4391],
        [-0.7639, -0.0677],
        [-0.4270,  0.4462]], device='cuda:0')
20466 tensor([[ 0.7513,  0.0812],
        [ 0.3971, -0.4391],
        [-0.7641, -0.0677],
        [-0.4271,  0.4462]], device='cuda:0')
20467 tensor([[ 0.7514,  0.0812],
        [ 0.3974, -0.4390],
        [-0.7643, -0.0678],
        [-0.4273,  0.4461]], device='cuda:0')
20468 tensor([[ 0.7516,  0.0814],
        [ 0.3976, -0.4390],
        [-0.7644, -0.0679],
        [-0.4275,  0.4461]], device='cuda:0')
20469 tensor([[ 0.7518,  0.0815],
        [ 0.3977, -0.4389],
        [-0.7646, -0.0681],
        [-0.4277,  0.4460]], device='cuda:0')
20470 tensor([[ 0.7520,  0.0816],
        [ 0.3979, -0.4389],
        [-0.7648, -0.0682],
        [-0.4279,  0.4460]], device='cuda:0')
20471 tensor([[ 0.7521,  0.0818],
        [ 0.3981, -0.4388],
        [-0.7649, -0.0683],
        [-0.4281,  0.4459]], device='cuda:0')
20472 tensor([[ 0.7523,  0.0819],
        [ 0.3983, -0.4388],
        [-0.7651, -0.0684],
        [-0.4283,  0.4459]], device='cuda:0')
20473 tensor([[ 0.7525,  0.0820],
        [ 0.3985, -0.4387],
        [-0.7652, -0.0686],
        [-0.4285,  0.4458]], device='cuda:0')
20474 tensor([[ 0.7526,  0.0822],
        [ 0.3987, -0.4387],
        [-0.7654, -0.0687],
        [-0.4287,  0.4458]], device='cuda:0')
20475 tensor([[ 0.7528,  0.0823],
        [ 0.3989, -0.4386],
        [-0.7656, -0.0688],
        [-0.4289,  0.4457]], device='cuda:0')
20476 tensor([[ 0.7529,  0.0824],
        [ 0.3991, -0.4385],
        [-0.7657, -0.0689],
        [-0.4290,  0.4457]], device='cuda:0')
20477 tensor([[ 0.7531,  0.0825],
        [ 0.3993, -0.4385],
        [-0.7659, -0.0690],
        [-0.4292,  0.4456]], device='cuda:0')
20478 tensor([[ 0.7533,  0.0827],
        [ 0.3995, -0.4384],
        [-0.7660, -0.0692],
        [-0.4294,  0.4456]], device='cuda:0')
20479 tensor([[ 0.7534,  0.0828],
        [ 0.3997, -0.4384],
        [-0.7662, -0.0693],
        [-0.4296,  0.4455]], device='cuda:0')
20480 tensor([[ 0.7536,  0.0829],
        [ 0.3999, -0.4383],
        [-0.7664, -0.0694],
        [-0.4298,  0.4455]], device='cuda:0')
20481 tensor([[ 0.7538,  0.0830],
        [ 0.4001, -0.4383],
        [-0.7665, -0.0695],
        [-0.4299,  0.4454]], device='cuda:0')
20482 tensor([[ 0.7539,  0.0831],
        [ 0.4002, -0.4382],
        [-0.7667, -0.0696],
        [-0.4301,  0.4454]], device='cuda:0')
20483 tensor([[ 0.7541,  0.0833],
        [ 0.4005, -0.4382],
        [-0.7668, -0.0697],
        [-0.4303,  0.4453]], device='cuda:0')
20484 tensor([[ 0.7543,  0.0834],
        [ 0.4007, -0.4382],
        [-0.7670, -0.0699],
        [-0.4305,  0.4453]], device='cuda:0')
20485 tensor([[ 0.7545,  0.0835],
        [ 0.4009, -0.4381],
        [-0.7672, -0.0700],
        [-0.4307,  0.4452]], device='cuda:0')
20486 tensor([[ 0.7547,  0.0836],
        [ 0.4011, -0.4381],
        [-0.7674, -0.0701],
        [-0.4309,  0.4452]], device='cuda:0')
20487 tensor([[ 0.7549,  0.0837],
        [ 0.4014, -0.4380],
        [-0.7675, -0.0702],
        [-0.4311,  0.4451]], device='cuda:0')
20488 tensor([[ 0.7551,  0.0838],
        [ 0.4016, -0.4380],
        [-0.7677, -0.0703],
        [-0.4313,  0.4451]], device='cuda:0')
20489 tensor([[ 0.7553,  0.0839],
        [ 0.4018, -0.4379],
        [-0.7679, -0.0705],
        [-0.4315,  0.4450]], device='cuda:0')
20490 tensor([[ 0.7555,  0.0841],
        [ 0.4020, -0.4379],
        [-0.7681, -0.0706],
        [-0.4317,  0.4450]], device='cuda:0')
20491 tensor([[ 0.7557,  0.0842],
        [ 0.4022, -0.4379],
        [-0.7682, -0.0707],
        [-0.4319,  0.4449]], device='cuda:0')
20492 tensor([[ 0.7559,  0.0843],
        [ 0.4025, -0.4378],
        [-0.7684, -0.0708],
        [-0.4321,  0.4449]], device='cuda:0')
20493 tensor([[ 0.7560,  0.0844],
        [ 0.4027, -0.4378],
        [-0.7686, -0.0709],
        [-0.4323,  0.4449]], device='cuda:0')
20494 tensor([[ 0.7562,  0.0845],
        [ 0.4029, -0.4377],
        [-0.7688, -0.0710],
        [-0.4325,  0.4448]], device='cuda:0')
20495 tensor([[ 0.7564,  0.0846],
        [ 0.4031, -0.4377],
        [-0.7689, -0.0712],
        [-0.4327,  0.4448]], device='cuda:0')
20496 tensor([[ 0.7566,  0.0847],
        [ 0.4033, -0.4377],
        [-0.7691, -0.0713],
        [-0.4329,  0.4447]], device='cuda:0')
20497 tensor([[ 0.7568,  0.0848],
        [ 0.4035, -0.4376],
        [-0.7693, -0.0714],
        [-0.4331,  0.4447]], device='cuda:0')
20498 tensor([[ 0.7570,  0.0849],
        [ 0.4037, -0.4376],
        [-0.7695, -0.0715],
        [-0.4333,  0.4446]], device='cuda:0')
20499 tensor([[ 0.7572,  0.0850],
        [ 0.4039, -0.4375],
        [-0.7697, -0.0716],
        [-0.4335,  0.4446]], device='cuda:0')
20500 tensor([[ 0.7574,  0.0851],
        [ 0.4041, -0.4375],
        [-0.7699, -0.0717],
        [-0.4337,  0.4445]], device='cuda:0')
20501 tensor([[ 0.7577,  0.0852],
        [ 0.4044, -0.4375],
        [-0.7701, -0.0718],
        [-0.4339,  0.4445]], device='cuda:0')
20502 tensor([[ 0.7579,  0.0853],
        [ 0.4046, -0.4374],
        [-0.7703, -0.0719],
        [-0.4341,  0.4444]], device='cuda:0')
20503 tensor([[ 0.7581,  0.0854],
        [ 0.4048, -0.4374],
        [-0.7705, -0.0720],
        [-0.4343,  0.4444]], device='cuda:0')
20504 tensor([[ 0.7583,  0.0855],
        [ 0.4050, -0.4373],
        [-0.7707, -0.0722],
        [-0.4344,  0.4443]], device='cuda:0')
20505 tensor([[ 0.7585,  0.0856],
        [ 0.4052, -0.4373],
        [-0.7709, -0.0723],
        [-0.4346,  0.4443]], device='cuda:0')
20506 tensor([[ 0.7587,  0.0857],
        [ 0.4054, -0.4373],
        [-0.7711, -0.0724],
        [-0.4348,  0.4442]], device='cuda:0')
20507 tensor([[ 0.7589,  0.0858],
        [ 0.4056, -0.4372],
        [-0.7713, -0.0725],
        [-0.4350,  0.4442]], device='cuda:0')
20508 tensor([[ 0.7592,  0.0859],
        [ 0.4058, -0.4372],
        [-0.7715, -0.0726],
        [-0.4352,  0.4442]], device='cuda:0')
20509 tensor([[ 0.7594,  0.0860],
        [ 0.4060, -0.4372],
        [-0.7717, -0.0727],
        [-0.4354,  0.4441]], device='cuda:0')
20510 tensor([[ 0.7596,  0.0861],
        [ 0.4062, -0.4371],
        [-0.7718, -0.0728],
        [-0.4355,  0.4441]], device='cuda:0')
20511 tensor([[ 0.7598,  0.0862],
        [ 0.4063, -0.4371],
        [-0.7720, -0.0729],
        [-0.4357,  0.4440]], device='cuda:0')
20512 tensor([[ 0.7600,  0.0863],
        [ 0.4065, -0.4370],
        [-0.7722, -0.0730],
        [-0.4359,  0.4440]], device='cuda:0')
20513 tensor([[ 0.7602,  0.0865],
        [ 0.4067, -0.4370],
        [-0.7724, -0.0731],
        [-0.4361,  0.4440]], device='cuda:0')
20514 tensor([[ 0.7604,  0.0866],
        [ 0.4069, -0.4370],
        [-0.7726, -0.0732],
        [-0.4363,  0.4440]], device='cuda:0')
20515 tensor([[ 0.7606,  0.0868],
        [ 0.4071, -0.4370],
        [-0.7728, -0.0734],
        [-0.4365,  0.4440]], device='cuda:0')
20516 tensor([[ 0.7608,  0.0869],
        [ 0.4073, -0.4370],
        [-0.7730, -0.0735],
        [-0.4366,  0.4440]], device='cuda:0')
20517 tensor([[ 0.7610,  0.0870],
        [ 0.4075, -0.4370],
        [-0.7732, -0.0736],
        [-0.4368,  0.4440]], device='cuda:0')
20518 tensor([[ 0.7611,  0.0872],
        [ 0.4077, -0.4370],
        [-0.7734, -0.0738],
        [-0.4370,  0.4440]], device='cuda:0')
20519 tensor([[ 0.7613,  0.0873],
        [ 0.4078, -0.4370],
        [-0.7736, -0.0739],
        [-0.4372,  0.4440]], device='cuda:0')
20520 tensor([[ 0.7615,  0.0874],
        [ 0.4080, -0.4370],
        [-0.7738, -0.0740],
        [-0.4373,  0.4440]], device='cuda:0')
20521 tensor([[ 0.7617,  0.0876],
        [ 0.4082, -0.4370],
        [-0.7739, -0.0741],
        [-0.4375,  0.4440]], device='cuda:0')
20522 tensor([[ 0.7619,  0.0877],
        [ 0.4084, -0.4370],
        [-0.7741, -0.0743],
        [-0.4377,  0.4440]], device='cuda:0')
20523 tensor([[ 0.7621,  0.0878],
        [ 0.4086, -0.4370],
        [-0.7743, -0.0744],
        [-0.4379,  0.4440]], device='cuda:0')
20524 tensor([[ 0.7623,  0.0880],
        [ 0.4087, -0.4370],
        [-0.7745, -0.0745],
        [-0.4380,  0.4440]], device='cuda:0')
20525 tensor([[ 0.7625,  0.0881],
        [ 0.4089, -0.4370],
        [-0.7747, -0.0747],
        [-0.4382,  0.4440]], device='cuda:0')
20526 tensor([[ 0.7626,  0.0882],
        [ 0.4091, -0.4370],
        [-0.7749, -0.0748],
        [-0.4384,  0.4440]], device='cuda:0')
20527 tensor([[ 0.7628,  0.0884],
        [ 0.4093, -0.4370],
        [-0.7750, -0.0749],
        [-0.4386,  0.4440]], device='cuda:0')
20528 tensor([[ 0.7630,  0.0885],
        [ 0.4095, -0.4370],
        [-0.7752, -0.0750],
        [-0.4387,  0.4440]], device='cuda:0')
20529 tensor([[ 0.7633,  0.0886],
        [ 0.4097, -0.4370],
        [-0.7754, -0.0752],
        [-0.4389,  0.4440]], device='cuda:0')
20530 tensor([[ 0.7635,  0.0887],
        [ 0.4099, -0.4370],
        [-0.7756, -0.0753],
        [-0.4391,  0.4440]], device='cuda:0')
20531 tensor([[ 0.7637,  0.0888],
        [ 0.4101, -0.4370],
        [-0.7758, -0.0754],
        [-0.4393,  0.4440]], device='cuda:0')
20532 tensor([[ 0.7639,  0.0890],
        [ 0.4103, -0.4370],
        [-0.7761, -0.0755],
        [-0.4395,  0.4440]], device='cuda:0')
20533 tensor([[ 0.7641,  0.0891],
        [ 0.4105, -0.4370],
        [-0.7763, -0.0757],
        [-0.4397,  0.4440]], device='cuda:0')
20534 tensor([[ 0.7644,  0.0892],
        [ 0.4107, -0.4370],
        [-0.7765, -0.0758],
        [-0.4399,  0.4440]], device='cuda:0')
20535 tensor([[ 0.7646,  0.0893],
        [ 0.4110, -0.4370],
        [-0.7767, -0.0759],
        [-0.4401,  0.4440]], device='cuda:0')
20536 tensor([[ 0.7648,  0.0894],
        [ 0.4112, -0.4370],
        [-0.7769, -0.0760],
        [-0.4403,  0.4440]], device='cuda:0')
20537 tensor([[ 0.7650,  0.0896],
        [ 0.4114, -0.4370],
        [-0.7771, -0.0762],
        [-0.4405,  0.4440]], device='cuda:0')
20538 tensor([[ 0.7652,  0.0897],
        [ 0.4116, -0.4370],
        [-0.7773, -0.0763],
        [-0.4407,  0.4439]], device='cuda:0')
20539 tensor([[ 0.7654,  0.0898],
        [ 0.4118, -0.4370],
        [-0.7775, -0.0764],
        [-0.4409,  0.4439]], device='cuda:0')
20540 tensor([[ 0.7656,  0.0899],
        [ 0.4120, -0.4370],
        [-0.7777, -0.0765],
        [-0.4411,  0.4439]], device='cuda:0')
20541 tensor([[ 0.7658,  0.0900],
        [ 0.4122, -0.4370],
        [-0.7779, -0.0766],
        [-0.4413,  0.4439]], device='cuda:0')
20542 tensor([[ 0.7661,  0.0901],
        [ 0.4124, -0.4370],
        [-0.7781, -0.0768],
        [-0.4414,  0.4439]], device='cuda:0')
20543 tensor([[ 0.7663,  0.0903],
        [ 0.4126, -0.4370],
        [-0.7783, -0.0769],
        [-0.4416,  0.4439]], device='cuda:0')
20544 tensor([[ 0.7665,  0.0904],
        [ 0.4128, -0.4370],
        [-0.7785, -0.0770],
        [-0.4418,  0.4439]], device='cuda:0')
20545 tensor([[ 0.7668,  0.0905],
        [ 0.4130, -0.4370],
        [-0.7787, -0.0771],
        [-0.4420,  0.4439]], device='cuda:0')
20546 tensor([[ 0.7670,  0.0906],
        [ 0.4132, -0.4370],
        [-0.7789, -0.0772],
        [-0.4422,  0.4439]], device='cuda:0')
20547 tensor([[ 0.7673,  0.0907],
        [ 0.4134, -0.4370],
        [-0.7792, -0.0774],
        [-0.4424,  0.4439]], device='cuda:0')
20548 tensor([[ 0.7675,  0.0908],
        [ 0.4136, -0.4370],
        [-0.7794, -0.0775],
        [-0.4425,  0.4439]], device='cuda:0')
20549 tensor([[ 0.7677,  0.0909],
        [ 0.4138, -0.4370],
        [-0.7796, -0.0776],
        [-0.4427,  0.4439]], device='cuda:0')
20550 tensor([[ 0.7680,  0.0910],
        [ 0.4140, -0.4370],
        [-0.7798, -0.0777],
        [-0.4429,  0.4439]], device='cuda:0')
20551 tensor([[ 0.7682,  0.0911],
        [ 0.4141, -0.4370],
        [-0.7801, -0.0778],
        [-0.4431,  0.4439]], device='cuda:0')
20552 tensor([[ 0.7684,  0.0912],
        [ 0.4143, -0.4370],
        [-0.7803, -0.0779],
        [-0.4433,  0.4439]], device='cuda:0')
20553 tensor([[ 0.7687,  0.0913],
        [ 0.4145, -0.4370],
        [-0.7805, -0.0780],
        [-0.4434,  0.4439]], device='cuda:0')
20554 tensor([[ 0.7689,  0.0915],
        [ 0.4147, -0.4370],
        [-0.7807, -0.0782],
        [-0.4436,  0.4439]], device='cuda:0')
20555 tensor([[ 0.7691,  0.0916],
        [ 0.4149, -0.4370],
        [-0.7809, -0.0783],
        [-0.4438,  0.4439]], device='cuda:0')
20556 tensor([[ 0.7693,  0.0917],
        [ 0.4151, -0.4370],
        [-0.7812, -0.0784],
        [-0.4440,  0.4439]], device='cuda:0')
20557 tensor([[ 0.7696,  0.0918],
        [ 0.4153, -0.4370],
        [-0.7814, -0.0785],
        [-0.4441,  0.4439]], device='cuda:0')
20558 tensor([[ 0.7698,  0.0919],
        [ 0.4155, -0.4370],
        [-0.7816, -0.0786],
        [-0.4443,  0.4439]], device='cuda:0')
20559 tensor([[ 0.7701,  0.0920],
        [ 0.4156, -0.4370],
        [-0.7818, -0.0787],
        [-0.4444,  0.4439]], device='cuda:0')
20560 tensor([[ 0.7703,  0.0921],
        [ 0.4157, -0.4370],
        [-0.7821, -0.0788],
        [-0.4445,  0.4439]], device='cuda:0')
20561 tensor([[ 0.7706,  0.0922],
        [ 0.4159, -0.4370],
        [-0.7823, -0.0789],
        [-0.4447,  0.4439]], device='cuda:0')
20562 tensor([[ 0.7709,  0.0923],
        [ 0.4160, -0.4370],
        [-0.7826, -0.0790],
        [-0.4448,  0.4439]], device='cuda:0')
20563 tensor([[ 0.7711,  0.0924],
        [ 0.4162, -0.4371],
        [-0.7828, -0.0791],
        [-0.4449,  0.4438]], device='cuda:0')
20564 tensor([[ 0.7714,  0.0925],
        [ 0.4163, -0.4371],
        [-0.7830, -0.0792],
        [-0.4450,  0.4438]], device='cuda:0')
20565 tensor([[ 0.7716,  0.0926],
        [ 0.4165, -0.4371],
        [-0.7833, -0.0793],
        [-0.4452,  0.4438]], device='cuda:0')
20566 tensor([[ 0.7719,  0.0927],
        [ 0.4166, -0.4371],
        [-0.7835, -0.0794],
        [-0.4453,  0.4438]], device='cuda:0')
20567 tensor([[ 0.7721,  0.0928],
        [ 0.4167, -0.4371],
        [-0.7838, -0.0796],
        [-0.4454,  0.4438]], device='cuda:0')
20568 tensor([[ 0.7724,  0.0929],
        [ 0.4169, -0.4371],
        [-0.7840, -0.0797],
        [-0.4456,  0.4438]], device='cuda:0')
20569 tensor([[ 0.7726,  0.0930],
        [ 0.4170, -0.4371],
        [-0.7842, -0.0798],
        [-0.4457,  0.4438]], device='cuda:0')
20570 tensor([[ 0.7728,  0.0931],
        [ 0.4171, -0.4371],
        [-0.7845, -0.0799],
        [-0.4458,  0.4438]], device='cuda:0')
20571 tensor([[ 0.7731,  0.0932],
        [ 0.4173, -0.4371],
        [-0.7847, -0.0800],
        [-0.4459,  0.4438]], device='cuda:0')
20572 tensor([[ 0.7733,  0.0933],
        [ 0.4174, -0.4371],
        [-0.7849, -0.0801],
        [-0.4461,  0.4438]], device='cuda:0')
20573 tensor([[ 0.7736,  0.0934],
        [ 0.4175, -0.4371],
        [-0.7852, -0.0802],
        [-0.4462,  0.4439]], device='cuda:0')
20574 tensor([[ 0.7738,  0.0935],
        [ 0.4177, -0.4371],
        [-0.7854, -0.0803],
        [-0.4463,  0.4439]], device='cuda:0')
20575 tensor([[ 0.7740,  0.0937],
        [ 0.4178, -0.4371],
        [-0.7856, -0.0804],
        [-0.4464,  0.4439]], device='cuda:0')
20576 tensor([[ 0.7743,  0.0938],
        [ 0.4179, -0.4371],
        [-0.7859, -0.0806],
        [-0.4466,  0.4440]], device='cuda:0')
20577 tensor([[ 0.7745,  0.0940],
        [ 0.4181, -0.4372],
        [-0.7861, -0.0807],
        [-0.4467,  0.4440]], device='cuda:0')
20578 tensor([[ 0.7747,  0.0941],
        [ 0.4182, -0.4372],
        [-0.7863, -0.0808],
        [-0.4468,  0.4440]], device='cuda:0')
20579 tensor([[ 0.7749,  0.0942],
        [ 0.4183, -0.4372],
        [-0.7866, -0.0809],
        [-0.4470,  0.4441]], device='cuda:0')
20580 tensor([[ 0.7752,  0.0944],
        [ 0.4184, -0.4372],
        [-0.7868, -0.0811],
        [-0.4471,  0.4441]], device='cuda:0')
20581 tensor([[ 0.7754,  0.0945],
        [ 0.4186, -0.4373],
        [-0.7870, -0.0812],
        [-0.4472,  0.4441]], device='cuda:0')
20582 tensor([[ 0.7756,  0.0946],
        [ 0.4187, -0.4373],
        [-0.7872, -0.0813],
        [-0.4473,  0.4442]], device='cuda:0')
20583 tensor([[ 0.7758,  0.0948],
        [ 0.4188, -0.4373],
        [-0.7875, -0.0814],
        [-0.4475,  0.4442]], device='cuda:0')
20584 tensor([[ 0.7760,  0.0949],
        [ 0.4189, -0.4374],
        [-0.7877, -0.0816],
        [-0.4476,  0.4442]], device='cuda:0')
20585 tensor([[ 0.7763,  0.0950],
        [ 0.4190, -0.4374],
        [-0.7879, -0.0817],
        [-0.4477,  0.4443]], device='cuda:0')
20586 tensor([[ 0.7765,  0.0951],
        [ 0.4192, -0.4374],
        [-0.7881, -0.0818],
        [-0.4478,  0.4443]], device='cuda:0')
20587 tensor([[ 0.7767,  0.0953],
        [ 0.4193, -0.4374],
        [-0.7883, -0.0819],
        [-0.4479,  0.4443]], device='cuda:0')
20588 tensor([[ 0.7769,  0.0954],
        [ 0.4194, -0.4375],
        [-0.7885, -0.0821],
        [-0.4481,  0.4444]], device='cuda:0')
20589 tensor([[ 0.7771,  0.0956],
        [ 0.4195, -0.4375],
        [-0.7888, -0.0822],
        [-0.4482,  0.4445]], device='cuda:0')
20590 tensor([[ 0.7773,  0.0958],
        [ 0.4196, -0.4376],
        [-0.7890, -0.0824],
        [-0.4483,  0.4445]], device='cuda:0')
20591 tensor([[ 0.7775,  0.0959],
        [ 0.4198, -0.4376],
        [-0.7892, -0.0825],
        [-0.4484,  0.4446]], device='cuda:0')
20592 tensor([[ 0.7778,  0.0961],
        [ 0.4199, -0.4377],
        [-0.7894, -0.0827],
        [-0.4485,  0.4447]], device='cuda:0')
20593 tensor([[ 0.7780,  0.0962],
        [ 0.4200, -0.4378],
        [-0.7896, -0.0828],
        [-0.4487,  0.4447]], device='cuda:0')
20594 tensor([[ 0.7782,  0.0964],
        [ 0.4201, -0.4378],
        [-0.7898, -0.0830],
        [-0.4488,  0.4448]], device='cuda:0')
20595 tensor([[ 0.7784,  0.0966],
        [ 0.4202, -0.4379],
        [-0.7900, -0.0831],
        [-0.4489,  0.4449]], device='cuda:0')
20596 tensor([[ 0.7786,  0.0967],
        [ 0.4203, -0.4379],
        [-0.7902, -0.0833],
        [-0.4490,  0.4449]], device='cuda:0')
20597 tensor([[ 0.7788,  0.0969],
        [ 0.4204, -0.4380],
        [-0.7904, -0.0834],
        [-0.4491,  0.4450]], device='cuda:0')
20598 tensor([[ 0.7790,  0.0970],
        [ 0.4206, -0.4381],
        [-0.7907, -0.0836],
        [-0.4492,  0.4451]], device='cuda:0')
20599 tensor([[ 0.7792,  0.0972],
        [ 0.4207, -0.4381],
        [-0.7909, -0.0837],
        [-0.4493,  0.4451]], device='cuda:0')
20600 tensor([[ 0.7794,  0.0973],
        [ 0.4208, -0.4382],
        [-0.7911, -0.0839],
        [-0.4495,  0.4452]], device='cuda:0')
20601 tensor([[ 0.7796,  0.0975],
        [ 0.4209, -0.4382],
        [-0.7913, -0.0840],
        [-0.4496,  0.4452]], device='cuda:0')
20602 tensor([[ 0.7798,  0.0976],
        [ 0.4210, -0.4383],
        [-0.7915, -0.0842],
        [-0.4497,  0.4453]], device='cuda:0')
20603 tensor([[ 0.7800,  0.0978],
        [ 0.4211, -0.4384],
        [-0.7917, -0.0843],
        [-0.4498,  0.4454]], device='cuda:0')
20604 tensor([[ 0.7802,  0.0980],
        [ 0.4212, -0.4384],
        [-0.7919, -0.0845],
        [-0.4499,  0.4454]], device='cuda:0')
20605 tensor([[ 0.7804,  0.0982],
        [ 0.4213, -0.4385],
        [-0.7921, -0.0847],
        [-0.4500,  0.4455]], device='cuda:0')
20606 tensor([[ 0.7806,  0.0984],
        [ 0.4214, -0.4385],
        [-0.7923, -0.0849],
        [-0.4501,  0.4456]], device='cuda:0')
20607 tensor([[ 0.7808,  0.0986],
        [ 0.4215, -0.4386],
        [-0.7925, -0.0851],
        [-0.4502,  0.4456]], device='cuda:0')
20608 tensor([[ 0.7810,  0.0988],
        [ 0.4216, -0.4386],
        [-0.7926, -0.0852],
        [-0.4503,  0.4457]], device='cuda:0')
20609 tensor([[ 0.7811,  0.0990],
        [ 0.4218, -0.4387],
        [-0.7928, -0.0854],
        [-0.4504,  0.4457]], device='cuda:0')
20610 tensor([[ 0.7813,  0.0991],
        [ 0.4219, -0.4387],
        [-0.7930, -0.0856],
        [-0.4505,  0.4458]], device='cuda:0')
20611 tensor([[ 0.7815,  0.0993],
        [ 0.4220, -0.4388],
        [-0.7932, -0.0858],
        [-0.4507,  0.4459]], device='cuda:0')
20612 tensor([[ 0.7817,  0.0995],
        [ 0.4221, -0.4389],
        [-0.7934, -0.0859],
        [-0.4508,  0.4459]], device='cuda:0')
20613 tensor([[ 0.7819,  0.0997],
        [ 0.4222, -0.4389],
        [-0.7936, -0.0861],
        [-0.4509,  0.4460]], device='cuda:0')
20614 tensor([[ 0.7821,  0.0999],
        [ 0.4223, -0.4390],
        [-0.7938, -0.0863],
        [-0.4510,  0.4460]], device='cuda:0')
20615 tensor([[ 0.7823,  0.1000],
        [ 0.4224, -0.4390],
        [-0.7940, -0.0864],
        [-0.4511,  0.4461]], device='cuda:0')
20616 tensor([[ 0.7825,  0.1002],
        [ 0.4225, -0.4391],
        [-0.7942, -0.0866],
        [-0.4512,  0.4462]], device='cuda:0')
20617 tensor([[ 0.7826,  0.1004],
        [ 0.4226, -0.4391],
        [-0.7943, -0.0868],
        [-0.4513,  0.4462]], device='cuda:0')
20618 tensor([[ 0.7829,  0.1005],
        [ 0.4227, -0.4392],
        [-0.7945, -0.0870],
        [-0.4514,  0.4463]], device='cuda:0')
20619 tensor([[ 0.7831,  0.1007],
        [ 0.4229, -0.4392],
        [-0.7947, -0.0871],
        [-0.4515,  0.4463]], device='cuda:0')
20620 tensor([[ 0.7833,  0.1009],
        [ 0.4230, -0.4393],
        [-0.7950, -0.0873],
        [-0.4516,  0.4464]], device='cuda:0')
20621 tensor([[ 0.7835,  0.1010],
        [ 0.4231, -0.4394],
        [-0.7952, -0.0875],
        [-0.4518,  0.4464]], device='cuda:0')
20622 tensor([[ 0.7837,  0.1012],
        [ 0.4233, -0.4394],
        [-0.7954, -0.0876],
        [-0.4519,  0.4465]], device='cuda:0')
20623 tensor([[ 0.7840,  0.1014],
        [ 0.4234, -0.4395],
        [-0.7956, -0.0878],
        [-0.4520,  0.4465]], device='cuda:0')
20624 tensor([[ 0.7842,  0.1015],
        [ 0.4236, -0.4395],
        [-0.7958, -0.0880],
        [-0.4522,  0.4466]], device='cuda:0')
20625 tensor([[ 0.7844,  0.1017],
        [ 0.4237, -0.4396],
        [-0.7960, -0.0881],
        [-0.4523,  0.4466]], device='cuda:0')
20626 tensor([[ 0.7846,  0.1018],
        [ 0.4238, -0.4396],
        [-0.7962, -0.0883],
        [-0.4524,  0.4467]], device='cuda:0')
20627 tensor([[ 0.7848,  0.1020],
        [ 0.4240, -0.4397],
        [-0.7964, -0.0885],
        [-0.4526,  0.4467]], device='cuda:0')
20628 tensor([[ 0.7850,  0.1022],
        [ 0.4241, -0.4398],
        [-0.7966, -0.0886],
        [-0.4527,  0.4468]], device='cuda:0')
20629 tensor([[ 0.7852,  0.1023],
        [ 0.4243, -0.4398],
        [-0.7968, -0.0888],
        [-0.4528,  0.4468]], device='cuda:0')
20630 tensor([[ 0.7855,  0.1025],
        [ 0.4244, -0.4399],
        [-0.7970, -0.0890],
        [-0.4529,  0.4469]], device='cuda:0')
20631 tensor([[ 0.7857,  0.1026],
        [ 0.4245, -0.4399],
        [-0.7972, -0.0891],
        [-0.4531,  0.4469]], device='cuda:0')
20632 tensor([[ 0.7859,  0.1028],
        [ 0.4247, -0.4400],
        [-0.7974, -0.0893],
        [-0.4532,  0.4470]], device='cuda:0')
20633 tensor([[ 0.7861,  0.1029],
        [ 0.4248, -0.4400],
        [-0.7976, -0.0894],
        [-0.4533,  0.4470]], device='cuda:0')
20634 tensor([[ 0.7864,  0.1031],
        [ 0.4249, -0.4401],
        [-0.7978, -0.0896],
        [-0.4534,  0.4471]], device='cuda:0')
20635 tensor([[ 0.7866,  0.1032],
        [ 0.4251, -0.4401],
        [-0.7981, -0.0898],
        [-0.4536,  0.4471]], device='cuda:0')
20636 tensor([[ 0.7868,  0.1034],
        [ 0.4252, -0.4402],
        [-0.7983, -0.0899],
        [-0.4537,  0.4472]], device='cuda:0')
20637 tensor([[ 0.7871,  0.1035],
        [ 0.4253, -0.4403],
        [-0.7985, -0.0901],
        [-0.4538,  0.4472]], device='cuda:0')
20638 tensor([[ 0.7873,  0.1037],
        [ 0.4255, -0.4403],
        [-0.7988, -0.0902],
        [-0.4539,  0.4473]], device='cuda:0')
20639 tensor([[ 0.7876,  0.1038],
        [ 0.4256, -0.4404],
        [-0.7990, -0.0904],
        [-0.4540,  0.4473]], device='cuda:0')
20640 tensor([[ 0.7878,  0.1040],
        [ 0.4257, -0.4404],
        [-0.7992, -0.0905],
        [-0.4541,  0.4474]], device='cuda:0')
20641 tensor([[ 0.7880,  0.1041],
        [ 0.4258, -0.4405],
        [-0.7994, -0.0907],
        [-0.4543,  0.4474]], device='cuda:0')
20642 tensor([[ 0.7883,  0.1043],
        [ 0.4260, -0.4405],
        [-0.7997, -0.0909],
        [-0.4544,  0.4475]], device='cuda:0')
20643 tensor([[ 0.7885,  0.1044],
        [ 0.4261, -0.4406],
        [-0.7999, -0.0910],
        [-0.4545,  0.4475]], device='cuda:0')
20644 tensor([[ 0.7887,  0.1046],
        [ 0.4262, -0.4406],
        [-0.8001, -0.0912],
        [-0.4546,  0.4475]], device='cuda:0')
20645 tensor([[ 0.7889,  0.1047],
        [ 0.4263, -0.4407],
        [-0.8003, -0.0913],
        [-0.4547,  0.4476]], device='cuda:0')
20646 tensor([[ 0.7892,  0.1049],
        [ 0.4265, -0.4407],
        [-0.8006, -0.0915],
        [-0.4548,  0.4476]], device='cuda:0')
20647 tensor([[ 0.7894,  0.1050],
        [ 0.4266, -0.4408],
        [-0.8008, -0.0916],
        [-0.4550,  0.4477]], device='cuda:0')
20648 tensor([[ 0.7897,  0.1051],
        [ 0.4267, -0.4408],
        [-0.8010, -0.0917],
        [-0.4550,  0.4477]], device='cuda:0')
20649 tensor([[ 0.7899,  0.1053],
        [ 0.4268, -0.4409],
        [-0.8012, -0.0919],
        [-0.4551,  0.4478]], device='cuda:0')
20650 tensor([[ 0.7902,  0.1054],
        [ 0.4269, -0.4409],
        [-0.8015, -0.0920],
        [-0.4552,  0.4478]], device='cuda:0')
20651 tensor([[ 0.7904,  0.1056],
        [ 0.4270, -0.4410],
        [-0.8017, -0.0922],
        [-0.4553,  0.4479]], device='cuda:0')
20652 tensor([[ 0.7907,  0.1057],
        [ 0.4271, -0.4410],
        [-0.8020, -0.0923],
        [-0.4553,  0.4479]], device='cuda:0')
20653 tensor([[ 0.7909,  0.1058],
        [ 0.4271, -0.4411],
        [-0.8022, -0.0925],
        [-0.4554,  0.4479]], device='cuda:0')
20654 tensor([[ 0.7912,  0.1060],
        [ 0.4272, -0.4411],
        [-0.8025, -0.0926],
        [-0.4555,  0.4480]], device='cuda:0')
20655 tensor([[ 0.7914,  0.1061],
        [ 0.4273, -0.4412],
        [-0.8027, -0.0928],
        [-0.4556,  0.4480]], device='cuda:0')
20656 tensor([[ 0.7917,  0.1062],
        [ 0.4274, -0.4412],
        [-0.8030, -0.0929],
        [-0.4556,  0.4481]], device='cuda:0')
20657 tensor([[ 0.7919,  0.1064],
        [ 0.4275, -0.4413],
        [-0.8032, -0.0930],
        [-0.4557,  0.4481]], device='cuda:0')
20658 tensor([[ 0.7922,  0.1065],
        [ 0.4275, -0.4413],
        [-0.8034, -0.0932],
        [-0.4558,  0.4481]], device='cuda:0')
20659 tensor([[ 0.7924,  0.1066],
        [ 0.4276, -0.4414],
        [-0.8037, -0.0933],
        [-0.4558,  0.4482]], device='cuda:0')
20660 tensor([[ 0.7927,  0.1068],
        [ 0.4277, -0.4414],
        [-0.8039, -0.0935],
        [-0.4559,  0.4482]], device='cuda:0')
20661 tensor([[ 0.7929,  0.1069],
        [ 0.4278, -0.4415],
        [-0.8041, -0.0936],
        [-0.4560,  0.4483]], device='cuda:0')
20662 tensor([[ 0.7932,  0.1070],
        [ 0.4279, -0.4415],
        [-0.8044, -0.0937],
        [-0.4561,  0.4483]], device='cuda:0')
20663 tensor([[ 0.7934,  0.1072],
        [ 0.4279, -0.4415],
        [-0.8046, -0.0939],
        [-0.4561,  0.4484]], device='cuda:0')
20664 tensor([[ 0.7936,  0.1074],
        [ 0.4280, -0.4416],
        [-0.8049, -0.0940],
        [-0.4562,  0.4485]], device='cuda:0')
20665 tensor([[ 0.7939,  0.1076],
        [ 0.4281, -0.4417],
        [-0.8051, -0.0942],
        [-0.4563,  0.4485]], device='cuda:0')
20666 tensor([[ 0.7941,  0.1077],
        [ 0.4282, -0.4417],
        [-0.8053, -0.0944],
        [-0.4564,  0.4486]], device='cuda:0')
20667 tensor([[ 0.7943,  0.1079],
        [ 0.4282, -0.4418],
        [-0.8056, -0.0945],
        [-0.4564,  0.4487]], device='cuda:0')
20668 tensor([[ 0.7946,  0.1081],
        [ 0.4283, -0.4419],
        [-0.8058, -0.0947],
        [-0.4565,  0.4488]], device='cuda:0')
20669 tensor([[ 0.7948,  0.1082],
        [ 0.4284, -0.4419],
        [-0.8060, -0.0948],
        [-0.4566,  0.4489]], device='cuda:0')
20670 tensor([[ 0.7950,  0.1084],
        [ 0.4284, -0.4420],
        [-0.8062, -0.0950],
        [-0.4567,  0.4489]], device='cuda:0')
20671 tensor([[ 0.7952,  0.1086],
        [ 0.4285, -0.4421],
        [-0.8065, -0.0952],
        [-0.4567,  0.4490]], device='cuda:0')
20672 tensor([[ 0.7955,  0.1087],
        [ 0.4286, -0.4422],
        [-0.8067, -0.0953],
        [-0.4568,  0.4491]], device='cuda:0')
20673 tensor([[ 0.7957,  0.1089],
        [ 0.4286, -0.4422],
        [-0.8069, -0.0955],
        [-0.4569,  0.4492]], device='cuda:0')
20674 tensor([[ 0.7959,  0.1091],
        [ 0.4287, -0.4423],
        [-0.8072, -0.0956],
        [-0.4570,  0.4492]], device='cuda:0')
20675 tensor([[ 0.7961,  0.1092],
        [ 0.4288, -0.4424],
        [-0.8074, -0.0958],
        [-0.4570,  0.4493]], device='cuda:0')
20676 tensor([[ 0.7963,  0.1094],
        [ 0.4289, -0.4424],
        [-0.8076, -0.0960],
        [-0.4571,  0.4494]], device='cuda:0')
20677 tensor([[ 0.7965,  0.1095],
        [ 0.4289, -0.4425],
        [-0.8078, -0.0961],
        [-0.4572,  0.4494]], device='cuda:0')
20678 tensor([[ 0.7968,  0.1097],
        [ 0.4290, -0.4426],
        [-0.8080, -0.0963],
        [-0.4572,  0.4495]], device='cuda:0')
20679 tensor([[ 0.7970,  0.1098],
        [ 0.4290, -0.4426],
        [-0.8082, -0.0964],
        [-0.4572,  0.4496]], device='cuda:0')
20680 tensor([[ 0.7972,  0.1100],
        [ 0.4291, -0.4427],
        [-0.8085, -0.0966],
        [-0.4573,  0.4496]], device='cuda:0')
20681 tensor([[ 0.7974,  0.1101],
        [ 0.4291, -0.4428],
        [-0.8087, -0.0967],
        [-0.4573,  0.4497]], device='cuda:0')
20682 tensor([[ 0.7976,  0.1103],
        [ 0.4291, -0.4429],
        [-0.8089, -0.0969],
        [-0.4573,  0.4498]], device='cuda:0')
20683 tensor([[ 0.7978,  0.1104],
        [ 0.4292, -0.4429],
        [-0.8091, -0.0971],
        [-0.4573,  0.4498]], device='cuda:0')
20684 tensor([[ 0.7981,  0.1106],
        [ 0.4292, -0.4430],
        [-0.8093, -0.0972],
        [-0.4574,  0.4499]], device='cuda:0')
20685 tensor([[ 0.7983,  0.1107],
        [ 0.4292, -0.4431],
        [-0.8095, -0.0974],
        [-0.4574,  0.4500]], device='cuda:0')
20686 tensor([[ 0.7985,  0.1109],
        [ 0.4293, -0.4431],
        [-0.8097, -0.0975],
        [-0.4574,  0.4500]], device='cuda:0')
20687 tensor([[ 0.7987,  0.1110],
        [ 0.4293, -0.4432],
        [-0.8099, -0.0977],
        [-0.4574,  0.4501]], device='cuda:0')
20688 tensor([[ 0.7989,  0.1112],
        [ 0.4293, -0.4433],
        [-0.8101, -0.0978],
        [-0.4575,  0.4502]], device='cuda:0')
20689 tensor([[ 0.7991,  0.1113],
        [ 0.4294, -0.4433],
        [-0.8103, -0.0980],
        [-0.4575,  0.4502]], device='cuda:0')
20690 tensor([[ 0.7993,  0.1115],
        [ 0.4294, -0.4434],
        [-0.8105, -0.0981],
        [-0.4575,  0.4503]], device='cuda:0')
20691 tensor([[ 0.7995,  0.1116],
        [ 0.4294, -0.4435],
        [-0.8107, -0.0983],
        [-0.4576,  0.4503]], device='cuda:0')
20692 tensor([[ 0.7997,  0.1118],
        [ 0.4295, -0.4435],
        [-0.8109, -0.0984],
        [-0.4576,  0.4504]], device='cuda:0')
20693 tensor([[ 0.7999,  0.1119],
        [ 0.4295, -0.4436],
        [-0.8111, -0.0986],
        [-0.4576,  0.4505]], device='cuda:0')
20694 tensor([[ 0.8001,  0.1120],
        [ 0.4296, -0.4437],
        [-0.8113, -0.0987],
        [-0.4576,  0.4505]], device='cuda:0')
20695 tensor([[ 0.8003,  0.1122],
        [ 0.4296, -0.4437],
        [-0.8115, -0.0989],
        [-0.4576,  0.4506]], device='cuda:0')
20696 tensor([[ 0.8005,  0.1123],
        [ 0.4296, -0.4438],
        [-0.8117, -0.0990],
        [-0.4576,  0.4506]], device='cuda:0')
20697 tensor([[ 0.8007,  0.1125],
        [ 0.4296, -0.4439],
        [-0.8119, -0.0991],
        [-0.4576,  0.4507]], device='cuda:0')
20698 tensor([[ 0.8009,  0.1126],
        [ 0.4296, -0.4439],
        [-0.8120, -0.0993],
        [-0.4576,  0.4508]], device='cuda:0')
20699 tensor([[ 0.8011,  0.1127],
        [ 0.4296, -0.4440],
        [-0.8122, -0.0994],
        [-0.4576,  0.4508]], device='cuda:0')
20700 tensor([[ 0.8013,  0.1129],
        [ 0.4296, -0.4441],
        [-0.8124, -0.0996],
        [-0.4576,  0.4509]], device='cuda:0')
20701 tensor([[ 0.8015,  0.1130],
        [ 0.4296, -0.4441],
        [-0.8126, -0.0997],
        [-0.4575,  0.4509]], device='cuda:0')
20702 tensor([[ 0.8017,  0.1131],
        [ 0.4296, -0.4442],
        [-0.8128, -0.0998],
        [-0.4575,  0.4510]], device='cuda:0')
20703 tensor([[ 0.8019,  0.1133],
        [ 0.4296, -0.4443],
        [-0.8130, -0.1000],
        [-0.4575,  0.4511]], device='cuda:0')
20704 tensor([[ 0.8021,  0.1134],
        [ 0.4296, -0.4443],
        [-0.8132, -0.1001],
        [-0.4575,  0.4511]], device='cuda:0')
20705 tensor([[ 0.8023,  0.1135],
        [ 0.4296, -0.4444],
        [-0.8133, -0.1003],
        [-0.4575,  0.4512]], device='cuda:0')
20706 tensor([[ 0.8025,  0.1137],
        [ 0.4296, -0.4444],
        [-0.8135, -0.1004],
        [-0.4575,  0.4512]], device='cuda:0')
20707 tensor([[ 0.8027,  0.1138],
        [ 0.4296, -0.4445],
        [-0.8137, -0.1005],
        [-0.4575,  0.4513]], device='cuda:0')
20708 tensor([[ 0.8028,  0.1139],
        [ 0.4296, -0.4446],
        [-0.8139, -0.1007],
        [-0.4575,  0.4514]], device='cuda:0')
20709 tensor([[ 0.8030,  0.1141],
        [ 0.4296, -0.4446],
        [-0.8141, -0.1008],
        [-0.4575,  0.4515]], device='cuda:0')
20710 tensor([[ 0.8032,  0.1142],
        [ 0.4296, -0.4447],
        [-0.8143, -0.1009],
        [-0.4576,  0.4515]], device='cuda:0')
20711 tensor([[ 0.8034,  0.1143],
        [ 0.4296, -0.4447],
        [-0.8144, -0.1011],
        [-0.4576,  0.4516]], device='cuda:0')
20712 tensor([[ 0.8035,  0.1145],
        [ 0.4296, -0.4448],
        [-0.8146, -0.1012],
        [-0.4576,  0.4517]], device='cuda:0')
20713 tensor([[ 0.8037,  0.1146],
        [ 0.4296, -0.4449],
        [-0.8148, -0.1013],
        [-0.4576,  0.4518]], device='cuda:0')
20714 tensor([[ 0.8039,  0.1147],
        [ 0.4296, -0.4450],
        [-0.8150, -0.1014],
        [-0.4576,  0.4519]], device='cuda:0')
20715 tensor([[ 0.8041,  0.1149],
        [ 0.4296, -0.4451],
        [-0.8152, -0.1016],
        [-0.4576,  0.4520]], device='cuda:0')
20716 tensor([[ 0.8042,  0.1150],
        [ 0.4296, -0.4452],
        [-0.8153, -0.1017],
        [-0.4576,  0.4521]], device='cuda:0')
20717 tensor([[ 0.8044,  0.1151],
        [ 0.4296, -0.4452],
        [-0.8155, -0.1018],
        [-0.4576,  0.4522]], device='cuda:0')
20718 tensor([[ 0.8046,  0.1153],
        [ 0.4296, -0.4453],
        [-0.8157, -0.1019],
        [-0.4576,  0.4522]], device='cuda:0')
20719 tensor([[ 0.8048,  0.1154],
        [ 0.4296, -0.4454],
        [-0.8159, -0.1020],
        [-0.4576,  0.4523]], device='cuda:0')
20720 tensor([[ 0.8049,  0.1155],
        [ 0.4296, -0.4455],
        [-0.8160, -0.1022],
        [-0.4576,  0.4524]], device='cuda:0')
20721 tensor([[ 0.8051,  0.1156],
        [ 0.4296, -0.4455],
        [-0.8162, -0.1023],
        [-0.4576,  0.4525]], device='cuda:0')
20722 tensor([[ 0.8053,  0.1158],
        [ 0.4296, -0.4456],
        [-0.8164, -0.1024],
        [-0.4576,  0.4526]], device='cuda:0')
20723 tensor([[ 0.8054,  0.1159],
        [ 0.4296, -0.4457],
        [-0.8165, -0.1025],
        [-0.4576,  0.4526]], device='cuda:0')
20724 tensor([[ 0.8056,  0.1160],
        [ 0.4296, -0.4458],
        [-0.8167, -0.1027],
        [-0.4575,  0.4527]], device='cuda:0')
20725 tensor([[ 0.8058,  0.1161],
        [ 0.4296, -0.4459],
        [-0.8169, -0.1028],
        [-0.4575,  0.4528]], device='cuda:0')
20726 tensor([[ 0.8059,  0.1162],
        [ 0.4295, -0.4459],
        [-0.8170, -0.1029],
        [-0.4575,  0.4529]], device='cuda:0')
20727 tensor([[ 0.8061,  0.1164],
        [ 0.4295, -0.4460],
        [-0.8172, -0.1030],
        [-0.4574,  0.4529]], device='cuda:0')
20728 tensor([[ 0.8063,  0.1165],
        [ 0.4295, -0.4461],
        [-0.8174, -0.1031],
        [-0.4574,  0.4530]], device='cuda:0')
20729 tensor([[ 0.8064,  0.1166],
        [ 0.4295, -0.4462],
        [-0.8175, -0.1033],
        [-0.4574,  0.4531]], device='cuda:0')
20730 tensor([[ 0.8066,  0.1167],
        [ 0.4294, -0.4462],
        [-0.8177, -0.1034],
        [-0.4573,  0.4531]], device='cuda:0')
20731 tensor([[ 0.8068,  0.1168],
        [ 0.4294, -0.4463],
        [-0.8178, -0.1035],
        [-0.4573,  0.4532]], device='cuda:0')
20732 tensor([[ 0.8069,  0.1169],
        [ 0.4294, -0.4464],
        [-0.8180, -0.1036],
        [-0.4573,  0.4533]], device='cuda:0')
20733 tensor([[ 0.8071,  0.1170],
        [ 0.4293, -0.4465],
        [-0.8182, -0.1037],
        [-0.4572,  0.4534]], device='cuda:0')
20734 tensor([[ 0.8073,  0.1172],
        [ 0.4293, -0.4466],
        [-0.8183, -0.1039],
        [-0.4572,  0.4534]], device='cuda:0')
20735 tensor([[ 0.8074,  0.1173],
        [ 0.4293, -0.4466],
        [-0.8185, -0.1040],
        [-0.4572,  0.4535]], device='cuda:0')
20736 tensor([[ 0.8076,  0.1174],
        [ 0.4293, -0.4467],
        [-0.8186, -0.1041],
        [-0.4572,  0.4536]], device='cuda:0')
20737 tensor([[ 0.8077,  0.1175],
        [ 0.4292, -0.4468],
        [-0.8188, -0.1042],
        [-0.4571,  0.4536]], device='cuda:0')
20738 tensor([[ 0.8079,  0.1176],
        [ 0.4292, -0.4469],
        [-0.8189, -0.1043],
        [-0.4571,  0.4537]], device='cuda:0')
20739 tensor([[ 0.8081,  0.1177],
        [ 0.4292, -0.4469],
        [-0.8191, -0.1044],
        [-0.4570,  0.4538]], device='cuda:0')
20740 tensor([[ 0.8082,  0.1178],
        [ 0.4292, -0.4470],
        [-0.8192, -0.1046],
        [-0.4570,  0.4538]], device='cuda:0')
20741 tensor([[ 0.8084,  0.1179],
        [ 0.4291, -0.4471],
        [-0.8194, -0.1047],
        [-0.4569,  0.4539]], device='cuda:0')
20742 tensor([[ 0.8085,  0.1180],
        [ 0.4291, -0.4471],
        [-0.8195, -0.1048],
        [-0.4569,  0.4540]], device='cuda:0')
20743 tensor([[ 0.8087,  0.1181],
        [ 0.4290, -0.4472],
        [-0.8197, -0.1049],
        [-0.4568,  0.4540]], device='cuda:0')
20744 tensor([[ 0.8088,  0.1182],
        [ 0.4290, -0.4473],
        [-0.8198, -0.1050],
        [-0.4568,  0.4541]], device='cuda:0')
20745 tensor([[ 0.8090,  0.1183],
        [ 0.4290, -0.4474],
        [-0.8200, -0.1051],
        [-0.4567,  0.4542]], device='cuda:0')
20746 tensor([[ 0.8091,  0.1185],
        [ 0.4289, -0.4474],
        [-0.8201, -0.1052],
        [-0.4567,  0.4542]], device='cuda:0')
20747 tensor([[ 0.8093,  0.1186],
        [ 0.4289, -0.4475],
        [-0.8203, -0.1053],
        [-0.4566,  0.4543]], device='cuda:0')
20748 tensor([[ 0.8094,  0.1187],
        [ 0.4288, -0.4476],
        [-0.8204, -0.1054],
        [-0.4566,  0.4544]], device='cuda:0')
20749 tensor([[ 0.8096,  0.1188],
        [ 0.4288, -0.4476],
        [-0.8205, -0.1055],
        [-0.4565,  0.4544]], device='cuda:0')
20750 tensor([[ 0.8097,  0.1189],
        [ 0.4287, -0.4477],
        [-0.8207, -0.1057],
        [-0.4565,  0.4545]], device='cuda:0')
20751 tensor([[ 0.8099,  0.1190],
        [ 0.4287, -0.4478],
        [-0.8208, -0.1058],
        [-0.4564,  0.4546]], device='cuda:0')
20752 tensor([[ 0.8100,  0.1191],
        [ 0.4286, -0.4479],
        [-0.8210, -0.1059],
        [-0.4564,  0.4546]], device='cuda:0')
20753 tensor([[ 0.8102,  0.1192],
        [ 0.4286, -0.4479],
        [-0.8211, -0.1059],
        [-0.4563,  0.4547]], device='cuda:0')
20754 tensor([[ 0.8103,  0.1192],
        [ 0.4285, -0.4480],
        [-0.8213, -0.1060],
        [-0.4563,  0.4548]], device='cuda:0')
20755 tensor([[ 0.8104,  0.1193],
        [ 0.4285, -0.4480],
        [-0.8214, -0.1061],
        [-0.4563,  0.4549]], device='cuda:0')
20756 tensor([[ 0.8106,  0.1194],
        [ 0.4284, -0.4481],
        [-0.8215, -0.1061],
        [-0.4562,  0.4550]], device='cuda:0')
20757 tensor([[ 0.8107,  0.1194],
        [ 0.4284, -0.4482],
        [-0.8217, -0.1062],
        [-0.4562,  0.4551]], device='cuda:0')
20758 tensor([[ 0.8109,  0.1195],
        [ 0.4283, -0.4483],
        [-0.8218, -0.1062],
        [-0.4561,  0.4552]], device='cuda:0')
20759 tensor([[ 0.8110,  0.1196],
        [ 0.4283, -0.4483],
        [-0.8220, -0.1063],
        [-0.4561,  0.4553]], device='cuda:0')
20760 tensor([[ 0.8111,  0.1196],
        [ 0.4283, -0.4484],
        [-0.8221, -0.1064],
        [-0.4561,  0.4553]], device='cuda:0')
20761 tensor([[ 0.8113,  0.1197],
        [ 0.4282, -0.4485],
        [-0.8223, -0.1064],
        [-0.4560,  0.4554]], device='cuda:0')
20762 tensor([[ 0.8114,  0.1198],
        [ 0.4282, -0.4486],
        [-0.8224, -0.1065],
        [-0.4560,  0.4555]], device='cuda:0')
20763 tensor([[ 0.8115,  0.1198],
        [ 0.4281, -0.4487],
        [-0.8225, -0.1065],
        [-0.4559,  0.4556]], device='cuda:0')
20764 tensor([[ 0.8117,  0.1199],
        [ 0.4281, -0.4487],
        [-0.8227, -0.1066],
        [-0.4559,  0.4557]], device='cuda:0')
20765 tensor([[ 0.8118,  0.1200],
        [ 0.4280, -0.4488],
        [-0.8228, -0.1066],
        [-0.4559,  0.4558]], device='cuda:0')
20766 tensor([[ 0.8119,  0.1200],
        [ 0.4280, -0.4489],
        [-0.8229, -0.1067],
        [-0.4558,  0.4558]], device='cuda:0')
20767 tensor([[ 0.8121,  0.1201],
        [ 0.4279, -0.4490],
        [-0.8231, -0.1068],
        [-0.4558,  0.4559]], device='cuda:0')
20768 tensor([[ 0.8122,  0.1202],
        [ 0.4279, -0.4491],
        [-0.8232, -0.1068],
        [-0.4558,  0.4560]], device='cuda:0')
20769 tensor([[ 0.8123,  0.1202],
        [ 0.4278, -0.4491],
        [-0.8233, -0.1068],
        [-0.4557,  0.4561]], device='cuda:0')
20770 tensor([[ 0.8124,  0.1202],
        [ 0.4278, -0.4492],
        [-0.8235, -0.1068],
        [-0.4557,  0.4562]], device='cuda:0')
20771 tensor([[ 0.8126,  0.1202],
        [ 0.4277, -0.4493],
        [-0.8236, -0.1068],
        [-0.4557,  0.4563]], device='cuda:0')
20772 tensor([[ 0.8127,  0.1203],
        [ 0.4277, -0.4494],
        [-0.8237, -0.1069],
        [-0.4556,  0.4565]], device='cuda:0')
20773 tensor([[ 0.8128,  0.1203],
        [ 0.4277, -0.4495],
        [-0.8239, -0.1069],
        [-0.4556,  0.4566]], device='cuda:0')
20774 tensor([[ 0.8129,  0.1203],
        [ 0.4276, -0.4496],
        [-0.8240, -0.1069],
        [-0.4555,  0.4567]], device='cuda:0')
20775 tensor([[ 0.8131,  0.1203],
        [ 0.4276, -0.4497],
        [-0.8241, -0.1069],
        [-0.4555,  0.4568]], device='cuda:0')
20776 tensor([[ 0.8132,  0.1204],
        [ 0.4275, -0.4498],
        [-0.8243, -0.1069],
        [-0.4555,  0.4569]], device='cuda:0')
20777 tensor([[ 0.8133,  0.1204],
        [ 0.4275, -0.4499],
        [-0.8244, -0.1070],
        [-0.4554,  0.4570]], device='cuda:0')
20778 tensor([[ 0.8134,  0.1204],
        [ 0.4274, -0.4500],
        [-0.8245, -0.1070],
        [-0.4554,  0.4571]], device='cuda:0')
20779 tensor([[ 0.8136,  0.1204],
        [ 0.4274, -0.4501],
        [-0.8247, -0.1070],
        [-0.4554,  0.4572]], device='cuda:0')
20780 tensor([[ 0.8137,  0.1205],
        [ 0.4274, -0.4502],
        [-0.8248, -0.1070],
        [-0.4553,  0.4573]], device='cuda:0')
20781 tensor([[ 0.8138,  0.1205],
        [ 0.4273, -0.4503],
        [-0.8249, -0.1070],
        [-0.4553,  0.4574]], device='cuda:0')
20782 tensor([[ 0.8139,  0.1205],
        [ 0.4273, -0.4503],
        [-0.8250, -0.1070],
        [-0.4553,  0.4575]], device='cuda:0')
20783 tensor([[ 0.8140,  0.1205],
        [ 0.4272, -0.4504],
        [-0.8252, -0.1070],
        [-0.4552,  0.4576]], device='cuda:0')
20784 tensor([[ 0.8142,  0.1205],
        [ 0.4272, -0.4505],
        [-0.8253, -0.1070],
        [-0.4552,  0.4577]], device='cuda:0')
20785 tensor([[ 0.8143,  0.1205],
        [ 0.4271, -0.4506],
        [-0.8254, -0.1070],
        [-0.4552,  0.4579]], device='cuda:0')
20786 tensor([[ 0.8144,  0.1205],
        [ 0.4271, -0.4508],
        [-0.8255, -0.1070],
        [-0.4551,  0.4580]], device='cuda:0')
20787 tensor([[ 0.8145,  0.1205],
        [ 0.4271, -0.4509],
        [-0.8256, -0.1069],
        [-0.4551,  0.4581]], device='cuda:0')
20788 tensor([[ 0.8146,  0.1205],
        [ 0.4270, -0.4510],
        [-0.8258, -0.1069],
        [-0.4551,  0.4582]], device='cuda:0')
20789 tensor([[ 0.8147,  0.1205],
        [ 0.4270, -0.4511],
        [-0.8259, -0.1069],
        [-0.4550,  0.4584]], device='cuda:0')
20790 tensor([[ 0.8148,  0.1204],
        [ 0.4269, -0.4512],
        [-0.8260, -0.1069],
        [-0.4550,  0.4585]], device='cuda:0')
20791 tensor([[ 0.8150,  0.1204],
        [ 0.4269, -0.4513],
        [-0.8261, -0.1069],
        [-0.4550,  0.4586]], device='cuda:0')
20792 tensor([[ 0.8151,  0.1204],
        [ 0.4269, -0.4515],
        [-0.8262, -0.1069],
        [-0.4549,  0.4587]], device='cuda:0')
20793 tensor([[ 0.8152,  0.1204],
        [ 0.4268, -0.4516],
        [-0.8264, -0.1068],
        [-0.4549,  0.4589]], device='cuda:0')
20794 tensor([[ 0.8153,  0.1204],
        [ 0.4268, -0.4517],
        [-0.8265, -0.1068],
        [-0.4549,  0.4590]], device='cuda:0')
20795 tensor([[ 0.8154,  0.1204],
        [ 0.4267, -0.4518],
        [-0.8266, -0.1068],
        [-0.4548,  0.4591]], device='cuda:0')
20796 tensor([[ 0.8155,  0.1204],
        [ 0.4267, -0.4519],
        [-0.8267, -0.1068],
        [-0.4548,  0.4592]], device='cuda:0')
20797 tensor([[ 0.8156,  0.1204],
        [ 0.4267, -0.4520],
        [-0.8268, -0.1068],
        [-0.4548,  0.4593]], device='cuda:0')
20798 tensor([[ 0.8157,  0.1203],
        [ 0.4266, -0.4521],
        [-0.8269, -0.1068],
        [-0.4547,  0.4594]], device='cuda:0')
20799 tensor([[ 0.8158,  0.1203],
        [ 0.4266, -0.4523],
        [-0.8270, -0.1067],
        [-0.4546,  0.4596]], device='cuda:0')
20800 tensor([[ 0.8159,  0.1203],
        [ 0.4265, -0.4524],
        [-0.8270, -0.1067],
        [-0.4546,  0.4597]], device='cuda:0')
20801 tensor([[ 0.8160,  0.1203],
        [ 0.4264, -0.4525],
        [-0.8271, -0.1067],
        [-0.4545,  0.4598]], device='cuda:0')
20802 tensor([[ 0.8160,  0.1203],
        [ 0.4264, -0.4526],
        [-0.8272, -0.1067],
        [-0.4544,  0.4599]], device='cuda:0')
20803 tensor([[ 0.8161,  0.1203],
        [ 0.4263, -0.4527],
        [-0.8272, -0.1067],
        [-0.4543,  0.4600]], device='cuda:0')
20804 tensor([[ 0.8162,  0.1202],
        [ 0.4262, -0.4528],
        [-0.8273, -0.1067],
        [-0.4543,  0.4601]], device='cuda:0')
20805 tensor([[ 0.8163,  0.1202],
        [ 0.4262, -0.4529],
        [-0.8274, -0.1067],
        [-0.4542,  0.4602]], device='cuda:0')
20806 tensor([[ 0.8163,  0.1202],
        [ 0.4261, -0.4531],
        [-0.8275, -0.1067],
        [-0.4541,  0.4603]], device='cuda:0')
20807 tensor([[ 0.8164,  0.1202],
        [ 0.4260, -0.4532],
        [-0.8275, -0.1067],
        [-0.4541,  0.4604]], device='cuda:0')
20808 tensor([[ 0.8165,  0.1202],
        [ 0.4260, -0.4533],
        [-0.8276, -0.1067],
        [-0.4540,  0.4605]], device='cuda:0')
20809 tensor([[ 0.8166,  0.1202],
        [ 0.4259, -0.4534],
        [-0.8277, -0.1066],
        [-0.4539,  0.4606]], device='cuda:0')
20810 tensor([[ 0.8166,  0.1201],
        [ 0.4258, -0.4535],
        [-0.8277, -0.1066],
        [-0.4539,  0.4608]], device='cuda:0')
20811 tensor([[ 0.8167,  0.1201],
        [ 0.4258, -0.4536],
        [-0.8278, -0.1066],
        [-0.4538,  0.4609]], device='cuda:0')
20812 tensor([[ 0.8168,  0.1201],
        [ 0.4257, -0.4537],
        [-0.8279, -0.1066],
        [-0.4537,  0.4610]], device='cuda:0')
20813 tensor([[ 0.8169,  0.1201],
        [ 0.4256, -0.4538],
        [-0.8279, -0.1066],
        [-0.4536,  0.4611]], device='cuda:0')
20814 tensor([[ 0.8169,  0.1201],
        [ 0.4256, -0.4539],
        [-0.8279, -0.1066],
        [-0.4535,  0.4612]], device='cuda:0')
20815 tensor([[ 0.8170,  0.1201],
        [ 0.4255, -0.4540],
        [-0.8280, -0.1066],
        [-0.4534,  0.4613]], device='cuda:0')
20816 tensor([[ 0.8170,  0.1200],
        [ 0.4254, -0.4542],
        [-0.8280, -0.1066],
        [-0.4533,  0.4614]], device='cuda:0')
20817 tensor([[ 0.8171,  0.1200],
        [ 0.4253, -0.4543],
        [-0.8280, -0.1066],
        [-0.4532,  0.4615]], device='cuda:0')
20818 tensor([[ 0.8171,  0.1200],
        [ 0.4252, -0.4544],
        [-0.8281, -0.1066],
        [-0.4531,  0.4616]], device='cuda:0')
20819 tensor([[ 0.8171,  0.1200],
        [ 0.4251, -0.4545],
        [-0.8281, -0.1065],
        [-0.4530,  0.4617]], device='cuda:0')
20820 tensor([[ 0.8172,  0.1200],
        [ 0.4250, -0.4546],
        [-0.8281, -0.1065],
        [-0.4530,  0.4618]], device='cuda:0')
20821 tensor([[ 0.8172,  0.1200],
        [ 0.4249, -0.4547],
        [-0.8282, -0.1065],
        [-0.4529,  0.4619]], device='cuda:0')
20822 tensor([[ 0.8172,  0.1200],
        [ 0.4248, -0.4548],
        [-0.8282, -0.1065],
        [-0.4528,  0.4620]], device='cuda:0')
20823 tensor([[ 0.8173,  0.1199],
        [ 0.4248, -0.4549],
        [-0.8282, -0.1065],
        [-0.4527,  0.4621]], device='cuda:0')
20824 tensor([[ 0.8173,  0.1199],
        [ 0.4247, -0.4550],
        [-0.8283, -0.1065],
        [-0.4526,  0.4622]], device='cuda:0')
20825 tensor([[ 0.8174,  0.1199],
        [ 0.4246, -0.4551],
        [-0.8283, -0.1065],
        [-0.4525,  0.4622]], device='cuda:0')
20826 tensor([[ 0.8174,  0.1199],
        [ 0.4245, -0.4552],
        [-0.8283, -0.1065],
        [-0.4524,  0.4623]], device='cuda:0')
20827 tensor([[ 0.8174,  0.1199],
        [ 0.4244, -0.4553],
        [-0.8284, -0.1065],
        [-0.4523,  0.4624]], device='cuda:0')
20828 tensor([[ 0.8175,  0.1199],
        [ 0.4243, -0.4554],
        [-0.8284, -0.1065],
        [-0.4522,  0.4625]], device='cuda:0')
20829 tensor([[ 0.8175,  0.1198],
        [ 0.4242, -0.4555],
        [-0.8284, -0.1065],
        [-0.4521,  0.4626]], device='cuda:0')
20830 tensor([[ 0.8175,  0.1198],
        [ 0.4242, -0.4556],
        [-0.8284, -0.1065],
        [-0.4520,  0.4627]], device='cuda:0')
20831 tensor([[ 0.8175,  0.1198],
        [ 0.4241, -0.4557],
        [-0.8284, -0.1064],
        [-0.4519,  0.4628]], device='cuda:0')
20832 tensor([[ 0.8175,  0.1198],
        [ 0.4239, -0.4558],
        [-0.8284, -0.1064],
        [-0.4517,  0.4629]], device='cuda:0')
20833 tensor([[ 0.8175,  0.1198],
        [ 0.4238, -0.4559],
        [-0.8284, -0.1064],
        [-0.4516,  0.4630]], device='cuda:0')
20834 tensor([[ 0.8176,  0.1198],
        [ 0.4237, -0.4560],
        [-0.8284, -0.1064],
        [-0.4515,  0.4631]], device='cuda:0')
20835 tensor([[ 0.8176,  0.1198],
        [ 0.4236, -0.4561],
        [-0.8284, -0.1064],
        [-0.4514,  0.4632]], device='cuda:0')
20836 tensor([[ 0.8176,  0.1197],
        [ 0.4235, -0.4562],
        [-0.8284, -0.1064],
        [-0.4513,  0.4633]], device='cuda:0')
20837 tensor([[ 0.8176,  0.1197],
        [ 0.4234, -0.4563],
        [-0.8284, -0.1064],
        [-0.4512,  0.4634]], device='cuda:0')
20838 tensor([[ 0.8176,  0.1197],
        [ 0.4233, -0.4564],
        [-0.8284, -0.1064],
        [-0.4511,  0.4634]], device='cuda:0')
20839 tensor([[ 0.8176,  0.1197],
        [ 0.4232, -0.4565],
        [-0.8284, -0.1064],
        [-0.4510,  0.4635]], device='cuda:0')
20840 tensor([[ 0.8176,  0.1197],
        [ 0.4231, -0.4565],
        [-0.8284, -0.1064],
        [-0.4509,  0.4636]], device='cuda:0')
20841 tensor([[ 0.8176,  0.1197],
        [ 0.4230, -0.4566],
        [-0.8284, -0.1064],
        [-0.4508,  0.4637]], device='cuda:0')
20842 tensor([[ 0.8176,  0.1197],
        [ 0.4229, -0.4567],
        [-0.8284, -0.1064],
        [-0.4507,  0.4638]], device='cuda:0')
20843 tensor([[ 0.8176,  0.1196],
        [ 0.4228, -0.4568],
        [-0.8284, -0.1063],
        [-0.4506,  0.4639]], device='cuda:0')
20844 tensor([[ 0.8176,  0.1196],
        [ 0.4227, -0.4569],
        [-0.8284, -0.1063],
        [-0.4505,  0.4640]], device='cuda:0')
20845 tensor([[ 0.8176,  0.1196],
        [ 0.4226, -0.4570],
        [-0.8284, -0.1062],
        [-0.4504,  0.4641]], device='cuda:0')
20846 tensor([[ 0.8176,  0.1196],
        [ 0.4225, -0.4571],
        [-0.8284, -0.1062],
        [-0.4503,  0.4643]], device='cuda:0')
20847 tensor([[ 0.8176,  0.1195],
        [ 0.4224, -0.4572],
        [-0.8284, -0.1061],
        [-0.4502,  0.4644]], device='cuda:0')
20848 tensor([[ 0.8176,  0.1195],
        [ 0.4223, -0.4573],
        [-0.8284, -0.1061],
        [-0.4501,  0.4645]], device='cuda:0')
20849 tensor([[ 0.8176,  0.1194],
        [ 0.4221, -0.4574],
        [-0.8284, -0.1060],
        [-0.4500,  0.4646]], device='cuda:0')
20850 tensor([[ 0.8176,  0.1194],
        [ 0.4220, -0.4575],
        [-0.8285, -0.1060],
        [-0.4499,  0.4647]], device='cuda:0')
20851 tensor([[ 0.8176,  0.1194],
        [ 0.4219, -0.4576],
        [-0.8285, -0.1060],
        [-0.4498,  0.4648]], device='cuda:0')
20852 tensor([[ 0.8176,  0.1193],
        [ 0.4218, -0.4577],
        [-0.8285, -0.1059],
        [-0.4497,  0.4649]], device='cuda:0')
20853 tensor([[ 0.8176,  0.1193],
        [ 0.4217, -0.4578],
        [-0.8285, -0.1059],
        [-0.4497,  0.4650]], device='cuda:0')
20854 tensor([[ 0.8176,  0.1193],
        [ 0.4216, -0.4579],
        [-0.8285, -0.1058],
        [-0.4496,  0.4651]], device='cuda:0')
20855 tensor([[ 0.8176,  0.1192],
        [ 0.4215, -0.4580],
        [-0.8285, -0.1058],
        [-0.4495,  0.4652]], device='cuda:0')
20856 tensor([[ 0.8176,  0.1192],
        [ 0.4214, -0.4581],
        [-0.8285, -0.1057],
        [-0.4494,  0.4653]], device='cuda:0')
20857 tensor([[ 0.8176,  0.1191],
        [ 0.4213, -0.4582],
        [-0.8285, -0.1057],
        [-0.4493,  0.4654]], device='cuda:0')
20858 tensor([[ 0.8176,  0.1191],
        [ 0.4212, -0.4583],
        [-0.8285, -0.1056],
        [-0.4492,  0.4656]], device='cuda:0')
20859 tensor([[ 0.8176,  0.1191],
        [ 0.4211, -0.4584],
        [-0.8285, -0.1056],
        [-0.4491,  0.4657]], device='cuda:0')
20860 tensor([[ 0.8176,  0.1190],
        [ 0.4210, -0.4585],
        [-0.8285, -0.1055],
        [-0.4490,  0.4658]], device='cuda:0')
20861 tensor([[ 0.8176,  0.1190],
        [ 0.4209, -0.4586],
        [-0.8285, -0.1054],
        [-0.4489,  0.4659]], device='cuda:0')
20862 tensor([[ 0.8176,  0.1189],
        [ 0.4209, -0.4587],
        [-0.8286, -0.1053],
        [-0.4489,  0.4661]], device='cuda:0')
20863 tensor([[ 0.8176,  0.1188],
        [ 0.4208, -0.4588],
        [-0.8286, -0.1053],
        [-0.4488,  0.4662]], device='cuda:0')
20864 tensor([[ 0.8176,  0.1188],
        [ 0.4207, -0.4589],
        [-0.8286, -0.1052],
        [-0.4487,  0.4663]], device='cuda:0')
20865 tensor([[ 0.8176,  0.1187],
        [ 0.4206, -0.4590],
        [-0.8286, -0.1051],
        [-0.4486,  0.4664]], device='cuda:0')
20866 tensor([[ 0.8176,  0.1186],
        [ 0.4205, -0.4591],
        [-0.8286, -0.1051],
        [-0.4485,  0.4665]], device='cuda:0')
20867 tensor([[ 0.8176,  0.1186],
        [ 0.4204, -0.4592],
        [-0.8286, -0.1050],
        [-0.4484,  0.4667]], device='cuda:0')
20868 tensor([[ 0.8176,  0.1185],
        [ 0.4203, -0.4594],
        [-0.8286, -0.1049],
        [-0.4484,  0.4668]], device='cuda:0')
20869 tensor([[ 0.8176,  0.1184],
        [ 0.4202, -0.4595],
        [-0.8286, -0.1049],
        [-0.4483,  0.4669]], device='cuda:0')
20870 tensor([[ 0.8176,  0.1184],
        [ 0.4201, -0.4596],
        [-0.8286, -0.1048],
        [-0.4482,  0.4670]], device='cuda:0')
20871 tensor([[ 0.8176,  0.1183],
        [ 0.4200, -0.4597],
        [-0.8286, -0.1047],
        [-0.4481,  0.4671]], device='cuda:0')
20872 tensor([[ 0.8176,  0.1183],
        [ 0.4199, -0.4598],
        [-0.8286, -0.1047],
        [-0.4480,  0.4672]], device='cuda:0')
20873 tensor([[ 0.8176,  0.1182],
        [ 0.4198, -0.4599],
        [-0.8286, -0.1046],
        [-0.4479,  0.4674]], device='cuda:0')
20874 tensor([[ 0.8176,  0.1182],
        [ 0.4197, -0.4600],
        [-0.8287, -0.1045],
        [-0.4479,  0.4675]], device='cuda:0')
20875 tensor([[ 0.8176,  0.1181],
        [ 0.4196, -0.4601],
        [-0.8287, -0.1044],
        [-0.4478,  0.4676]], device='cuda:0')
20876 tensor([[ 0.8176,  0.1180],
        [ 0.4196, -0.4602],
        [-0.8287, -0.1043],
        [-0.4477,  0.4678]], device='cuda:0')
20877 tensor([[ 0.8177,  0.1179],
        [ 0.4195, -0.4603],
        [-0.8287, -0.1042],
        [-0.4476,  0.4679]], device='cuda:0')
20878 tensor([[ 0.8177,  0.1178],
        [ 0.4195, -0.4605],
        [-0.8286, -0.1041],
        [-0.4475,  0.4680]], device='cuda:0')
20879 tensor([[ 0.8178,  0.1178],
        [ 0.4194, -0.4606],
        [-0.8286, -0.1040],
        [-0.4474,  0.4682]], device='cuda:0')
20880 tensor([[ 0.8178,  0.1177],
        [ 0.4194, -0.4607],
        [-0.8286, -0.1040],
        [-0.4473,  0.4683]], device='cuda:0')
20881 tensor([[ 0.8179,  0.1176],
        [ 0.4193, -0.4609],
        [-0.8286, -0.1039],
        [-0.4472,  0.4684]], device='cuda:0')
20882 tensor([[ 0.8179,  0.1175],
        [ 0.4193, -0.4610],
        [-0.8286, -0.1038],
        [-0.4471,  0.4686]], device='cuda:0')
20883 tensor([[ 0.8179,  0.1174],
        [ 0.4192, -0.4611],
        [-0.8286, -0.1037],
        [-0.4470,  0.4687]], device='cuda:0')
20884 tensor([[ 0.8180,  0.1174],
        [ 0.4192, -0.4612],
        [-0.8286, -0.1036],
        [-0.4469,  0.4688]], device='cuda:0')
20885 tensor([[ 0.8180,  0.1173],
        [ 0.4192, -0.4614],
        [-0.8286, -0.1035],
        [-0.4469,  0.4690]], device='cuda:0')
20886 tensor([[ 0.8181,  0.1172],
        [ 0.4191, -0.4615],
        [-0.8286, -0.1035],
        [-0.4468,  0.4691]], device='cuda:0')
20887 tensor([[ 0.8181,  0.1171],
        [ 0.4191, -0.4616],
        [-0.8286, -0.1034],
        [-0.4467,  0.4692]], device='cuda:0')
20888 tensor([[ 0.8182,  0.1170],
        [ 0.4190, -0.4617],
        [-0.8286, -0.1033],
        [-0.4466,  0.4694]], device='cuda:0')
20889 tensor([[ 0.8182,  0.1170],
        [ 0.4190, -0.4618],
        [-0.8286, -0.1032],
        [-0.4465,  0.4695]], device='cuda:0')
20890 tensor([[ 0.8182,  0.1169],
        [ 0.4189, -0.4620],
        [-0.8286, -0.1031],
        [-0.4465,  0.4697]], device='cuda:0')
20891 tensor([[ 0.8183,  0.1168],
        [ 0.4189, -0.4621],
        [-0.8286, -0.1030],
        [-0.4464,  0.4698]], device='cuda:0')
20892 tensor([[ 0.8183,  0.1167],
        [ 0.4188, -0.4623],
        [-0.8286, -0.1028],
        [-0.4463,  0.4700]], device='cuda:0')
20893 tensor([[ 0.8183,  0.1166],
        [ 0.4188, -0.4624],
        [-0.8286, -0.1027],
        [-0.4462,  0.4701]], device='cuda:0')
20894 tensor([[ 0.8184,  0.1165],
        [ 0.4187, -0.4626],
        [-0.8286, -0.1026],
        [-0.4461,  0.4703]], device='cuda:0')
20895 tensor([[ 0.8184,  0.1164],
        [ 0.4187, -0.4627],
        [-0.8286, -0.1025],
        [-0.4461,  0.4705]], device='cuda:0')
20896 tensor([[ 0.8184,  0.1163],
        [ 0.4187, -0.4628],
        [-0.8286, -0.1024],
        [-0.4460,  0.4706]], device='cuda:0')
20897 tensor([[ 0.8185,  0.1162],
        [ 0.4186, -0.4630],
        [-0.8286, -0.1023],
        [-0.4459,  0.4708]], device='cuda:0')
20898 tensor([[ 0.8185,  0.1161],
        [ 0.4186, -0.4631],
        [-0.8286, -0.1022],
        [-0.4458,  0.4709]], device='cuda:0')
20899 tensor([[ 0.8185,  0.1160],
        [ 0.4185, -0.4633],
        [-0.8286, -0.1021],
        [-0.4458,  0.4711]], device='cuda:0')
20900 tensor([[ 0.8186,  0.1159],
        [ 0.4185, -0.4634],
        [-0.8286, -0.1020],
        [-0.4457,  0.4712]], device='cuda:0')
20901 tensor([[ 0.8186,  0.1158],
        [ 0.4184, -0.4636],
        [-0.8286, -0.1019],
        [-0.4456,  0.4713]], device='cuda:0')
20902 tensor([[ 0.8186,  0.1157],
        [ 0.4184, -0.4637],
        [-0.8287, -0.1018],
        [-0.4456,  0.4715]], device='cuda:0')
20903 tensor([[ 0.8187,  0.1156],
        [ 0.4183, -0.4638],
        [-0.8286, -0.1018],
        [-0.4454,  0.4716]], device='cuda:0')
20904 tensor([[ 0.8187,  0.1155],
        [ 0.4183, -0.4640],
        [-0.8286, -0.1017],
        [-0.4453,  0.4718]], device='cuda:0')
20905 tensor([[ 0.8188,  0.1154],
        [ 0.4182, -0.4641],
        [-0.8286, -0.1016],
        [-0.4452,  0.4719]], device='cuda:0')
20906 tensor([[ 0.8188,  0.1153],
        [ 0.4181, -0.4643],
        [-0.8285, -0.1015],
        [-0.4451,  0.4720]], device='cuda:0')
20907 tensor([[ 0.8188,  0.1152],
        [ 0.4180, -0.4644],
        [-0.8285, -0.1014],
        [-0.4450,  0.4722]], device='cuda:0')
20908 tensor([[ 0.8188,  0.1151],
        [ 0.4180, -0.4645],
        [-0.8285, -0.1013],
        [-0.4449,  0.4723]], device='cuda:0')
20909 tensor([[ 0.8188,  0.1150],
        [ 0.4179, -0.4647],
        [-0.8285, -0.1012],
        [-0.4448,  0.4724]], device='cuda:0')
20910 tensor([[ 0.8188,  0.1149],
        [ 0.4178, -0.4648],
        [-0.8284, -0.1011],
        [-0.4447,  0.4726]], device='cuda:0')
20911 tensor([[ 0.8188,  0.1148],
        [ 0.4177, -0.4650],
        [-0.8284, -0.1010],
        [-0.4445,  0.4727]], device='cuda:0')
20912 tensor([[ 0.8188,  0.1147],
        [ 0.4177, -0.4651],
        [-0.8284, -0.1010],
        [-0.4444,  0.4728]], device='cuda:0')
20913 tensor([[ 0.8188,  0.1146],
        [ 0.4176, -0.4652],
        [-0.8284, -0.1009],
        [-0.4443,  0.4730]], device='cuda:0')
20914 tensor([[ 0.8188,  0.1146],
        [ 0.4175, -0.4654],
        [-0.8283, -0.1008],
        [-0.4442,  0.4731]], device='cuda:0')
20915 tensor([[ 0.8189,  0.1145],
        [ 0.4175, -0.4655],
        [-0.8283, -0.1007],
        [-0.4441,  0.4732]], device='cuda:0')
20916 tensor([[ 0.8189,  0.1144],
        [ 0.4174, -0.4656],
        [-0.8283, -0.1006],
        [-0.4440,  0.4734]], device='cuda:0')
20917 tensor([[ 0.8189,  0.1143],
        [ 0.4173, -0.4658],
        [-0.8283, -0.1005],
        [-0.4439,  0.4735]], device='cuda:0')
20918 tensor([[ 0.8189,  0.1142],
        [ 0.4172, -0.4659],
        [-0.8283, -0.1004],
        [-0.4438,  0.4736]], device='cuda:0')
20919 tensor([[ 0.8189,  0.1141],
        [ 0.4172, -0.4660],
        [-0.8282, -0.1003],
        [-0.4437,  0.4738]], device='cuda:0')
20920 tensor([[ 0.8189,  0.1140],
        [ 0.4171, -0.4662],
        [-0.8282, -0.1002],
        [-0.4436,  0.4740]], device='cuda:0')
20921 tensor([[ 0.8189,  0.1139],
        [ 0.4170, -0.4663],
        [-0.8282, -0.1001],
        [-0.4435,  0.4741]], device='cuda:0')
20922 tensor([[ 0.8189,  0.1138],
        [ 0.4169, -0.4665],
        [-0.8282, -0.1000],
        [-0.4434,  0.4743]], device='cuda:0')
20923 tensor([[ 0.8189,  0.1137],
        [ 0.4169, -0.4666],
        [-0.8282, -0.0999],
        [-0.4433,  0.4745]], device='cuda:0')
20924 tensor([[ 0.8189,  0.1136],
        [ 0.4168, -0.4668],
        [-0.8282, -0.0997],
        [-0.4432,  0.4746]], device='cuda:0')
20925 tensor([[ 0.8189,  0.1135],
        [ 0.4167, -0.4669],
        [-0.8281, -0.0996],
        [-0.4431,  0.4748]], device='cuda:0')
20926 tensor([[ 0.8189,  0.1134],
        [ 0.4167, -0.4671],
        [-0.8281, -0.0995],
        [-0.4430,  0.4749]], device='cuda:0')
20927 tensor([[ 0.8190,  0.1133],
        [ 0.4166, -0.4672],
        [-0.8281, -0.0994],
        [-0.4430,  0.4751]], device='cuda:0')
20928 tensor([[ 0.8190,  0.1132],
        [ 0.4165, -0.4674],
        [-0.8281, -0.0993],
        [-0.4429,  0.4752]], device='cuda:0')
20929 tensor([[ 0.8190,  0.1131],
        [ 0.4164, -0.4675],
        [-0.8281, -0.0992],
        [-0.4428,  0.4754]], device='cuda:0')
20930 tensor([[ 0.8190,  0.1129],
        [ 0.4164, -0.4677],
        [-0.8281, -0.0991],
        [-0.4427,  0.4755]], device='cuda:0')
20931 tensor([[ 0.8190,  0.1128],
        [ 0.4163, -0.4678],
        [-0.8280, -0.0990],
        [-0.4426,  0.4757]], device='cuda:0')
20932 tensor([[ 0.8190,  0.1127],
        [ 0.4162, -0.4680],
        [-0.8280, -0.0989],
        [-0.4425,  0.4758]], device='cuda:0')
20933 tensor([[ 0.8190,  0.1126],
        [ 0.4162, -0.4681],
        [-0.8280, -0.0988],
        [-0.4424,  0.4760]], device='cuda:0')
20934 tensor([[ 0.8190,  0.1126],
        [ 0.4161, -0.4683],
        [-0.8280, -0.0987],
        [-0.4423,  0.4762]], device='cuda:0')
20935 tensor([[ 0.8190,  0.1125],
        [ 0.4160, -0.4684],
        [-0.8280, -0.0985],
        [-0.4422,  0.4764]], device='cuda:0')
20936 tensor([[ 0.8190,  0.1124],
        [ 0.4160, -0.4686],
        [-0.8280, -0.0984],
        [-0.4421,  0.4766]], device='cuda:0')
20937 tensor([[ 0.8190,  0.1122],
        [ 0.4159, -0.4688],
        [-0.8279, -0.0983],
        [-0.4421,  0.4767]], device='cuda:0')
20938 tensor([[ 0.8190,  0.1121],
        [ 0.4158, -0.4690],
        [-0.8279, -0.0982],
        [-0.4420,  0.4769]], device='cuda:0')
20939 tensor([[ 0.8190,  0.1120],
        [ 0.4158, -0.4691],
        [-0.8279, -0.0980],
        [-0.4419,  0.4771]], device='cuda:0')
