115312 0
115312 1
115312 2
115312 3
115312 4
115326 3
115327 0
115327 2
115327 5
115328 1
115342 0
115342 1
115342 2
115342 3
115342 4
115356 3
115357 0
115357 2
115357 4
115357 5
115358 1
115370 3
115371 5
115372 0
115372 2
115372 5
115374 1
115386 3
115387 0
115387 2
115387 4
115387 5
115388 1
115400 3
115401 5
115402 0
115402 2
115402 5
115404 1
115416 3
115417 0
115417 2
115417 4
115417 5
115418 1
115430 3
115431 5
115432 0
115432 2
115432 5
115434 1
115446 3
115447 0
115447 2
115447 4
115447 5
115448 1
115460 3
115461 5
115462 0
115462 2
115462 5
115464 1
115476 2
115476 3
115477 5
115478 0
115478 1
115491 2
115492 1
115492 3
115492 4
115493 0
115506 2
115506 3
115507 5
115508 0
115508 1
115521 2
115522 1
115522 3
115522 4
115523 0
115536 2
115536 3
115537 5
115538 0
115538 1
115551 2
115552 1
115552 3
115552 4
115553 0
115566 2
115566 3
115567 5
115568 0
115568 1
115581 2
115582 1
115582 3
115582 5
115583 0
115596 1
115596 2
115597 4
115598 0
115598 3
115611 2
115612 1
115612 3
115612 5
115613 0
115626 1
115626 2
115627 4
115628 0
115628 3
115641 2
115642 1
115642 3
115642 5
115643 0
115656 1
115656 2
115657 5
115658 0
115658 3
115670 1
115671 2
115672 4
115673 0
115674 3
115686 1
115686 2
115687 5
115688 0
115688 3
115700 1
115702 0
115702 2
115702 4
115704 3
115716 1
115717 0
115717 2
115717 5
115718 3
115730 1
115732 0
115732 2
115732 4
115734 3
115747 0
115747 1
115747 2
115747 3
115747 5
115760 1
115762 0
115762 2
115762 4
115764 3
115777 0
115777 1
115777 2
115777 3
115777 5
115791 1
115792 0
115792 2
115792 4
115793 3
115807 0
115807 1
115807 2
115807 3
115807 5
115820 1
115822 0
115822 2
115822 4
115824 3
115836 1
115837 0
115837 2
115837 5
115838 3
115850 1
115852 0
115852 2
115852 4
115854 3
115866 0
115866 1
115867 4
115867 5
115868 2
115868 3
115880 1
115881 0
115882 4
115882 5
115883 2
115884 3
115894 1
115896 0
115897 4
115898 2
115900 3
115901 5
115910 1
115911 0
115911 4
115912 4
115913 2
115914 3
115926 0
115926 1
115927 4
115928 2
115928 3
115941 0
115942 1
115942 3
115942 4
115943 2
115956 0
115956 3
115957 4
115958 1
115958 2
115970 3
115971 0
115972 5
115973 2
115974 1
115986 0
115986 3
115987 5
115988 1
115988 2
116001 0
116002 1
116002 3
116002 4
116003 2
116016 0
116016 3
116017 4
116018 1
116018 2
116030 3
116031 0
116031 5
116032 5
116033 2
116034 1
116046 0
116046 3
116047 4
116048 1
116048 2
116060 3
116061 0
116061 5
116062 5
116063 2
116064 1
116076 0
116076 3
116077 4
116078 1
116078 2
116090 3
116091 5
116092 0
116092 2
116092 4
116094 1
116104 3
116105 5
116107 0
116107 2
116107 5
116110 1
116121 3
116122 0
116122 2
116122 4
116122 5
116123 1
116135 3
116136 5
116137 0
116137 2
116137 5
116139 1
116151 3
116152 0
116152 2
116152 4
116152 5
116153 1
116164 3
116165 5
116167 0
116167 2
116167 5
116170 1
116180 3
116181 2
116181 5
116182 5
116183 0
116184 1
116196 2
116196 3
116197 4
116197 5
116198 0
116198 1
116210 3
116211 2
116211 5
116212 5
116213 0
116214 1
116226 2
116226 3
116227 4
116227 5
116228 0
116228 1
116240 3
116241 2
116241 5
116242 5
116243 0
116244 1
116256 2
116256 3
116257 5
116258 0
116258 1
116271 2
116272 1
116272 3
116272 4
116273 0
116286 2
116286 3
116287 5
116288 0
116288 1
116301 2
116302 1
116302 3
116302 5
116303 0
116316 1
116316 2
116317 4
116318 0
116318 3
116331 2
116332 1
116332 3
116332 5
116333 0
116346 1
116346 2
116347 5
116348 0
116348 3
116360 1
116361 2
116362 4
116363 0
116364 3
116376 1
116376 2
116377 5
116378 0
116378 3
116390 1
116391 2
116392 5
116393 0
116394 3
116405 1
116406 2
116407 4
116408 0
116409 3
116421 1
116421 2
116422 5
116423 0
116423 3
116435 1
116436 2
116437 4
116438 0
116439 3
116451 1
116452 0
116452 2
116452 5
116453 3
116465 1
116467 0
116467 2
116467 4
116469 3
116481 1
116482 0
116482 2
116482 5
116483 3
116495 1
116497 0
116497 2
116497 5
116499 3
116509 1
116512 0
116512 2
116512 4
116515 3
116525 1
116526 0
116527 4
116528 2
116529 3
116530 5
116541 0
116541 1
116542 4
116542 5
116543 2
116543 3
116555 1
116556 0
116557 4
116558 2
116559 3
116560 5
116571 0
116571 1
116572 4
116573 2
116573 3
116586 0
116586 1
116587 4
116587 5
116588 2
116588 3
116600 1
116601 0
116601 4
116602 4
116603 2
116604 3
116615 0
116616 1
116617 4
116618 3
116619 2
116620 5
116630 0
116632 1
116632 3
116632 5
116634 2
116645 0
116646 1
116647 4
116648 3
116649 2
116650 5
116660 0
116662 1
116662 3
116662 4
116664 2
116675 0
116676 3
116677 5
116678 1
116679 2
116690 0
116692 1
116692 3
116692 4
116694 2
116705 0
116706 3
116706 4
116707 4
116708 1
116709 2
116720 0
116720 3
116722 4
116724 1
116724 2
116735 3
116736 0
116736 5
116737 5
116738 2
116739 1
116751 0
116751 3
116752 4
116753 1
116753 2
116765 3
116766 0
116766 5
116767 4
116768 2
116769 1
116779 3
116780 5
116781 0
116782 5
116783 2
116785 1
116795 3
116796 0
116796 5
116797 5
116798 2
116799 1
116811 3
116812 0
116812 2
116812 4
116812 5
116813 1
116825 3
116826 5
116827 0
116827 2
116827 4
116829 1
116839 3
116840 5
116842 0
116842 2
116842 5
116845 1
116855 3
116856 5
116857 0
116857 2
116857 4
116859 1
116869 3
116870 5
116872 0
116872 2
116872 5
116875 1
116885 3
116886 2
116886 5
116887 4
116888 0
116889 1
116899 3
116900 5
116901 2
116902 4
116903 0
116905 1
116906 4
116913 3
116914 5
116916 2
116917 5
116918 0
116921 1
116922 4
116929 3
116930 2
116930 5
116932 5
116934 0
116935 1
116936 4
116945 2
116945 3
116946 5
116947 5
116949 0
116949 1
116950 4
116960 2
116960 3
116961 5
116962 5
116964 0
116964 1
116965 4
116975 2
116976 3
116977 4
116977 5
116978 1
116979 0
116990 2
116990 3
116991 5
116992 4
116994 0
116994 1
116995 4
117004 2
117004 3
117005 5
117007 5
117010 0
117010 1
117011 4
117019 2
117020 3
117021 5
117022 5
117024 1
117025 0
117026 4
117034 2
117036 3
117037 5
117038 1
117040 0
117041 4
117049 2
117051 3
117052 5
117053 1
117055 0
117056 4
117064 2
117067 1
117067 3
117067 5
117070 0
117079 2
117081 1
117082 5
117083 3
117085 0
117094 2
117095 1
117097 5
117099 3
117100 0
117109 1
117109 2
117112 5
117115 0
117115 3
117124 1
117124 2
117127 5
117130 0
117130 3
117138 1
117139 2
117139 4
117142 5
117145 0
117146 3
117152 1
117153 4
117155 2
117157 5
117159 0
117162 3
117166 1
117167 4
117170 2
117172 5
117174 0
117178 3
117180 1
117181 4
117186 2
117187 4
117188 0
117194 3
117196 1
117197 4
117202 0
117202 2
117202 4
117208 3
117212 1
117213 4
117217 0
117217 2
117217 5
117222 3
117226 1
117227 4
117231 0
117232 5
117233 2
117238 3
117239 5
117240 1
117241 4
117246 0
117247 4
117248 2
117254 3
117256 1
117257 4
117260 0
117262 4
117264 2
117268 3
117269 5
117272 1
117273 4
117275 0
117277 5
117279 2
117282 3
117283 5
117286 1
117287 4
117289 0
117292 4
117295 2
117298 3
117299 5
117302 1
117303 4
117304 0
117307 5
117310 2
117312 3
117313 5
117316 1
117317 4
117318 0
117322 5
117326 2
117328 3
117329 5
