7 0
7 1
7 2
7 3
7 5
21 1
22 0
22 2
22 5
23 3
35 1
37 0
37 2
37 4
39 3
51 1
52 0
52 2
52 4
53 3
67 0
67 1
67 2
67 3
67 4
81 3
82 0
82 2
82 5
83 1
97 0
97 1
97 2
97 3
97 5
111 1
112 0
112 2
112 5
113 3
125 1
127 0
127 2
127 5
129 3
139 1
141 0
142 4
143 2
145 3
155 1
156 0
157 5
158 2
159 3
169 1
171 0
172 4
173 2
175 3
185 1
186 0
187 4
188 2
189 3
200 0
201 1
202 5
203 3
204 2
214 1
215 0
217 5
219 2
220 3
228 1
230 0
232 5
234 2
236 3
242 1
245 0
247 5
249 2
252 3
256 1
259 0
262 5
265 2
268 3
270 1
274 0
277 5
280 2
284 3
285 1
288 0
292 5
296 2
299 3
