162051 2
162052 1
162052 3
162052 5
162053 0
162066 1
162066 2
162067 5
162068 0
162068 3
162080 1
162081 2
162081 4
162082 4
162083 0
162084 3
162096 1
162097 0
162097 2
162097 4
162097 5
162098 3
162110 1
162111 4
162112 0
162112 2
162112 4
162114 3
162126 1
162127 0
162127 2
162127 4
162127 5
162128 3
162140 1
162141 4
162142 0
162142 2
162142 5
162144 3
162154 1
162155 4
162157 0
162157 2
162157 4
162160 3
162170 1
162171 4
162172 0
162172 2
162172 4
162174 3
162186 0
162186 1
162187 4
162188 2
162188 3
162201 0
162202 1
162202 3
162202 5
162203 2
162216 0
162216 1
162217 4
162218 2
162218 3
162231 0
162232 1
162232 3
162232 5
162233 2
162246 0
162246 1
162247 4
162248 2
162248 3
162261 0
162262 1
162262 3
162262 5
162263 2
162276 0
162276 1
162277 4
162278 2
162278 3
162291 0
162292 1
162292 3
162292 4
162293 2
162306 0
162306 3
162307 5
162308 1
162308 2
162321 0
162322 1
162322 3
162322 4
162323 2
162336 0
162336 3
162337 5
162338 1
162338 2
162351 0
162352 1
162352 3
162352 4
162353 2
162366 0
162366 3
162367 4
162368 1
162368 2
162380 3
162381 0
162382 5
162383 2
162384 1
162396 0
162396 3
162397 4
162398 1
162398 2
162410 3
162411 5
162412 0
162412 2
162412 5
162414 1
162426 3
162427 0
162427 2
162427 4
162427 5
162428 1
162440 3
162441 5
162442 0
162442 2
162442 5
162444 1
162456 3
162457 0
162457 2
162457 4
162457 5
162458 1
162470 3
162471 5
162472 0
162472 2
162472 5
162474 1
162486 3
162487 0
162487 2
162487 4
162487 5
162488 1
162500 3
162501 5
162502 0
162502 2
162502 5
162504 1
162516 3
162517 0
162517 2
162517 4
162517 5
162518 1
162530 3
162531 5
162532 0
162532 2
162532 5
162534 1
162546 2
162546 3
162547 4
162547 5
162548 0
162548 1
162560 3
162561 2
162561 5
162562 5
162563 0
162564 1
162576 2
162576 3
162577 5
162578 0
162578 1
162591 2
162592 1
162592 3
162592 4
162593 0
162606 2
162606 3
162607 5
162608 0
162608 1
162621 2
162622 1
162622 3
162622 4
162623 0
162636 2
162636 3
162637 5
162638 0
162638 1
162651 2
162652 1
162652 3
162652 5
162653 0
162666 1
162666 2
162667 4
162668 0
162668 3
162681 2
162682 1
162682 3
162682 5
162683 0
162696 1
162696 2
162697 4
162698 0
162698 3
162711 2
162712 1
162712 3
162712 5
162713 0
162726 1
162726 2
162727 4
162728 0
162728 3
162741 2
162742 1
162742 3
162742 5
162743 0
162756 1
162756 2
162757 5
162758 0
162758 3
162770 1
162771 2
162772 4
162773 0
162774 3
162786 1
162787 0
162787 2
162787 5
162788 3
162800 1
162802 0
162802 2
162802 4
162804 3
162816 1
162817 0
162817 2
162817 5
162818 3
162830 1
162832 0
162832 2
162832 4
162834 3
162846 1
162847 0
162847 2
162847 5
162848 3
162860 1
162861 4
162862 0
162862 2
162862 4
162864 3
162876 1
162877 0
162877 2
162877 4
162877 5
162878 3
162890 1
162891 4
162892 0
162892 2
162892 4
162894 3
162906 1
162907 0
162907 2
162907 4
162907 5
162908 3
162920 1
162921 0
162921 4
162922 4
162923 2
162924 3
162936 0
162936 1
162937 4
162937 5
162938 2
162938 3
162950 1
162951 0
162951 4
162952 4
162953 2
162954 3
162966 0
162966 1
162967 4
162968 2
162968 3
162981 0
162982 1
162982 3
162982 5
162983 2
162996 0
162996 1
162997 4
162998 2
162998 3
163011 0
163012 1
163012 3
163012 4
163013 2
163026 0
163026 3
163027 5
163028 1
163028 2
163041 0
163042 1
163042 3
163042 4
163043 2
163056 0
163056 3
163057 5
163058 1
163058 2
163071 0
163072 1
163072 3
163072 4
163073 2
163086 0
163086 3
163087 4
163088 1
163088 2
163100 3
163101 0
163102 5
163103 2
163104 1
163116 0
163116 3
163117 4
163118 1
163118 2
163130 3
163131 0
163132 5
163133 2
163134 1
163146 0
163147 1
163147 3
163147 4
163148 2
163161 3
163162 0
163162 2
163162 5
163163 1
163177 0
163177 1
163177 2
163177 3
163177 5
163191 1
163192 0
163192 2
163192 4
163193 3
163207 0
163207 1
163207 2
163207 3
163207 4
163221 3
163222 0
163222 2
163222 4
163222 5
163223 1
163235 3
163236 5
163237 0
163237 2
163237 5
163239 1
163251 3
163252 0
163252 2
163252 5
163253 1
163267 0
163267 1
163267 2
163267 3
163267 4
163281 3
163282 0
163282 2
163282 5
163283 1
163297 0
163297 1
163297 2
163297 3
163297 4
163311 3
163312 0
163312 2
163312 5
163313 1
163326 2
163327 1
163327 3
163327 4
163328 0
163341 2
163341 3
163342 5
163343 0
163343 1
163356 2
163357 1
163357 3
163357 4
163358 0
163370 3
163371 2
163371 5
163372 5
163373 0
163374 1
163386 2
163386 3
163387 4
163387 5
163388 0
163388 1
163400 3
163401 2
163401 5
163402 5
163403 0
163404 1
163416 2
163416 3
163417 5
163418 0
163418 1
163431 2
163432 1
163432 3
163432 4
163433 0
163446 2
163446 3
163447 5
163448 0
163448 1
163461 2
163462 1
163462 3
163462 5
163463 0
163476 1
163476 2
163477 4
163478 0
163478 3
163491 2
163492 1
163492 3
163492 5
163493 0
163506 1
163506 2
163507 4
163508 0
163508 3
163521 2
163522 1
163522 3
163522 5
163523 0
163536 1
163536 2
163537 5
163538 0
163538 3
163550 1
163551 2
163551 4
163552 4
163553 0
163554 3
163566 1
163566 2
163567 5
163568 0
163568 3
163580 1
163581 2
163581 4
163582 4
163583 0
163584 3
163596 1
163596 2
163597 5
163598 0
163598 3
163611 1
163611 2
163612 5
163613 0
163613 3
163625 1
163626 4
163627 0
163627 2
163627 4
163629 3
163641 1
163642 0
163642 2
163642 4
163642 5
163643 3
163655 1
163656 4
163657 0
163657 2
163657 4
163659 3
163671 1
163672 0
163672 2
163672 4
163672 5
163673 3
163685 1
163686 4
163687 0
163687 2
163687 4
163689 3
163701 0
163701 1
163702 4
163702 5
163703 2
163703 3
163714 1
163715 4
163716 0
163717 4
163718 2
163720 3
163721 5
163730 1
163731 0
163731 4
163732 4
163733 2
163734 3
163746 0
163746 1
163747 4
163747 5
163748 2
163748 3
163760 1
163761 0
163761 4
163762 4
163763 2
163764 3
163776 0
163776 1
163777 4
163778 2
163778 3
163791 0
163792 1
163792 3
163792 5
163793 2
163806 0
163806 1
163807 4
163808 2
163808 3
163821 0
163822 1
163822 3
163822 4
163823 2
163836 0
163836 3
163837 5
163838 1
163838 2
163851 0
163852 1
163852 3
163852 4
163853 2
163866 0
163866 3
163867 4
163868 1
163868 2
163880 3
163881 0
163882 5
163883 2
163884 1
163896 0
163896 3
163897 4
163898 1
163898 2
163910 3
163911 0
163912 5
163913 2
163914 1
163926 0
163927 1
163927 3
163927 4
163928 2
163941 0
163941 3
163942 4
163943 1
163943 2
163955 3
163956 0
163957 5
163958 2
163959 1
163971 3
163972 0
163972 2
163972 4
163973 1
163985 3
163987 0
163987 2
163987 5
163989 1
164001 3
164002 0
164002 2
164002 4
164003 1
164015 3
164017 0
164017 2
164017 5
164019 1
164031 3
164032 0
164032 2
164032 4
164033 1
164045 3
164046 5
164047 0
164047 2
164047 5
164049 1
164061 2
164061 3
164062 4
164062 5
164063 0
164063 1
164075 3
164076 2
164076 5
164077 5
164078 0
164079 1
164091 2
164091 3
164092 5
164093 0
164093 1
164106 2
164107 1
164107 3
164107 4
164108 0
164120 3
164121 2
164121 5
164122 5
164123 0
164124 1
164136 2
164136 3
164137 4
164137 5
164138 0
164138 1
164150 3
164151 2
164151 5
164152 5
164153 0
164154 1
164166 2
164166 3
164167 5
164168 0
164168 1
164181 2
164182 1
164182 3
164182 4
164183 0
164196 2
164196 3
164197 5
164198 0
164198 1
164210 2
164212 1
164212 3
164212 5
164214 0
164225 2
164226 1
164227 4
164228 3
164229 0
164241 2
164242 1
164242 3
164242 5
164243 0
164256 1
164256 2
164257 5
164258 0
164258 3
164270 1
164271 2
164272 4
164273 0
164274 3
164286 1
164286 2
164287 5
164288 0
164288 3
164301 1
164301 2
164302 5
164303 0
164303 3
164315 1
164316 2
164317 4
164318 0
164319 3
164331 1
164331 2
164332 5
164333 0
164333 3
164345 1
164346 2
164347 5
164348 0
164349 3
164359 1
164361 2
164362 4
164363 0
164365 3
164375 1
164377 0
164377 2
164377 5
164379 3
164389 1
164392 0
164392 2
164392 4
164395 3
164405 1
164407 0
164407 2
164407 5
164409 3
164419 1
164421 0
164422 4
164423 2
164425 3
164426 5
164435 1
164436 0
164437 4
164438 2
164439 3
164440 5
164451 0
164451 1
164452 4
164452 5
164453 2
164453 3
164465 1
164466 0
164466 4
164467 4
164468 2
164469 3
164481 0
164481 1
164482 4
164483 2
164483 3
164495 0
164496 1
164497 4
164497 5
164498 3
164499 2
164510 0
164510 1
164511 4
164512 5
164514 2
164514 3
164515 5
164524 1
164525 0
164525 4
164527 4
164529 2
164530 3
164531 5
164540 0
164540 1
164541 4
164542 4
164544 2
164544 3
164545 5
164555 0
164556 1
164557 4
164558 3
164559 2
164560 5
164570 0
164572 1
164572 3
164572 4
164574 2
164585 0
164586 3
164587 4
164588 1
164589 2
164600 0
164600 3
164602 5
164604 1
164604 2
164615 0
164617 1
164617 3
164617 4
164619 2
164630 0
164631 3
164632 4
164633 1
164634 2
164645 0
164645 3
164647 4
164649 1
164649 2
164659 3
164660 0
164660 5
164662 5
164664 2
164665 1
164675 3
164676 0
164676 5
164677 4
164678 2
164679 1
164689 3
164690 5
164691 0
164692 4
164693 2
164695 1
164703 3
164704 5
164706 0
164707 5
164708 2
164711 1
164719 3
164720 5
164721 0
164722 4
164723 2
164725 1
164733 3
164734 5
164737 0
164737 2
164737 5
164741 1
164749 3
164750 5
164752 0
164752 2
164752 4
164755 1
164763 3
164764 5
164767 0
164767 2
164767 5
164771 1
164779 3
164780 5
164781 2
164782 4
164783 0
164785 1
164786 4
164793 3
164794 5
164796 2
164797 5
164798 0
164801 1
164802 4
164809 3
164810 5
164811 2
164812 5
164813 0
164815 1
164816 4
164825 2
164825 3
164826 5
164827 4
164829 0
164829 1
164830 4
164839 3
164840 2
164840 5
164842 5
164844 0
164845 1
164846 4
164855 2
164855 3
164856 5
164857 5
164859 0
164859 1
164860 4
164870 2
164871 3
164872 5
164873 1
164874 0
164875 4
164885 2
164887 1
164887 3
164887 4
164889 0
164900 2
164900 3
164901 5
164902 5
164904 0
164904 1
164905 4
164914 2
164916 3
164917 5
164918 1
164920 0
164921 4
164929 2
164932 1
164932 3
164932 5
164935 0
164944 2
164946 1
164947 5
164948 3
164950 0
164959 2
164960 1
164962 5
164964 3
164965 0
164974 1
164975 2
164975 4
164977 4
164979 0
164980 3
164990 2
164991 1
164992 5
164993 3
164994 0
165005 1
165005 2
165007 5
165009 0
165009 3
165019 1
165020 2
165020 4
165022 4
165024 0
165025 3
165035 1
165035 2
165037 5
165039 0
165039 3
165049 1
165050 4
165051 2
165052 5
165053 0
165055 3
