6030 tensor([[ 0.1470,  0.1158],
        [ 0.0696,  0.0338],
        [-0.1623, -0.1038],
        [-0.0989, -0.0316]], device='cuda:0')
6031 tensor([[ 0.1469,  0.1158],
        [ 0.0695,  0.0337],
        [-0.1622, -0.1037],
        [-0.0988, -0.0315]], device='cuda:0')
6032 tensor([[ 0.1468,  0.1157],
        [ 0.0694,  0.0336],
        [-0.1621, -0.1037],
        [-0.0987, -0.0315]], device='cuda:0')
6033 tensor([[ 0.1467,  0.1156],
        [ 0.0693,  0.0336],
        [-0.1620, -0.1036],
        [-0.0986, -0.0314]], device='cuda:0')
6034 tensor([[ 0.1466,  0.1155],
        [ 0.0692,  0.0335],
        [-0.1619, -0.1035],
        [-0.0985, -0.0313]], device='cuda:0')
6035 tensor([[ 0.1465,  0.1154],
        [ 0.0691,  0.0334],
        [-0.1618, -0.1034],
        [-0.0984, -0.0313]], device='cuda:0')
6036 tensor([[ 0.1464,  0.1154],
        [ 0.0690,  0.0334],
        [-0.1617, -0.1034],
        [-0.0983, -0.0312]], device='cuda:0')
6037 tensor([[ 0.1463,  0.1153],
        [ 0.0689,  0.0333],
        [-0.1616, -0.1033],
        [-0.0982, -0.0312]], device='cuda:0')
6038 tensor([[ 0.1462,  0.1152],
        [ 0.0688,  0.0332],
        [-0.1615, -0.1032],
        [-0.0981, -0.0311]], device='cuda:0')
6039 tensor([[ 0.1461,  0.1151],
        [ 0.0687,  0.0332],
        [-0.1614, -0.1031],
        [-0.0980, -0.0310]], device='cuda:0')
6040 tensor([[ 0.1460,  0.1151],
        [ 0.0686,  0.0331],
        [-0.1613, -0.1031],
        [-0.0979, -0.0310]], device='cuda:0')
6041 tensor([[ 0.1459,  0.1150],
        [ 0.0685,  0.0331],
        [-0.1612, -0.1030],
        [-0.0978, -0.0309]], device='cuda:0')
6042 tensor([[ 0.1458,  0.1149],
        [ 0.0684,  0.0330],
        [-0.1611, -0.1029],
        [-0.0977, -0.0309]], device='cuda:0')
6043 tensor([[ 0.1457,  0.1149],
        [ 0.0683,  0.0330],
        [-0.1610, -0.1028],
        [-0.0976, -0.0308]], device='cuda:0')
6044 tensor([[ 0.1456,  0.1148],
        [ 0.0682,  0.0329],
        [-0.1609, -0.1028],
        [-0.0976, -0.0307]], device='cuda:0')
6045 tensor([[ 0.1455,  0.1147],
        [ 0.0681,  0.0329],
        [-0.1608, -0.1027],
        [-0.0975, -0.0307]], device='cuda:0')
6046 tensor([[ 0.1454,  0.1147],
        [ 0.0680,  0.0328],
        [-0.1607, -0.1026],
        [-0.0974, -0.0306]], device='cuda:0')
6047 tensor([[ 0.1453,  0.1146],
        [ 0.0679,  0.0328],
        [-0.1606, -0.1026],
        [-0.0973, -0.0306]], device='cuda:0')
6048 tensor([[ 0.1452,  0.1145],
        [ 0.0678,  0.0327],
        [-0.1606, -0.1025],
        [-0.0972, -0.0305]], device='cuda:0')
6049 tensor([[ 0.1451,  0.1145],
        [ 0.0677,  0.0327],
        [-0.1605, -0.1024],
        [-0.0971, -0.0304]], device='cuda:0')
6050 tensor([[ 0.1449,  0.1144],
        [ 0.0676,  0.0327],
        [-0.1604, -0.1023],
        [-0.0970, -0.0304]], device='cuda:0')
6051 tensor([[ 0.1449,  0.1144],
        [ 0.0675,  0.0326],
        [-0.1603, -0.1023],
        [-0.0970, -0.0303]], device='cuda:0')
6052 tensor([[ 0.1448,  0.1143],
        [ 0.0674,  0.0326],
        [-0.1602, -0.1022],
        [-0.0969, -0.0303]], device='cuda:0')
6053 tensor([[ 0.1447,  0.1142],
        [ 0.0673,  0.0325],
        [-0.1601, -0.1021],
        [-0.0968, -0.0302]], device='cuda:0')
6054 tensor([[ 0.1446,  0.1142],
        [ 0.0673,  0.0324],
        [-0.1600, -0.1021],
        [-0.0967, -0.0302]], device='cuda:0')
6055 tensor([[ 0.1445,  0.1141],
        [ 0.0672,  0.0324],
        [-0.1599, -0.1020],
        [-0.0967, -0.0301]], device='cuda:0')
6056 tensor([[ 0.1444,  0.1140],
        [ 0.0672,  0.0323],
        [-0.1598, -0.1020],
        [-0.0966, -0.0301]], device='cuda:0')
6057 tensor([[ 0.1443,  0.1140],
        [ 0.0671,  0.0323],
        [-0.1597, -0.1019],
        [-0.0966, -0.0300]], device='cuda:0')
6058 tensor([[ 0.1442,  0.1139],
        [ 0.0671,  0.0322],
        [-0.1596, -0.1018],
        [-0.0966, -0.0299]], device='cuda:0')
6059 tensor([[ 0.1441,  0.1138],
        [ 0.0670,  0.0322],
        [-0.1595, -0.1018],
        [-0.0965, -0.0299]], device='cuda:0')
6060 tensor([[ 0.1440,  0.1138],
        [ 0.0670,  0.0321],
        [-0.1594, -0.1017],
        [-0.0965, -0.0298]], device='cuda:0')
6061 tensor([[ 0.1439,  0.1137],
        [ 0.0669,  0.0321],
        [-0.1594, -0.1016],
        [-0.0964, -0.0298]], device='cuda:0')
6062 tensor([[ 0.1438,  0.1136],
        [ 0.0669,  0.0320],
        [-0.1593, -0.1016],
        [-0.0964, -0.0297]], device='cuda:0')
6063 tensor([[ 0.1438,  0.1136],
        [ 0.0668,  0.0320],
        [-0.1592, -0.1015],
        [-0.0963, -0.0297]], device='cuda:0')
6064 tensor([[ 0.1437,  0.1135],
        [ 0.0668,  0.0319],
        [-0.1591, -0.1015],
        [-0.0963, -0.0296]], device='cuda:0')
6065 tensor([[ 0.1436,  0.1134],
        [ 0.0667,  0.0319],
        [-0.1590, -0.1014],
        [-0.0962, -0.0296]], device='cuda:0')
6066 tensor([[ 0.1435,  0.1134],
        [ 0.0667,  0.0318],
        [-0.1589, -0.1013],
        [-0.0962, -0.0296]], device='cuda:0')
6067 tensor([[ 0.1434,  0.1133],
        [ 0.0667,  0.0318],
        [-0.1588, -0.1013],
        [-0.0961, -0.0295]], device='cuda:0')
6068 tensor([[ 0.1433,  0.1133],
        [ 0.0666,  0.0317],
        [-0.1587, -0.1012],
        [-0.0961, -0.0294]], device='cuda:0')
6069 tensor([[ 0.1432,  0.1132],
        [ 0.0665,  0.0317],
        [-0.1587, -0.1012],
        [-0.0961, -0.0294]], device='cuda:0')
6070 tensor([[ 0.1431,  0.1131],
        [ 0.0665,  0.0317],
        [-0.1586, -0.1011],
        [-0.0960, -0.0293]], device='cuda:0')
6071 tensor([[ 0.1431,  0.1131],
        [ 0.0664,  0.0316],
        [-0.1585, -0.1010],
        [-0.0960, -0.0293]], device='cuda:0')
6072 tensor([[ 0.1430,  0.1130],
        [ 0.0664,  0.0316],
        [-0.1584, -0.1010],
        [-0.0959, -0.0292]], device='cuda:0')
6073 tensor([[ 0.1429,  0.1130],
        [ 0.0663,  0.0315],
        [-0.1583, -0.1009],
        [-0.0959, -0.0292]], device='cuda:0')
6074 tensor([[ 0.1428,  0.1129],
        [ 0.0663,  0.0315],
        [-0.1583, -0.1008],
        [-0.0959, -0.0291]], device='cuda:0')
6075 tensor([[ 0.1427,  0.1129],
        [ 0.0662,  0.0314],
        [-0.1582, -0.1008],
        [-0.0958, -0.0291]], device='cuda:0')
6076 tensor([[ 0.1426,  0.1128],
        [ 0.0662,  0.0314],
        [-0.1581, -0.1007],
        [-0.0958, -0.0290]], device='cuda:0')
6077 tensor([[ 0.1425,  0.1128],
        [ 0.0662,  0.0314],
        [-0.1580, -0.1007],
        [-0.0958, -0.0290]], device='cuda:0')
6078 tensor([[ 0.1424,  0.1127],
        [ 0.0661,  0.0313],
        [-0.1580, -0.1006],
        [-0.0957, -0.0289]], device='cuda:0')
6079 tensor([[ 0.1424,  0.1127],
        [ 0.0661,  0.0313],
        [-0.1579, -0.1005],
        [-0.0957, -0.0289]], device='cuda:0')
6080 tensor([[ 0.1423,  0.1126],
        [ 0.0660,  0.0312],
        [-0.1578, -0.1005],
        [-0.0956, -0.0288]], device='cuda:0')
6081 tensor([[ 0.1422,  0.1125],
        [ 0.0660,  0.0312],
        [-0.1577, -0.1004],
        [-0.0956, -0.0288]], device='cuda:0')
6082 tensor([[ 0.1421,  0.1125],
        [ 0.0659,  0.0311],
        [-0.1576, -0.1004],
        [-0.0956, -0.0287]], device='cuda:0')
6083 tensor([[ 0.1420,  0.1124],
        [ 0.0659,  0.0311],
        [-0.1576, -0.1003],
        [-0.0955, -0.0287]], device='cuda:0')
6084 tensor([[ 0.1419,  0.1124],
        [ 0.0658,  0.0311],
        [-0.1575, -0.1002],
        [-0.0955, -0.0287]], device='cuda:0')
6085 tensor([[ 0.1419,  0.1123],
        [ 0.0658,  0.0311],
        [-0.1574, -0.1002],
        [-0.0955, -0.0286]], device='cuda:0')
6086 tensor([[ 0.1418,  0.1123],
        [ 0.0657,  0.0311],
        [-0.1574, -0.1001],
        [-0.0954, -0.0286]], device='cuda:0')
6087 tensor([[ 0.1417,  0.1122],
        [ 0.0657,  0.0311],
        [-0.1573, -0.1001],
        [-0.0954, -0.0286]], device='cuda:0')
6088 tensor([[ 0.1416,  0.1122],
        [ 0.0656,  0.0311],
        [-0.1572, -0.1000],
        [-0.0954, -0.0286]], device='cuda:0')
6089 tensor([[ 0.1415,  0.1121],
        [ 0.0656,  0.0311],
        [-0.1571, -0.1000],
        [-0.0953, -0.0286]], device='cuda:0')
6090 tensor([[ 0.1414,  0.1121],
        [ 0.0655,  0.0311],
        [-0.1571, -0.0999],
        [-0.0953, -0.0286]], device='cuda:0')
6091 tensor([[ 0.1414,  0.1120],
        [ 0.0655,  0.0311],
        [-0.1570, -0.0998],
        [-0.0953, -0.0286]], device='cuda:0')
6092 tensor([[ 0.1413,  0.1120],
        [ 0.0654,  0.0311],
        [-0.1569, -0.0998],
        [-0.0952, -0.0286]], device='cuda:0')
6093 tensor([[ 0.1412,  0.1119],
        [ 0.0654,  0.0311],
        [-0.1569, -0.0997],
        [-0.0952, -0.0285]], device='cuda:0')
6094 tensor([[ 0.1411,  0.1119],
        [ 0.0654,  0.0311],
        [-0.1568, -0.0997],
        [-0.0952, -0.0285]], device='cuda:0')
6095 tensor([[ 0.1411,  0.1118],
        [ 0.0653,  0.0311],
        [-0.1567, -0.0996],
        [-0.0951, -0.0285]], device='cuda:0')
6096 tensor([[ 0.1410,  0.1118],
        [ 0.0653,  0.0311],
        [-0.1566, -0.0996],
        [-0.0951, -0.0285]], device='cuda:0')
6097 tensor([[ 0.1409,  0.1117],
        [ 0.0652,  0.0311],
        [-0.1566, -0.0995],
        [-0.0951, -0.0285]], device='cuda:0')
6098 tensor([[ 0.1408,  0.1117],
        [ 0.0652,  0.0311],
        [-0.1565, -0.0995],
        [-0.0950, -0.0285]], device='cuda:0')
6099 tensor([[ 0.1408,  0.1116],
        [ 0.0652,  0.0311],
        [-0.1564, -0.0994],
        [-0.0950, -0.0285]], device='cuda:0')
6100 tensor([[ 0.1407,  0.1116],
        [ 0.0652,  0.0311],
        [-0.1564, -0.0994],
        [-0.0950, -0.0285]], device='cuda:0')
6101 tensor([[ 0.1406,  0.1115],
        [ 0.0652,  0.0311],
        [-0.1563, -0.0993],
        [-0.0950, -0.0285]], device='cuda:0')
6102 tensor([[ 0.1405,  0.1115],
        [ 0.0652,  0.0310],
        [-0.1562, -0.0993],
        [-0.0950, -0.0284]], device='cuda:0')
6103 tensor([[ 0.1405,  0.1114],
        [ 0.0652,  0.0310],
        [-0.1561, -0.0992],
        [-0.0950, -0.0284]], device='cuda:0')
6104 tensor([[ 0.1404,  0.1114],
        [ 0.0652,  0.0310],
        [-0.1561, -0.0992],
        [-0.0950, -0.0284]], device='cuda:0')
6105 tensor([[ 0.1403,  0.1113],
        [ 0.0652,  0.0310],
        [-0.1560, -0.0991],
        [-0.0949, -0.0284]], device='cuda:0')
6106 tensor([[ 0.1403,  0.1113],
        [ 0.0652,  0.0310],
        [-0.1559, -0.0991],
        [-0.0949, -0.0284]], device='cuda:0')
6107 tensor([[ 0.1402,  0.1112],
        [ 0.0652,  0.0310],
        [-0.1559, -0.0990],
        [-0.0949, -0.0284]], device='cuda:0')
6108 tensor([[ 0.1401,  0.1112],
        [ 0.0652,  0.0310],
        [-0.1558, -0.0990],
        [-0.0949, -0.0284]], device='cuda:0')
6109 tensor([[ 0.1401,  0.1111],
        [ 0.0652,  0.0310],
        [-0.1557, -0.0989],
        [-0.0949, -0.0284]], device='cuda:0')
6110 tensor([[ 0.1400,  0.1111],
        [ 0.0651,  0.0310],
        [-0.1556, -0.0989],
        [-0.0949, -0.0284]], device='cuda:0')
6111 tensor([[ 0.1399,  0.1110],
        [ 0.0651,  0.0310],
        [-0.1556, -0.0988],
        [-0.0949, -0.0284]], device='cuda:0')
6112 tensor([[ 0.1399,  0.1110],
        [ 0.0651,  0.0309],
        [-0.1555, -0.0988],
        [-0.0949, -0.0284]], device='cuda:0')
6113 tensor([[ 0.1398,  0.1109],
        [ 0.0652,  0.0309],
        [-0.1554, -0.0988],
        [-0.0949, -0.0284]], device='cuda:0')
6114 tensor([[ 0.1398,  0.1109],
        [ 0.0652,  0.0309],
        [-0.1554, -0.0987],
        [-0.0949, -0.0284]], device='cuda:0')
6115 tensor([[ 0.1398,  0.1108],
        [ 0.0652,  0.0309],
        [-0.1554, -0.0987],
        [-0.0950, -0.0284]], device='cuda:0')
6116 tensor([[ 0.1398,  0.1108],
        [ 0.0653,  0.0309],
        [-0.1553, -0.0986],
        [-0.0950, -0.0284]], device='cuda:0')
6117 tensor([[ 0.1397,  0.1107],
        [ 0.0653,  0.0309],
        [-0.1553, -0.0986],
        [-0.0950, -0.0284]], device='cuda:0')
6118 tensor([[ 0.1397,  0.1107],
        [ 0.0653,  0.0309],
        [-0.1553, -0.0985],
        [-0.0950, -0.0283]], device='cuda:0')
6119 tensor([[ 0.1397,  0.1106],
        [ 0.0653,  0.0309],
        [-0.1552, -0.0985],
        [-0.0951, -0.0283]], device='cuda:0')
6120 tensor([[ 0.1396,  0.1106],
        [ 0.0654,  0.0309],
        [-0.1552, -0.0985],
        [-0.0951, -0.0283]], device='cuda:0')
6121 tensor([[ 0.1396,  0.1105],
        [ 0.0654,  0.0309],
        [-0.1552, -0.0984],
        [-0.0951, -0.0283]], device='cuda:0')
6122 tensor([[ 0.1396,  0.1105],
        [ 0.0654,  0.0309],
        [-0.1552, -0.0984],
        [-0.0952, -0.0283]], device='cuda:0')
6123 tensor([[ 0.1396,  0.1104],
        [ 0.0655,  0.0308],
        [-0.1551, -0.0983],
        [-0.0952, -0.0283]], device='cuda:0')
6124 tensor([[ 0.1395,  0.1104],
        [ 0.0655,  0.0308],
        [-0.1551, -0.0983],
        [-0.0952, -0.0283]], device='cuda:0')
6125 tensor([[ 0.1395,  0.1104],
        [ 0.0655,  0.0308],
        [-0.1551, -0.0982],
        [-0.0952, -0.0283]], device='cuda:0')
6126 tensor([[ 0.1395,  0.1103],
        [ 0.0656,  0.0308],
        [-0.1550, -0.0982],
        [-0.0953, -0.0283]], device='cuda:0')
6127 tensor([[ 0.1395,  0.1103],
        [ 0.0656,  0.0308],
        [-0.1550, -0.0982],
        [-0.0953, -0.0283]], device='cuda:0')
6128 tensor([[ 0.1395,  0.1102],
        [ 0.0656,  0.0308],
        [-0.1550, -0.0981],
        [-0.0953, -0.0283]], device='cuda:0')
6129 tensor([[ 0.1395,  0.1102],
        [ 0.0656,  0.0308],
        [-0.1550, -0.0981],
        [-0.0954, -0.0283]], device='cuda:0')
6130 tensor([[ 0.1395,  0.1101],
        [ 0.0657,  0.0308],
        [-0.1550, -0.0980],
        [-0.0954, -0.0283]], device='cuda:0')
6131 tensor([[ 0.1395,  0.1101],
        [ 0.0657,  0.0308],
        [-0.1550, -0.0980],
        [-0.0954, -0.0283]], device='cuda:0')
6132 tensor([[ 0.1395,  0.1100],
        [ 0.0657,  0.0308],
        [-0.1550, -0.0980],
        [-0.0954, -0.0283]], device='cuda:0')
6133 tensor([[ 0.1395,  0.1100],
        [ 0.0658,  0.0308],
        [-0.1550, -0.0979],
        [-0.0955, -0.0283]], device='cuda:0')
6134 tensor([[ 0.1395,  0.1099],
        [ 0.0658,  0.0307],
        [-0.1550, -0.0979],
        [-0.0955, -0.0283]], device='cuda:0')
6135 tensor([[ 0.1396,  0.1099],
        [ 0.0658,  0.0307],
        [-0.1550, -0.0978],
        [-0.0955, -0.0283]], device='cuda:0')
6136 tensor([[ 0.1396,  0.1099],
        [ 0.0658,  0.0307],
        [-0.1550, -0.0978],
        [-0.0955, -0.0282]], device='cuda:0')
6137 tensor([[ 0.1396,  0.1098],
        [ 0.0659,  0.0307],
        [-0.1551, -0.0978],
        [-0.0956, -0.0282]], device='cuda:0')
6138 tensor([[ 0.1396,  0.1098],
        [ 0.0659,  0.0307],
        [-0.1551, -0.0977],
        [-0.0956, -0.0282]], device='cuda:0')
6139 tensor([[ 0.1396,  0.1097],
        [ 0.0659,  0.0307],
        [-0.1551, -0.0977],
        [-0.0956, -0.0282]], device='cuda:0')
6140 tensor([[ 0.1396,  0.1097],
        [ 0.0659,  0.0307],
        [-0.1551, -0.0976],
        [-0.0956, -0.0282]], device='cuda:0')
6141 tensor([[ 0.1396,  0.1096],
        [ 0.0660,  0.0307],
        [-0.1551, -0.0976],
        [-0.0957, -0.0282]], device='cuda:0')
6142 tensor([[ 0.1396,  0.1096],
        [ 0.0660,  0.0307],
        [-0.1551, -0.0976],
        [-0.0957, -0.0282]], device='cuda:0')
6143 tensor([[ 0.1397,  0.1096],
        [ 0.0660,  0.0307],
        [-0.1551, -0.0975],
        [-0.0957, -0.0282]], device='cuda:0')
6144 tensor([[ 0.1397,  0.1095],
        [ 0.0660,  0.0307],
        [-0.1551, -0.0975],
        [-0.0957, -0.0282]], device='cuda:0')
6145 tensor([[ 0.1398,  0.1095],
        [ 0.0660,  0.0306],
        [-0.1552, -0.0975],
        [-0.0957, -0.0282]], device='cuda:0')
6146 tensor([[ 0.1398,  0.1094],
        [ 0.0660,  0.0306],
        [-0.1552, -0.0974],
        [-0.0956, -0.0282]], device='cuda:0')
6147 tensor([[ 0.1399,  0.1094],
        [ 0.0660,  0.0306],
        [-0.1553, -0.0974],
        [-0.0956, -0.0282]], device='cuda:0')
6148 tensor([[ 0.1399,  0.1093],
        [ 0.0660,  0.0306],
        [-0.1553, -0.0974],
        [-0.0956, -0.0282]], device='cuda:0')
6149 tensor([[ 0.1400,  0.1093],
        [ 0.0660,  0.0306],
        [-0.1554, -0.0973],
        [-0.0956, -0.0282]], device='cuda:0')
6150 tensor([[ 0.1400,  0.1093],
        [ 0.0660,  0.0306],
        [-0.1554, -0.0973],
        [-0.0956, -0.0282]], device='cuda:0')
6151 tensor([[ 0.1401,  0.1092],
        [ 0.0659,  0.0306],
        [-0.1554, -0.0972],
        [-0.0956, -0.0282]], device='cuda:0')
6152 tensor([[ 0.1401,  0.1092],
        [ 0.0659,  0.0306],
        [-0.1555, -0.0972],
        [-0.0956, -0.0282]], device='cuda:0')
6153 tensor([[ 0.1401,  0.1091],
        [ 0.0659,  0.0306],
        [-0.1555, -0.0972],
        [-0.0956, -0.0282]], device='cuda:0')
6154 tensor([[ 0.1402,  0.1091],
        [ 0.0659,  0.0306],
        [-0.1556, -0.0971],
        [-0.0955, -0.0282]], device='cuda:0')
6155 tensor([[ 0.1402,  0.1091],
        [ 0.0659,  0.0306],
        [-0.1556, -0.0971],
        [-0.0955, -0.0282]], device='cuda:0')
6156 tensor([[ 0.1403,  0.1090],
        [ 0.0659,  0.0306],
        [-0.1557, -0.0971],
        [-0.0955, -0.0281]], device='cuda:0')
6157 tensor([[ 0.1403,  0.1090],
        [ 0.0659,  0.0306],
        [-0.1557, -0.0970],
        [-0.0955, -0.0281]], device='cuda:0')
6158 tensor([[ 0.1404,  0.1089],
        [ 0.0659,  0.0305],
        [-0.1557, -0.0970],
        [-0.0955, -0.0281]], device='cuda:0')
6159 tensor([[ 0.1405,  0.1089],
        [ 0.0659,  0.0305],
        [-0.1558, -0.0970],
        [-0.0954, -0.0281]], device='cuda:0')
6160 tensor([[ 0.1406,  0.1089],
        [ 0.0658,  0.0305],
        [-0.1559, -0.0969],
        [-0.0954, -0.0281]], device='cuda:0')
6161 tensor([[ 0.1406,  0.1088],
        [ 0.0658,  0.0305],
        [-0.1560, -0.0969],
        [-0.0954, -0.0281]], device='cuda:0')
6162 tensor([[ 0.1407,  0.1088],
        [ 0.0657,  0.0305],
        [-0.1560, -0.0969],
        [-0.0953, -0.0281]], device='cuda:0')
6163 tensor([[ 0.1408,  0.1088],
        [ 0.0657,  0.0305],
        [-0.1561, -0.0968],
        [-0.0953, -0.0281]], device='cuda:0')
6164 tensor([[ 0.1409,  0.1087],
        [ 0.0657,  0.0305],
        [-0.1562, -0.0968],
        [-0.0952, -0.0281]], device='cuda:0')
6165 tensor([[ 0.1409,  0.1087],
        [ 0.0656,  0.0305],
        [-0.1563, -0.0968],
        [-0.0952, -0.0281]], device='cuda:0')
6166 tensor([[ 0.1410,  0.1086],
        [ 0.0656,  0.0305],
        [-0.1563, -0.0967],
        [-0.0951, -0.0281]], device='cuda:0')
6167 tensor([[ 0.1411,  0.1086],
        [ 0.0655,  0.0305],
        [-0.1564, -0.0967],
        [-0.0951, -0.0281]], device='cuda:0')
6168 tensor([[ 0.1412,  0.1086],
        [ 0.0655,  0.0305],
        [-0.1565, -0.0967],
        [-0.0951, -0.0281]], device='cuda:0')
6169 tensor([[ 0.1413,  0.1085],
        [ 0.0655,  0.0305],
        [-0.1566, -0.0966],
        [-0.0950, -0.0281]], device='cuda:0')
6170 tensor([[ 0.1413,  0.1085],
        [ 0.0654,  0.0305],
        [-0.1566, -0.0966],
        [-0.0950, -0.0281]], device='cuda:0')
6171 tensor([[ 0.1414,  0.1085],
        [ 0.0654,  0.0304],
        [-0.1567, -0.0966],
        [-0.0950, -0.0281]], device='cuda:0')
6172 tensor([[ 0.1415,  0.1084],
        [ 0.0653,  0.0304],
        [-0.1568, -0.0965],
        [-0.0949, -0.0281]], device='cuda:0')
6173 tensor([[ 0.1416,  0.1084],
        [ 0.0653,  0.0304],
        [-0.1569, -0.0965],
        [-0.0949, -0.0281]], device='cuda:0')
6174 tensor([[ 0.1416,  0.1083],
        [ 0.0653,  0.0304],
        [-0.1569, -0.0965],
        [-0.0948, -0.0281]], device='cuda:0')
6175 tensor([[ 0.1417,  0.1083],
        [ 0.0652,  0.0304],
        [-0.1570, -0.0964],
        [-0.0947, -0.0281]], device='cuda:0')
6176 tensor([[ 0.1418,  0.1083],
        [ 0.0652,  0.0304],
        [-0.1571, -0.0964],
        [-0.0947, -0.0281]], device='cuda:0')
6177 tensor([[ 0.1418,  0.1082],
        [ 0.0651,  0.0304],
        [-0.1571, -0.0964],
        [-0.0946, -0.0281]], device='cuda:0')
6178 tensor([[ 0.1419,  0.1082],
        [ 0.0651,  0.0304],
        [-0.1572, -0.0963],
        [-0.0945, -0.0281]], device='cuda:0')
6179 tensor([[ 0.1420,  0.1082],
        [ 0.0650,  0.0304],
        [-0.1573, -0.0963],
        [-0.0945, -0.0280]], device='cuda:0')
6180 tensor([[ 0.1421,  0.1081],
        [ 0.0649,  0.0304],
        [-0.1573, -0.0963],
        [-0.0944, -0.0280]], device='cuda:0')
6181 tensor([[ 0.1421,  0.1081],
        [ 0.0649,  0.0304],
        [-0.1574, -0.0963],
        [-0.0944, -0.0280]], device='cuda:0')
6182 tensor([[ 0.1422,  0.1081],
        [ 0.0648,  0.0304],
        [-0.1575, -0.0962],
        [-0.0943, -0.0280]], device='cuda:0')
6183 tensor([[ 0.1423,  0.1080],
        [ 0.0647,  0.0304],
        [-0.1575, -0.0962],
        [-0.0942, -0.0280]], device='cuda:0')
6184 tensor([[ 0.1423,  0.1080],
        [ 0.0647,  0.0304],
        [-0.1576, -0.0962],
        [-0.0942, -0.0280]], device='cuda:0')
6185 tensor([[ 0.1424,  0.1080],
        [ 0.0646,  0.0304],
        [-0.1577, -0.0961],
        [-0.0941, -0.0280]], device='cuda:0')
6186 tensor([[ 0.1425,  0.1079],
        [ 0.0646,  0.0303],
        [-0.1577, -0.0961],
        [-0.0941, -0.0280]], device='cuda:0')
6187 tensor([[ 0.1425,  0.1079],
        [ 0.0645,  0.0303],
        [-0.1578, -0.0961],
        [-0.0940, -0.0280]], device='cuda:0')
6188 tensor([[ 0.1426,  0.1079],
        [ 0.0644,  0.0303],
        [-0.1579, -0.0960],
        [-0.0940, -0.0280]], device='cuda:0')
6189 tensor([[ 0.1427,  0.1078],
        [ 0.0644,  0.0303],
        [-0.1580, -0.0960],
        [-0.0939, -0.0280]], device='cuda:0')
6190 tensor([[ 0.1427,  0.1078],
        [ 0.0643,  0.0303],
        [-0.1580, -0.0960],
        [-0.0939, -0.0279]], device='cuda:0')
6191 tensor([[ 0.1428,  0.1078],
        [ 0.0643,  0.0303],
        [-0.1581, -0.0959],
        [-0.0939, -0.0279]], device='cuda:0')
6192 tensor([[ 0.1429,  0.1078],
        [ 0.0642,  0.0303],
        [-0.1582, -0.0959],
        [-0.0938, -0.0279]], device='cuda:0')
6193 tensor([[ 0.1429,  0.1077],
        [ 0.0641,  0.0303],
        [-0.1582, -0.0959],
        [-0.0938, -0.0278]], device='cuda:0')
6194 tensor([[ 0.1430,  0.1077],
        [ 0.0641,  0.0303],
        [-0.1583, -0.0958],
        [-0.0937, -0.0278]], device='cuda:0')
6195 tensor([[ 0.1430,  0.1077],
        [ 0.0640,  0.0303],
        [-0.1584, -0.0958],
        [-0.0937, -0.0278]], device='cuda:0')
6196 tensor([[ 0.1431,  0.1077],
        [ 0.0640,  0.0302],
        [-0.1584, -0.0958],
        [-0.0936, -0.0277]], device='cuda:0')
6197 tensor([[ 0.1432,  0.1076],
        [ 0.0639,  0.0302],
        [-0.1585, -0.0957],
        [-0.0936, -0.0277]], device='cuda:0')
6198 tensor([[ 0.1432,  0.1076],
        [ 0.0638,  0.0302],
        [-0.1586, -0.0957],
        [-0.0935, -0.0277]], device='cuda:0')
6199 tensor([[ 0.1433,  0.1076],
        [ 0.0638,  0.0302],
        [-0.1586, -0.0957],
        [-0.0935, -0.0276]], device='cuda:0')
6200 tensor([[ 0.1433,  0.1076],
        [ 0.0637,  0.0301],
        [-0.1587, -0.0956],
        [-0.0934, -0.0276]], device='cuda:0')
6201 tensor([[ 0.1434,  0.1075],
        [ 0.0637,  0.0301],
        [-0.1588, -0.0956],
        [-0.0934, -0.0276]], device='cuda:0')
6202 tensor([[ 0.1434,  0.1075],
        [ 0.0636,  0.0301],
        [-0.1588, -0.0956],
        [-0.0933, -0.0276]], device='cuda:0')
6203 tensor([[ 0.1435,  0.1075],
        [ 0.0636,  0.0301],
        [-0.1589, -0.0955],
        [-0.0933, -0.0275]], device='cuda:0')
6204 tensor([[ 0.1436,  0.1075],
        [ 0.0635,  0.0301],
        [-0.1590, -0.0955],
        [-0.0933, -0.0275]], device='cuda:0')
6205 tensor([[ 0.1436,  0.1074],
        [ 0.0634,  0.0301],
        [-0.1590, -0.0955],
        [-0.0932, -0.0274]], device='cuda:0')
6206 tensor([[ 0.1437,  0.1074],
        [ 0.0634,  0.0300],
        [-0.1591, -0.0954],
        [-0.0932, -0.0273]], device='cuda:0')
6207 tensor([[ 0.1437,  0.1074],
        [ 0.0633,  0.0300],
        [-0.1592, -0.0954],
        [-0.0931, -0.0273]], device='cuda:0')
6208 tensor([[ 0.1438,  0.1074],
        [ 0.0633,  0.0299],
        [-0.1592, -0.0954],
        [-0.0931, -0.0272]], device='cuda:0')
6209 tensor([[ 0.1438,  0.1073],
        [ 0.0632,  0.0299],
        [-0.1593, -0.0953],
        [-0.0930, -0.0272]], device='cuda:0')
6210 tensor([[ 0.1439,  0.1073],
        [ 0.0632,  0.0299],
        [-0.1594, -0.0953],
        [-0.0930, -0.0271]], device='cuda:0')
6211 tensor([[ 0.1439,  0.1073],
        [ 0.0631,  0.0298],
        [-0.1594, -0.0953],
        [-0.0930, -0.0271]], device='cuda:0')
6212 tensor([[ 0.1440,  0.1073],
        [ 0.0630,  0.0298],
        [-0.1595, -0.0952],
        [-0.0929, -0.0270]], device='cuda:0')
6213 tensor([[ 0.1440,  0.1073],
        [ 0.0630,  0.0297],
        [-0.1596, -0.0952],
        [-0.0929, -0.0270]], device='cuda:0')
6214 tensor([[ 0.1441,  0.1072],
        [ 0.0629,  0.0297],
        [-0.1596, -0.0952],
        [-0.0928, -0.0269]], device='cuda:0')
6215 tensor([[ 0.1441,  0.1072],
        [ 0.0629,  0.0296],
        [-0.1597, -0.0952],
        [-0.0928, -0.0269]], device='cuda:0')
6216 tensor([[ 0.1442,  0.1072],
        [ 0.0628,  0.0296],
        [-0.1597, -0.0951],
        [-0.0928, -0.0268]], device='cuda:0')
6217 tensor([[ 0.1443,  0.1072],
        [ 0.0628,  0.0296],
        [-0.1598, -0.0951],
        [-0.0927, -0.0268]], device='cuda:0')
6218 tensor([[ 0.1443,  0.1071],
        [ 0.0627,  0.0295],
        [-0.1599, -0.0950],
        [-0.0927, -0.0267]], device='cuda:0')
6219 tensor([[ 0.1444,  0.1071],
        [ 0.0627,  0.0295],
        [-0.1599, -0.0950],
        [-0.0926, -0.0266]], device='cuda:0')
6220 tensor([[ 0.1444,  0.1070],
        [ 0.0626,  0.0294],
        [-0.1600, -0.0949],
        [-0.0926, -0.0266]], device='cuda:0')
6221 tensor([[ 0.1445,  0.1070],
        [ 0.0626,  0.0294],
        [-0.1600, -0.0948],
        [-0.0926, -0.0265]], device='cuda:0')
6222 tensor([[ 0.1445,  0.1069],
        [ 0.0625,  0.0293],
        [-0.1601, -0.0948],
        [-0.0925, -0.0264]], device='cuda:0')
6223 tensor([[ 0.1446,  0.1068],
        [ 0.0625,  0.0292],
        [-0.1602, -0.0947],
        [-0.0925, -0.0263]], device='cuda:0')
6224 tensor([[ 0.1446,  0.1068],
        [ 0.0624,  0.0292],
        [-0.1602, -0.0946],
        [-0.0924, -0.0262]], device='cuda:0')
6225 tensor([[ 0.1447,  0.1067],
        [ 0.0623,  0.0291],
        [-0.1603, -0.0946],
        [-0.0924, -0.0262]], device='cuda:0')
6226 tensor([[ 0.1447,  0.1067],
        [ 0.0623,  0.0290],
        [-0.1603, -0.0945],
        [-0.0924, -0.0261]], device='cuda:0')
6227 tensor([[ 0.1448,  0.1066],
        [ 0.0622,  0.0290],
        [-0.1604, -0.0944],
        [-0.0923, -0.0260]], device='cuda:0')
6228 tensor([[ 0.1448,  0.1066],
        [ 0.0622,  0.0289],
        [-0.1605, -0.0944],
        [-0.0923, -0.0259]], device='cuda:0')
6229 tensor([[ 0.1449,  0.1065],
        [ 0.0621,  0.0288],
        [-0.1605, -0.0943],
        [-0.0922, -0.0259]], device='cuda:0')
6230 tensor([[ 0.1449,  0.1064],
        [ 0.0621,  0.0288],
        [-0.1606, -0.0942],
        [-0.0922, -0.0258]], device='cuda:0')
6231 tensor([[ 0.1450,  0.1064],
        [ 0.0620,  0.0287],
        [-0.1606, -0.0942],
        [-0.0922, -0.0257]], device='cuda:0')
6232 tensor([[ 0.1450,  0.1063],
        [ 0.0620,  0.0286],
        [-0.1607, -0.0941],
        [-0.0921, -0.0256]], device='cuda:0')
6233 tensor([[ 0.1451,  0.1063],
        [ 0.0620,  0.0286],
        [-0.1607, -0.0941],
        [-0.0921, -0.0256]], device='cuda:0')
6234 tensor([[ 0.1451,  0.1062],
        [ 0.0619,  0.0285],
        [-0.1607, -0.0940],
        [-0.0920, -0.0255]], device='cuda:0')
6235 tensor([[ 0.1451,  0.1062],
        [ 0.0618,  0.0284],
        [-0.1607, -0.0940],
        [-0.0919, -0.0254]], device='cuda:0')
6236 tensor([[ 0.1451,  0.1061],
        [ 0.0617,  0.0284],
        [-0.1607, -0.0939],
        [-0.0918, -0.0254]], device='cuda:0')
6237 tensor([[ 0.1451,  0.1060],
        [ 0.0616,  0.0283],
        [-0.1608, -0.0938],
        [-0.0917, -0.0253]], device='cuda:0')
6238 tensor([[ 0.1451,  0.1060],
        [ 0.0616,  0.0282],
        [-0.1608, -0.0938],
        [-0.0917, -0.0252]], device='cuda:0')
6239 tensor([[ 0.1451,  0.1059],
        [ 0.0615,  0.0282],
        [-0.1608, -0.0937],
        [-0.0916, -0.0252]], device='cuda:0')
6240 tensor([[ 0.1452,  0.1059],
        [ 0.0614,  0.0281],
        [-0.1608, -0.0937],
        [-0.0915, -0.0251]], device='cuda:0')
6241 tensor([[ 0.1452,  0.1058],
        [ 0.0613,  0.0280],
        [-0.1608, -0.0936],
        [-0.0914, -0.0251]], device='cuda:0')
6242 tensor([[ 0.1452,  0.1057],
        [ 0.0612,  0.0280],
        [-0.1608, -0.0936],
        [-0.0914, -0.0250]], device='cuda:0')
6243 tensor([[ 0.1452,  0.1057],
        [ 0.0612,  0.0279],
        [-0.1608, -0.0935],
        [-0.0913, -0.0249]], device='cuda:0')
6244 tensor([[ 0.1452,  0.1056],
        [ 0.0611,  0.0278],
        [-0.1608, -0.0935],
        [-0.0912, -0.0249]], device='cuda:0')
6245 tensor([[ 0.1452,  0.1056],
        [ 0.0610,  0.0278],
        [-0.1608, -0.0934],
        [-0.0911, -0.0248]], device='cuda:0')
6246 tensor([[ 0.1452,  0.1055],
        [ 0.0609,  0.0277],
        [-0.1609, -0.0934],
        [-0.0911, -0.0247]], device='cuda:0')
6247 tensor([[ 0.1453,  0.1055],
        [ 0.0609,  0.0276],
        [-0.1609, -0.0933],
        [-0.0910, -0.0247]], device='cuda:0')
6248 tensor([[ 0.1453,  0.1054],
        [ 0.0608,  0.0276],
        [-0.1609, -0.0932],
        [-0.0909, -0.0246]], device='cuda:0')
6249 tensor([[ 0.1453,  0.1053],
        [ 0.0607,  0.0275],
        [-0.1609, -0.0931],
        [-0.0909, -0.0245]], device='cuda:0')
6250 tensor([[ 0.1453,  0.1052],
        [ 0.0607,  0.0274],
        [-0.1609, -0.0930],
        [-0.0908, -0.0244]], device='cuda:0')
6251 tensor([[ 0.1453,  0.1052],
        [ 0.0606,  0.0274],
        [-0.1609, -0.0929],
        [-0.0907, -0.0243]], device='cuda:0')
6252 tensor([[ 0.1453,  0.1051],
        [ 0.0605,  0.0273],
        [-0.1610, -0.0928],
        [-0.0907, -0.0242]], device='cuda:0')
6253 tensor([[ 0.1453,  0.1050],
        [ 0.0604,  0.0272],
        [-0.1610, -0.0928],
        [-0.0906, -0.0241]], device='cuda:0')
6254 tensor([[ 0.1453,  0.1049],
        [ 0.0603,  0.0271],
        [-0.1610, -0.0927],
        [-0.0905, -0.0240]], device='cuda:0')
6255 tensor([[ 0.1453,  0.1048],
        [ 0.0603,  0.0270],
        [-0.1610, -0.0926],
        [-0.0905, -0.0239]], device='cuda:0')
6256 tensor([[ 0.1454,  0.1047],
        [ 0.0602,  0.0269],
        [-0.1610, -0.0925],
        [-0.0904, -0.0238]], device='cuda:0')
6257 tensor([[ 0.1454,  0.1046],
        [ 0.0601,  0.0268],
        [-0.1611, -0.0924],
        [-0.0903, -0.0237]], device='cuda:0')
6258 tensor([[ 0.1454,  0.1046],
        [ 0.0601,  0.0267],
        [-0.1611, -0.0923],
        [-0.0903, -0.0236]], device='cuda:0')
6259 tensor([[ 0.1454,  0.1045],
        [ 0.0600,  0.0267],
        [-0.1611, -0.0922],
        [-0.0902, -0.0235]], device='cuda:0')
6260 tensor([[ 0.1454,  0.1044],
        [ 0.0599,  0.0266],
        [-0.1611, -0.0921],
        [-0.0902, -0.0234]], device='cuda:0')
6261 tensor([[ 0.1454,  0.1043],
        [ 0.0598,  0.0265],
        [-0.1611, -0.0920],
        [-0.0901, -0.0233]], device='cuda:0')
6262 tensor([[ 0.1454,  0.1042],
        [ 0.0598,  0.0264],
        [-0.1611, -0.0920],
        [-0.0900, -0.0233]], device='cuda:0')
6263 tensor([[ 0.1454,  0.1042],
        [ 0.0597,  0.0263],
        [-0.1612, -0.0918],
        [-0.0900, -0.0231]], device='cuda:0')
6264 tensor([[ 0.1454,  0.1040],
        [ 0.0596,  0.0262],
        [-0.1612, -0.0917],
        [-0.0899, -0.0230]], device='cuda:0')
6265 tensor([[ 0.1454,  0.1039],
        [ 0.0595,  0.0261],
        [-0.1612, -0.0916],
        [-0.0899, -0.0229]], device='cuda:0')
6266 tensor([[ 0.1454,  0.1038],
        [ 0.0595,  0.0260],
        [-0.1612, -0.0915],
        [-0.0898, -0.0228]], device='cuda:0')
6267 tensor([[ 0.1454,  0.1037],
        [ 0.0594,  0.0259],
        [-0.1612, -0.0913],
        [-0.0897, -0.0226]], device='cuda:0')
6268 tensor([[ 0.1455,  0.1036],
        [ 0.0593,  0.0257],
        [-0.1612, -0.0912],
        [-0.0897, -0.0225]], device='cuda:0')
6269 tensor([[ 0.1455,  0.1035],
        [ 0.0593,  0.0256],
        [-0.1613, -0.0911],
        [-0.0896, -0.0224]], device='cuda:0')
6270 tensor([[ 0.1455,  0.1033],
        [ 0.0592,  0.0255],
        [-0.1613, -0.0910],
        [-0.0896, -0.0223]], device='cuda:0')
6271 tensor([[ 0.1455,  0.1032],
        [ 0.0591,  0.0254],
        [-0.1613, -0.0909],
        [-0.0895, -0.0221]], device='cuda:0')
6272 tensor([[ 0.1455,  0.1031],
        [ 0.0591,  0.0253],
        [-0.1613, -0.0907],
        [-0.0894, -0.0220]], device='cuda:0')
6273 tensor([[ 0.1455,  0.1030],
        [ 0.0590,  0.0252],
        [-0.1613, -0.0906],
        [-0.0894, -0.0219]], device='cuda:0')
6274 tensor([[ 0.1455,  0.1029],
        [ 0.0589,  0.0251],
        [-0.1613, -0.0905],
        [-0.0893, -0.0218]], device='cuda:0')
6275 tensor([[ 0.1455,  0.1028],
        [ 0.0589,  0.0249],
        [-0.1613, -0.0904],
        [-0.0893, -0.0217]], device='cuda:0')
6276 tensor([[ 0.1455,  0.1027],
        [ 0.0588,  0.0248],
        [-0.1614, -0.0903],
        [-0.0892, -0.0215]], device='cuda:0')
6277 tensor([[ 0.1455,  0.1026],
        [ 0.0587,  0.0247],
        [-0.1614, -0.0902],
        [-0.0892, -0.0214]], device='cuda:0')
6278 tensor([[ 0.1455,  0.1025],
        [ 0.0587,  0.0246],
        [-0.1613, -0.0901],
        [-0.0891, -0.0213]], device='cuda:0')
6279 tensor([[ 0.1455,  0.1024],
        [ 0.0586,  0.0245],
        [-0.1613, -0.0900],
        [-0.0890, -0.0212]], device='cuda:0')
6280 tensor([[ 0.1455,  0.1022],
        [ 0.0585,  0.0244],
        [-0.1613, -0.0898],
        [-0.0890, -0.0211]], device='cuda:0')
6281 tensor([[ 0.1455,  0.1021],
        [ 0.0585,  0.0243],
        [-0.1613, -0.0897],
        [-0.0889, -0.0210]], device='cuda:0')
6282 tensor([[ 0.1454,  0.1020],
        [ 0.0584,  0.0242],
        [-0.1612, -0.0896],
        [-0.0889, -0.0209]], device='cuda:0')
6283 tensor([[ 0.1454,  0.1019],
        [ 0.0584,  0.0240],
        [-0.1612, -0.0895],
        [-0.0888, -0.0208]], device='cuda:0')
6284 tensor([[ 0.1454,  0.1018],
        [ 0.0583,  0.0239],
        [-0.1612, -0.0894],
        [-0.0887, -0.0206]], device='cuda:0')
6285 tensor([[ 0.1454,  0.1017],
        [ 0.0583,  0.0238],
        [-0.1612, -0.0893],
        [-0.0887, -0.0205]], device='cuda:0')
6286 tensor([[ 0.1454,  0.1016],
        [ 0.0582,  0.0237],
        [-0.1611, -0.0892],
        [-0.0886, -0.0204]], device='cuda:0')
6287 tensor([[ 0.1453,  0.1015],
        [ 0.0581,  0.0236],
        [-0.1611, -0.0891],
        [-0.0886, -0.0203]], device='cuda:0')
6288 tensor([[ 0.1453,  0.1014],
        [ 0.0581,  0.0235],
        [-0.1611, -0.0890],
        [-0.0885, -0.0202]], device='cuda:0')
6289 tensor([[ 0.1453,  0.1013],
        [ 0.0580,  0.0234],
        [-0.1611, -0.0889],
        [-0.0885, -0.0201]], device='cuda:0')
6290 tensor([[ 0.1453,  0.1012],
        [ 0.0580,  0.0233],
        [-0.1610, -0.0888],
        [-0.0884, -0.0200]], device='cuda:0')
6291 tensor([[ 0.1452,  0.1010],
        [ 0.0579,  0.0232],
        [-0.1610, -0.0887],
        [-0.0883, -0.0199]], device='cuda:0')
6292 tensor([[ 0.1452,  0.1009],
        [ 0.0579,  0.0231],
        [-0.1610, -0.0886],
        [-0.0883, -0.0198]], device='cuda:0')
6293 tensor([[ 0.1452,  0.1008],
        [ 0.0578,  0.0230],
        [-0.1609, -0.0885],
        [-0.0882, -0.0197]], device='cuda:0')
6294 tensor([[ 0.1451,  0.1007],
        [ 0.0577,  0.0228],
        [-0.1609, -0.0884],
        [-0.0881, -0.0196]], device='cuda:0')
6295 tensor([[ 0.1451,  0.1006],
        [ 0.0576,  0.0227],
        [-0.1608, -0.0883],
        [-0.0880, -0.0195]], device='cuda:0')
6296 tensor([[ 0.1450,  0.1005],
        [ 0.0575,  0.0226],
        [-0.1607, -0.0882],
        [-0.0879, -0.0194]], device='cuda:0')
6297 tensor([[ 0.1450,  0.1004],
        [ 0.0575,  0.0225],
        [-0.1607, -0.0881],
        [-0.0878, -0.0193]], device='cuda:0')
6298 tensor([[ 0.1449,  0.1003],
        [ 0.0574,  0.0224],
        [-0.1606, -0.0880],
        [-0.0877, -0.0192]], device='cuda:0')
6299 tensor([[ 0.1449,  0.1002],
        [ 0.0573,  0.0223],
        [-0.1605, -0.0879],
        [-0.0876, -0.0191]], device='cuda:0')
6300 tensor([[ 0.1448,  0.1001],
        [ 0.0572,  0.0222],
        [-0.1605, -0.0878],
        [-0.0876, -0.0190]], device='cuda:0')
6301 tensor([[ 0.1447,  0.1000],
        [ 0.0571,  0.0221],
        [-0.1604, -0.0877],
        [-0.0875, -0.0189]], device='cuda:0')
6302 tensor([[ 0.1447,  0.0999],
        [ 0.0570,  0.0220],
        [-0.1604, -0.0877],
        [-0.0874, -0.0188]], device='cuda:0')
6303 tensor([[ 0.1446,  0.0998],
        [ 0.0569,  0.0219],
        [-0.1603, -0.0876],
        [-0.0873, -0.0187]], device='cuda:0')
6304 tensor([[ 0.1446,  0.0997],
        [ 0.0568,  0.0218],
        [-0.1602, -0.0875],
        [-0.0872, -0.0186]], device='cuda:0')
6305 tensor([[ 0.1445,  0.0996],
        [ 0.0568,  0.0217],
        [-0.1602, -0.0874],
        [-0.0871, -0.0185]], device='cuda:0')
6306 tensor([[ 0.1445,  0.0995],
        [ 0.0567,  0.0216],
        [-0.1601, -0.0873],
        [-0.0870, -0.0184]], device='cuda:0')
6307 tensor([[ 0.1444,  0.0994],
        [ 0.0566,  0.0215],
        [-0.1601, -0.0872],
        [-0.0869, -0.0183]], device='cuda:0')
6308 tensor([[ 0.1444,  0.0993],
        [ 0.0565,  0.0214],
        [-0.1600, -0.0871],
        [-0.0868, -0.0182]], device='cuda:0')
6309 tensor([[ 0.1443,  0.0992],
        [ 0.0564,  0.0213],
        [-0.1599, -0.0870],
        [-0.0867, -0.0181]], device='cuda:0')
6310 tensor([[ 0.1442,  0.0991],
        [ 0.0563,  0.0212],
        [-0.1598, -0.0869],
        [-0.0866, -0.0180]], device='cuda:0')
6311 tensor([[ 0.1441,  0.0990],
        [ 0.0562,  0.0211],
        [-0.1597, -0.0868],
        [-0.0865, -0.0180]], device='cuda:0')
6312 tensor([[ 0.1440,  0.0989],
        [ 0.0561,  0.0210],
        [-0.1596, -0.0867],
        [-0.0864, -0.0179]], device='cuda:0')
6313 tensor([[ 0.1439,  0.0989],
        [ 0.0560,  0.0209],
        [-0.1595, -0.0867],
        [-0.0863, -0.0178]], device='cuda:0')
6314 tensor([[ 0.1438,  0.0988],
        [ 0.0559,  0.0208],
        [-0.1594, -0.0866],
        [-0.0861, -0.0177]], device='cuda:0')
6315 tensor([[ 0.1437,  0.0987],
        [ 0.0557,  0.0207],
        [-0.1593, -0.0865],
        [-0.0860, -0.0176]], device='cuda:0')
6316 tensor([[ 0.1437,  0.0986],
        [ 0.0556,  0.0206],
        [-0.1592, -0.0864],
        [-0.0859, -0.0175]], device='cuda:0')
6317 tensor([[ 0.1436,  0.0985],
        [ 0.0555,  0.0206],
        [-0.1591, -0.0863],
        [-0.0858, -0.0174]], device='cuda:0')
6318 tensor([[ 0.1435,  0.0984],
        [ 0.0554,  0.0205],
        [-0.1591, -0.0862],
        [-0.0857, -0.0173]], device='cuda:0')
6319 tensor([[ 0.1434,  0.0983],
        [ 0.0553,  0.0204],
        [-0.1590, -0.0861],
        [-0.0856, -0.0172]], device='cuda:0')
6320 tensor([[ 0.1433,  0.0982],
        [ 0.0552,  0.0203],
        [-0.1589, -0.0861],
        [-0.0855, -0.0171]], device='cuda:0')
6321 tensor([[ 0.1432,  0.0981],
        [ 0.0551,  0.0202],
        [-0.1588, -0.0860],
        [-0.0854, -0.0171]], device='cuda:0')
6322 tensor([[ 0.1431,  0.0980],
        [ 0.0550,  0.0201],
        [-0.1587, -0.0859],
        [-0.0853, -0.0170]], device='cuda:0')
6323 tensor([[ 0.1431,  0.0979],
        [ 0.0549,  0.0200],
        [-0.1586, -0.0858],
        [-0.0851, -0.0169]], device='cuda:0')
6324 tensor([[ 0.1429,  0.0979],
        [ 0.0548,  0.0199],
        [-0.1585, -0.0857],
        [-0.0850, -0.0168]], device='cuda:0')
6325 tensor([[ 0.1428,  0.0978],
        [ 0.0547,  0.0198],
        [-0.1583, -0.0856],
        [-0.0849, -0.0167]], device='cuda:0')
6326 tensor([[ 0.1427,  0.0977],
        [ 0.0546,  0.0197],
        [-0.1582, -0.0856],
        [-0.0848, -0.0166]], device='cuda:0')
6327 tensor([[ 0.1426,  0.0976],
        [ 0.0544,  0.0196],
        [-0.1581, -0.0855],
        [-0.0846, -0.0165]], device='cuda:0')
6328 tensor([[ 0.1425,  0.0975],
        [ 0.0543,  0.0196],
        [-0.1580, -0.0854],
        [-0.0845, -0.0165]], device='cuda:0')
6329 tensor([[ 0.1424,  0.0974],
        [ 0.0542,  0.0195],
        [-0.1578, -0.0853],
        [-0.0844, -0.0164]], device='cuda:0')
6330 tensor([[ 0.1422,  0.0973],
        [ 0.0540,  0.0194],
        [-0.1577, -0.0852],
        [-0.0842, -0.0163]], device='cuda:0')
6331 tensor([[ 0.1421,  0.0972],
        [ 0.0539,  0.0193],
        [-0.1576, -0.0852],
        [-0.0841, -0.0162]], device='cuda:0')
6332 tensor([[ 0.1420,  0.0972],
        [ 0.0538,  0.0192],
        [-0.1575, -0.0851],
        [-0.0840, -0.0161]], device='cuda:0')
6333 tensor([[ 0.1419,  0.0971],
        [ 0.0537,  0.0191],
        [-0.1574, -0.0850],
        [-0.0839, -0.0160]], device='cuda:0')
6334 tensor([[ 0.1418,  0.0970],
        [ 0.0535,  0.0190],
        [-0.1573, -0.0849],
        [-0.0837, -0.0160]], device='cuda:0')
6335 tensor([[ 0.1417,  0.0969],
        [ 0.0534,  0.0190],
        [-0.1571, -0.0848],
        [-0.0836, -0.0159]], device='cuda:0')
6336 tensor([[ 0.1416,  0.0968],
        [ 0.0533,  0.0189],
        [-0.1570, -0.0848],
        [-0.0835, -0.0158]], device='cuda:0')
6337 tensor([[ 0.1414,  0.0967],
        [ 0.0532,  0.0188],
        [-0.1569, -0.0847],
        [-0.0834, -0.0157]], device='cuda:0')
6338 tensor([[ 0.1413,  0.0967],
        [ 0.0531,  0.0187],
        [-0.1568, -0.0846],
        [-0.0833, -0.0156]], device='cuda:0')
6339 tensor([[ 0.1412,  0.0966],
        [ 0.0529,  0.0186],
        [-0.1566, -0.0845],
        [-0.0831, -0.0156]], device='cuda:0')
6340 tensor([[ 0.1411,  0.0965],
        [ 0.0528,  0.0185],
        [-0.1565, -0.0845],
        [-0.0830, -0.0155]], device='cuda:0')
6341 tensor([[ 0.1410,  0.0964],
        [ 0.0527,  0.0185],
        [-0.1563, -0.0844],
        [-0.0828, -0.0154]], device='cuda:0')
6342 tensor([[ 0.1408,  0.0963],
        [ 0.0526,  0.0184],
        [-0.1562, -0.0843],
        [-0.0827, -0.0153]], device='cuda:0')
6343 tensor([[ 0.1407,  0.0963],
        [ 0.0524,  0.0183],
        [-0.1561, -0.0842],
        [-0.0826, -0.0153]], device='cuda:0')
6344 tensor([[ 0.1405,  0.0962],
        [ 0.0523,  0.0182],
        [-0.1559, -0.0842],
        [-0.0824, -0.0152]], device='cuda:0')
6345 tensor([[ 0.1404,  0.0961],
        [ 0.0522,  0.0181],
        [-0.1558, -0.0841],
        [-0.0823, -0.0151]], device='cuda:0')
6346 tensor([[ 0.1403,  0.0960],
        [ 0.0520,  0.0181],
        [-0.1556, -0.0840],
        [-0.0822, -0.0150]], device='cuda:0')
6347 tensor([[ 0.1401,  0.0959],
        [ 0.0519,  0.0180],
        [-0.1555, -0.0839],
        [-0.0820, -0.0149]], device='cuda:0')
6348 tensor([[ 0.1400,  0.0959],
        [ 0.0518,  0.0179],
        [-0.1554, -0.0839],
        [-0.0819, -0.0149]], device='cuda:0')
6349 tensor([[ 0.1399,  0.0958],
        [ 0.0516,  0.0178],
        [-0.1552, -0.0838],
        [-0.0818, -0.0148]], device='cuda:0')
6350 tensor([[ 0.1397,  0.0957],
        [ 0.0515,  0.0177],
        [-0.1551, -0.0837],
        [-0.0817, -0.0147]], device='cuda:0')
6351 tensor([[ 0.1396,  0.0956],
        [ 0.0514,  0.0177],
        [-0.1550, -0.0837],
        [-0.0815, -0.0146]], device='cuda:0')
6352 tensor([[ 0.1395,  0.0956],
        [ 0.0512,  0.0176],
        [-0.1548, -0.0836],
        [-0.0814, -0.0146]], device='cuda:0')
6353 tensor([[ 0.1393,  0.0955],
        [ 0.0511,  0.0175],
        [-0.1547, -0.0835],
        [-0.0813, -0.0145]], device='cuda:0')
6354 tensor([[ 0.1392,  0.0954],
        [ 0.0510,  0.0175],
        [-0.1546, -0.0834],
        [-0.0812, -0.0144]], device='cuda:0')
6355 tensor([[ 0.1391,  0.0953],
        [ 0.0508,  0.0174],
        [-0.1545, -0.0833],
        [-0.0811, -0.0143]], device='cuda:0')
6356 tensor([[ 0.1389,  0.0952],
        [ 0.0507,  0.0173],
        [-0.1543, -0.0832],
        [-0.0810, -0.0142]], device='cuda:0')
6357 tensor([[ 0.1388,  0.0951],
        [ 0.0506,  0.0173],
        [-0.1542, -0.0831],
        [-0.0808, -0.0141]], device='cuda:0')
6358 tensor([[ 0.1387,  0.0950],
        [ 0.0505,  0.0172],
        [-0.1541, -0.0829],
        [-0.0807, -0.0140]], device='cuda:0')
6359 tensor([[ 0.1385,  0.0949],
        [ 0.0503,  0.0171],
        [-0.1540, -0.0828],
        [-0.0806, -0.0139]], device='cuda:0')
6360 tensor([[ 0.1384,  0.0948],
        [ 0.0502,  0.0170],
        [-0.1538, -0.0827],
        [-0.0805, -0.0138]], device='cuda:0')
6361 tensor([[ 0.1383,  0.0947],
        [ 0.0501,  0.0169],
        [-0.1537, -0.0826],
        [-0.0804, -0.0137]], device='cuda:0')
6362 tensor([[ 0.1381,  0.0946],
        [ 0.0499,  0.0168],
        [-0.1536, -0.0825],
        [-0.0803, -0.0136]], device='cuda:0')
6363 tensor([[ 0.1380,  0.0945],
        [ 0.0498,  0.0167],
        [-0.1535, -0.0824],
        [-0.0802, -0.0135]], device='cuda:0')
6364 tensor([[ 0.1379,  0.0945],
        [ 0.0497,  0.0167],
        [-0.1534, -0.0823],
        [-0.0801, -0.0135]], device='cuda:0')
6365 tensor([[ 0.1378,  0.0944],
        [ 0.0496,  0.0166],
        [-0.1533, -0.0822],
        [-0.0800, -0.0134]], device='cuda:0')
6366 tensor([[ 0.1376,  0.0943],
        [ 0.0494,  0.0165],
        [-0.1531, -0.0821],
        [-0.0798, -0.0133]], device='cuda:0')
6367 tensor([[ 0.1375,  0.0942],
        [ 0.0493,  0.0164],
        [-0.1530, -0.0820],
        [-0.0797, -0.0132]], device='cuda:0')
6368 tensor([[ 0.1374,  0.0941],
        [ 0.0492,  0.0163],
        [-0.1529, -0.0819],
        [-0.0796, -0.0131]], device='cuda:0')
6369 tensor([[ 0.1373,  0.0940],
        [ 0.0491,  0.0163],
        [-0.1528, -0.0818],
        [-0.0795, -0.0130]], device='cuda:0')
6370 tensor([[ 0.1371,  0.0939],
        [ 0.0490,  0.0162],
        [-0.1527, -0.0817],
        [-0.0794, -0.0129]], device='cuda:0')
6371 tensor([[ 0.1370,  0.0938],
        [ 0.0488,  0.0161],
        [-0.1526, -0.0816],
        [-0.0793, -0.0128]], device='cuda:0')
6372 tensor([[ 0.1369,  0.0937],
        [ 0.0487,  0.0161],
        [-0.1525, -0.0814],
        [-0.0792, -0.0127]], device='cuda:0')
6373 tensor([[ 0.1368,  0.0936],
        [ 0.0486,  0.0160],
        [-0.1523, -0.0813],
        [-0.0791, -0.0126]], device='cuda:0')
6374 tensor([[ 0.1366,  0.0935],
        [ 0.0485,  0.0159],
        [-0.1522, -0.0812],
        [-0.0790, -0.0125]], device='cuda:0')
6375 tensor([[ 0.1365,  0.0933],
        [ 0.0484,  0.0158],
        [-0.1521, -0.0811],
        [-0.0789, -0.0124]], device='cuda:0')
6376 tensor([[ 0.1364,  0.0932],
        [ 0.0482,  0.0157],
        [-0.1520, -0.0809],
        [-0.0788, -0.0123]], device='cuda:0')
6377 tensor([[ 0.1363,  0.0931],
        [ 0.0481,  0.0156],
        [-0.1519, -0.0808],
        [-0.0787, -0.0122]], device='cuda:0')
6378 tensor([[ 0.1362,  0.0930],
        [ 0.0480,  0.0155],
        [-0.1518, -0.0807],
        [-0.0786, -0.0121]], device='cuda:0')
6379 tensor([[ 0.1361,  0.0929],
        [ 0.0479,  0.0154],
        [-0.1517, -0.0806],
        [-0.0785, -0.0120]], device='cuda:0')
6380 tensor([[ 0.1359,  0.0928],
        [ 0.0478,  0.0153],
        [-0.1516, -0.0805],
        [-0.0784, -0.0119]], device='cuda:0')
6381 tensor([[ 0.1358,  0.0927],
        [ 0.0477,  0.0153],
        [-0.1515, -0.0804],
        [-0.0783, -0.0118]], device='cuda:0')
6382 tensor([[ 0.1357,  0.0926],
        [ 0.0475,  0.0152],
        [-0.1514, -0.0803],
        [-0.0782, -0.0117]], device='cuda:0')
6383 tensor([[ 0.1356,  0.0925],
        [ 0.0474,  0.0151],
        [-0.1513, -0.0801],
        [-0.0781, -0.0116]], device='cuda:0')
6384 tensor([[ 0.1355,  0.0924],
        [ 0.0473,  0.0150],
        [-0.1512, -0.0800],
        [-0.0780, -0.0115]], device='cuda:0')
6385 tensor([[ 0.1354,  0.0923],
        [ 0.0472,  0.0149],
        [-0.1510, -0.0799],
        [-0.0779, -0.0114]], device='cuda:0')
6386 tensor([[ 0.1352,  0.0921],
        [ 0.0471,  0.0149],
        [-0.1509, -0.0797],
        [-0.0778, -0.0113]], device='cuda:0')
6387 tensor([[ 0.1351,  0.0920],
        [ 0.0470,  0.0148],
        [-0.1508, -0.0796],
        [-0.0777, -0.0112]], device='cuda:0')
6388 tensor([[ 0.1350,  0.0919],
        [ 0.0469,  0.0147],
        [-0.1507, -0.0794],
        [-0.0776, -0.0111]], device='cuda:0')
6389 tensor([[ 0.1349,  0.0917],
        [ 0.0468,  0.0146],
        [-0.1506, -0.0793],
        [-0.0775, -0.0110]], device='cuda:0')
6390 tensor([[ 0.1348,  0.0916],
        [ 0.0467,  0.0145],
        [-0.1505, -0.0792],
        [-0.0774, -0.0108]], device='cuda:0')
6391 tensor([[ 0.1347,  0.0915],
        [ 0.0465,  0.0144],
        [-0.1504, -0.0790],
        [-0.0773, -0.0107]], device='cuda:0')
6392 tensor([[ 0.1346,  0.0914],
        [ 0.0464,  0.0143],
        [-0.1503, -0.0789],
        [-0.0772, -0.0106]], device='cuda:0')
6393 tensor([[ 0.1345,  0.0912],
        [ 0.0463,  0.0142],
        [-0.1502, -0.0788],
        [-0.0771, -0.0105]], device='cuda:0')
6394 tensor([[ 0.1344,  0.0911],
        [ 0.0462,  0.0141],
        [-0.1501, -0.0786],
        [-0.0770, -0.0104]], device='cuda:0')
6395 tensor([[ 0.1343,  0.0910],
        [ 0.0461,  0.0140],
        [-0.1500, -0.0785],
        [-0.0770, -0.0103]], device='cuda:0')
6396 tensor([[ 0.1341,  0.0909],
        [ 0.0460,  0.0139],
        [-0.1499, -0.0784],
        [-0.0769, -0.0102]], device='cuda:0')
6397 tensor([[ 0.1340,  0.0907],
        [ 0.0459,  0.0138],
        [-0.1498, -0.0783],
        [-0.0768, -0.0101]], device='cuda:0')
6398 tensor([[ 0.1339,  0.0906],
        [ 0.0458,  0.0137],
        [-0.1497, -0.0781],
        [-0.0767, -0.0100]], device='cuda:0')
6399 tensor([[ 0.1338,  0.0905],
        [ 0.0457,  0.0136],
        [-0.1496, -0.0780],
        [-0.0766, -0.0099]], device='cuda:0')
6400 tensor([[ 0.1337,  0.0904],
        [ 0.0456,  0.0135],
        [-0.1496, -0.0778],
        [-0.0765, -0.0097]], device='cuda:0')
6401 tensor([[ 0.1336,  0.0903],
        [ 0.0455,  0.0134],
        [-0.1495, -0.0777],
        [-0.0764, -0.0096]], device='cuda:0')
6402 tensor([[ 0.1335,  0.0901],
        [ 0.0454,  0.0133],
        [-0.1494, -0.0775],
        [-0.0763, -0.0095]], device='cuda:0')
6403 tensor([[ 0.1334,  0.0900],
        [ 0.0453,  0.0132],
        [-0.1493, -0.0774],
        [-0.0762, -0.0094]], device='cuda:0')
6404 tensor([[ 0.1333,  0.0898],
        [ 0.0452,  0.0131],
        [-0.1492, -0.0772],
        [-0.0761, -0.0092]], device='cuda:0')
6405 tensor([[ 0.1332,  0.0897],
        [ 0.0451,  0.0129],
        [-0.1491, -0.0771],
        [-0.0761, -0.0091]], device='cuda:0')
6406 tensor([[ 0.1331,  0.0895],
        [ 0.0450,  0.0128],
        [-0.1490, -0.0769],
        [-0.0760, -0.0090]], device='cuda:0')
6407 tensor([[ 0.1330,  0.0894],
        [ 0.0449,  0.0127],
        [-0.1489, -0.0768],
        [-0.0759, -0.0089]], device='cuda:0')
6408 tensor([[ 0.1329,  0.0893],
        [ 0.0448,  0.0126],
        [-0.1488, -0.0767],
        [-0.0758, -0.0087]], device='cuda:0')
6409 tensor([[ 0.1328,  0.0891],
        [ 0.0447,  0.0125],
        [-0.1487, -0.0765],
        [-0.0757, -0.0086]], device='cuda:0')
6410 tensor([[ 0.1327,  0.0890],
        [ 0.0446,  0.0124],
        [-0.1486, -0.0764],
        [-0.0756, -0.0085]], device='cuda:0')
6411 tensor([[ 0.1326,  0.0889],
        [ 0.0445,  0.0123],
        [-0.1485, -0.0763],
        [-0.0755, -0.0084]], device='cuda:0')
6412 tensor([[ 0.1325,  0.0887],
        [ 0.0444,  0.0122],
        [-0.1484, -0.0761],
        [-0.0755, -0.0083]], device='cuda:0')
6413 tensor([[ 0.1324,  0.0886],
        [ 0.0443,  0.0121],
        [-0.1484, -0.0760],
        [-0.0754, -0.0081]], device='cuda:0')
6414 tensor([[ 0.1323,  0.0885],
        [ 0.0442,  0.0120],
        [-0.1483, -0.0758],
        [-0.0753, -0.0080]], device='cuda:0')
6415 tensor([[ 0.1322,  0.0883],
        [ 0.0441,  0.0118],
        [-0.1482, -0.0757],
        [-0.0752, -0.0078]], device='cuda:0')
6416 tensor([[ 0.1321,  0.0882],
        [ 0.0440,  0.0117],
        [-0.1481, -0.0755],
        [-0.0751, -0.0077]], device='cuda:0')
6417 tensor([[ 0.1320,  0.0881],
        [ 0.0439,  0.0116],
        [-0.1480, -0.0753],
        [-0.0750, -0.0075]], device='cuda:0')
6418 tensor([[ 0.1319,  0.0879],
        [ 0.0438,  0.0114],
        [-0.1479, -0.0752],
        [-0.0750, -0.0074]], device='cuda:0')
6419 tensor([[ 0.1318,  0.0878],
        [ 0.0437,  0.0113],
        [-0.1478, -0.0750],
        [-0.0749, -0.0073]], device='cuda:0')
