231892 0
231892 1
231892 2
231892 3
231892 5
231906 1
231907 0
231907 2
231907 4
231907 5
231908 3
231920 1
231921 4
231922 0
231922 2
231922 4
231924 3
231936 1
231937 0
231937 2
231937 4
231937 5
231938 3
231950 1
231951 4
231952 0
231952 2
231952 4
231954 3
231966 1
231967 0
231967 2
231967 4
231967 5
231968 3
231980 1
231981 4
231982 0
231982 2
231982 4
231984 3
231996 0
231996 1
231997 4
231998 2
231998 3
232011 0
232012 1
232012 3
232012 5
232013 2
232026 0
232026 1
232027 4
232028 2
232028 3
232041 0
232042 1
232042 3
232042 5
232043 2
232056 0
232056 1
232057 4
232058 2
232058 3
232071 0
232072 1
232072 3
232072 5
232073 2
232086 0
232086 1
232087 4
232088 2
232088 3
232101 0
232102 1
232102 3
232102 4
232103 2
232116 0
232116 3
232117 5
232118 1
232118 2
232131 0
232132 1
232132 3
232132 4
232133 2
232146 0
232146 3
232147 4
232148 1
232148 2
232160 3
232161 0
232162 5
232163 2
232164 1
232176 0
232177 1
232177 3
232177 4
232178 2
232191 0
232191 3
232192 5
232193 1
232193 2
232206 0
232207 1
232207 3
232207 4
232208 2
232221 0
232221 3
232222 5
232223 1
232223 2
232237 0
232237 1
232237 2
232237 3
232237 4
232251 3
232252 0
232252 2
232252 5
232253 1
232267 0
232267 1
232267 2
232267 3
232267 4
232281 3
232282 0
232282 2
232282 4
232283 1
232295 3
232297 0
232297 2
232297 5
232299 1
232311 3
232312 0
232312 2
232312 5
232313 1
232327 0
232327 1
232327 2
232327 3
232327 4
232341 3
232342 0
232342 2
232342 5
232343 1
232357 0
232357 1
232357 2
232357 3
232357 4
232371 3
232372 0
232372 2
232372 5
232373 1
232386 2
232387 1
232387 3
232387 4
232388 0
232401 2
232401 3
232402 5
232403 0
232403 1
232416 2
232417 1
232417 3
232417 4
232418 0
232431 2
232431 3
232432 5
232433 0
232433 1
232446 2
232446 3
232447 5
232448 0
232448 1
232461 2
232462 1
232462 3
232462 4
232463 0
232476 2
232476 3
232477 5
232478 0
232478 1
232491 2
232492 1
232492 3
232492 4
232493 0
232506 2
232506 3
232507 5
232508 0
232508 1
232521 2
232522 1
232522 3
232522 5
232523 0
232536 1
232536 2
232537 4
232538 0
232538 3
232551 2
232552 1
232552 3
232552 5
232553 0
232566 1
232566 2
232567 4
232568 0
232568 3
232581 2
232582 1
232582 3
232582 5
232583 0
232596 1
232596 2
232597 5
232598 0
232598 3
232610 1
232611 2
232611 4
232612 4
232613 0
232614 3
232626 1
232626 2
232627 5
232628 0
232628 3
232640 1
232641 4
232642 0
232642 2
232642 4
232644 3
232656 1
232657 0
232657 2
232657 4
232657 5
232658 3
232670 1
232671 4
232672 0
232672 2
232672 4
232674 3
232686 1
232687 0
232687 2
232687 4
232687 5
232688 3
232700 1
232701 4
232702 0
232702 2
232702 4
232704 3
232716 1
232717 0
232717 2
232717 4
232717 5
232718 3
232730 1
232731 4
232732 0
232732 2
232732 4
232734 3
232746 1
232747 0
232747 2
232747 4
232747 5
232748 3
232760 1
232761 0
232761 4
232762 4
232763 2
232764 3
232776 0
232776 1
232777 4
232777 5
232778 2
232778 3
232790 1
232791 0
232791 4
232792 4
232793 2
232794 3
232806 0
232806 1
232807 4
232808 2
232808 3
232821 0
232822 1
232822 3
232822 5
232823 2
232836 0
232836 1
232837 4
232838 2
232838 3
232851 0
232852 1
232852 3
232852 4
232853 2
232866 0
232866 3
232867 5
232868 1
232868 2
232881 0
232882 1
232882 3
232882 4
232883 2
232896 0
232896 3
232897 5
232898 1
232898 2
232911 0
232912 1
232912 3
232912 4
232913 2
232926 0
232926 3
232927 4
232928 1
232928 2
232940 3
232941 0
232942 5
232943 2
232944 1
232956 0
232957 1
232957 3
232957 4
232958 2
232971 0
232971 3
232972 5
232973 1
232973 2
232986 0
232987 1
232987 3
232987 4
232988 2
233001 0
233001 3
233002 4
233003 1
233003 2
233015 3
233016 0
233017 5
233018 2
233019 1
233031 3
233032 0
233032 2
233032 4
233033 1
233045 3
233047 0
233047 2
233047 5
233049 1
233061 3
233062 0
233062 2
233062 4
233063 1
233075 3
233077 0
233077 2
233077 5
233079 1
233091 3
233092 0
233092 2
233092 4
233093 1
233105 3
233106 5
233107 0
233107 2
233107 5
233109 1
233121 2
233121 3
233122 5
233123 0
233123 1
233136 2
233137 1
233137 3
233137 4
233138 0
233151 2
233151 3
233152 5
233153 0
233153 1
233166 2
233167 1
233167 3
233167 4
233168 0
233181 2
233181 3
233182 5
233183 0
233183 1
233196 2
233197 1
233197 3
233197 5
233198 0
233211 2
233212 1
233212 3
233212 4
233213 0
233226 2
233226 3
233227 5
233228 0
233228 1
233241 2
233242 1
233242 3
233242 4
233243 0
233256 2
233256 3
233257 5
233258 0
233258 1
233271 2
233272 1
233272 3
233272 5
233273 0
233286 1
233286 2
233287 4
233288 0
233288 3
233301 2
233302 1
233302 3
233302 5
233303 0
233316 1
233316 2
233317 5
233318 0
233318 3
233330 1
233331 2
233332 4
233333 0
233334 3
233346 1
233346 2
233347 5
233348 0
233348 3
233360 1
233361 2
233361 4
233362 4
233363 0
233364 3
233376 1
233376 2
233377 5
233378 0
233378 3
233390 1
233391 4
233392 0
233392 2
233392 4
233394 3
233406 1
233407 0
233407 2
233407 4
233407 5
233408 3
233420 1
233421 4
233422 0
233422 2
233422 5
233424 3
233434 1
233435 4
233437 0
233437 2
233437 4
233440 3
233450 1
233451 4
233452 0
233452 2
233452 4
233454 3
233466 1
233467 0
233467 2
233467 4
233467 5
233468 3
233480 1
233481 4
233482 0
233482 2
233482 4
233484 3
233496 0
233496 1
233497 4
233497 5
233498 2
233498 3
233510 1
233511 0
233511 4
233512 4
233513 2
233514 3
233526 0
233526 1
233527 4
233527 5
233528 2
233528 3
233540 1
233541 0
233541 4
233542 4
233543 2
233544 3
233556 0
233556 1
233557 4
233558 2
233558 3
233571 0
233572 1
233572 3
233572 5
233573 2
233586 0
233586 1
233587 4
233588 2
233588 3
233601 0
233602 1
233602 3
233602 5
233603 2
233616 0
233616 1
233617 4
233618 2
233618 3
233631 0
233632 1
233632 3
233632 4
233633 2
233646 0
233646 3
233647 5
233648 1
233648 2
233661 0
233662 1
233662 3
233662 4
233663 2
233676 0
233676 3
233677 4
233678 1
233678 2
233690 3
233691 0
233692 5
233693 2
233694 1
233706 0
233707 1
233707 3
233707 4
233708 2
233721 0
233721 3
233722 5
233723 1
233723 2
233736 0
233737 1
233737 3
233737 4
233738 2
233751 0
233751 3
233752 4
233753 1
233753 2
233765 3
233766 0
233767 5
233768 2
233769 1
233781 3
233782 0
233782 2
233782 4
233783 1
233795 3
233797 0
233797 2
233797 5
233799 1
233811 3
233812 0
233812 2
233812 4
233813 1
233825 3
233827 0
233827 2
233827 5
233829 1
233841 3
233842 0
233842 2
233842 4
233843 1
233855 3
233857 0
233857 2
233857 5
233859 1
233871 3
233872 0
233872 2
233872 4
233873 1
233885 3
233886 2
233887 5
233888 0
233889 1
233901 2
233901 3
233902 5
233903 0
233903 1
233916 2
233917 1
233917 3
233917 4
233918 0
233931 2
233931 3
233932 5
233933 0
233933 1
233946 2
233947 1
233947 3
233947 4
233948 0
233961 2
233961 3
233962 5
233963 0
233963 1
233976 2
233976 3
233977 5
233978 0
233978 1
233991 2
233992 1
233992 3
233992 4
233993 0
234006 2
234006 3
234007 5
234008 0
234008 1
234021 2
234022 1
234022 3
234022 5
234023 0
234036 1
234036 2
234037 4
234038 0
234038 3
234051 2
234052 1
234052 3
234052 5
234053 0
234066 1
234066 2
234067 4
234068 0
234068 3
234081 2
234082 1
234082 3
234082 5
234083 0
234096 1
234096 2
234097 5
234098 0
234098 3
234110 1
234111 2
234112 4
234113 0
234114 3
234126 1
234126 2
234127 5
234128 0
234128 3
234140 1
234141 2
234142 4
234143 0
234144 3
234156 1
234156 2
234157 5
234158 0
234158 3
234170 1
234171 2
234171 4
234172 5
234173 0
234174 3
234184 1
234185 4
234187 0
234187 2
234187 4
234190 3
234200 1
234201 4
234202 0
234202 2
234202 5
234204 3
234214 1
234215 4
234217 0
234217 2
234217 4
234220 3
234230 1
234231 4
234232 0
234232 2
234232 5
234234 3
234244 1
234245 4
234247 0
234247 2
234247 4
234250 3
234260 1
234261 0
234261 4
234262 4
234263 2
234264 3
234276 0
234276 1
234277 4
234277 5
234278 2
234278 3
234290 1
234291 0
234291 4
234292 4
234293 2
234294 3
234306 0
234306 1
234307 4
234307 5
234308 2
234308 3
234320 1
234321 0
234321 4
234322 4
234323 2
234324 3
234336 0
234336 1
234337 4
234338 2
234338 3
234351 0
234352 1
234352 3
234352 5
234353 2
234366 0
234366 1
234367 4
234368 2
234368 3
234381 0
234382 1
234382 3
234382 4
234383 2
234396 0
234396 3
234397 5
234398 1
234398 2
234411 0
234412 1
234412 3
234412 4
234413 2
234426 0
234426 3
234427 4
234428 1
234428 2
234440 3
234441 0
234442 5
234443 2
234444 1
234456 0
234457 1
234457 3
234457 4
234458 2
234471 0
234471 3
234472 5
234473 1
234473 2
234486 0
234487 1
234487 3
234487 4
234488 2
234501 0
234501 3
234502 4
234503 1
234503 2
234515 3
234516 0
234517 5
234518 2
234519 1
234531 0
234531 3
234532 4
234533 1
234533 2
234545 3
234546 0
234547 5
234548 2
234549 1
234561 3
234562 0
234562 2
234562 4
234563 1
234575 3
234577 0
234577 2
234577 5
234579 1
234591 3
234592 0
234592 2
234592 4
234593 1
234605 3
234607 0
234607 2
234607 5
234609 1
234621 3
234622 0
234622 2
234622 4
234623 1
234635 3
234637 0
234637 2
234637 5
234639 1
234651 2
234651 3
234652 4
234652 5
234653 0
234653 1
234665 3
234666 2
234666 5
234667 5
234668 0
234669 1
234681 2
234681 3
234682 4
234682 5
234683 0
234683 1
234695 3
234696 2
234696 5
234697 5
234698 0
234699 1
234711 2
234711 3
234712 5
234713 0
234713 1
234726 2
234727 1
234727 3
234727 4
234728 0
234741 2
234741 3
234742 5
234743 0
234743 1
234756 2
234756 3
234757 5
234758 0
234758 1
234770 2
234772 1
234772 3
234772 4
234774 0
234786 2
234786 3
234787 5
234788 0
234788 1
234800 2
234802 1
234802 3
234802 5
234804 0
234815 2
234816 1
234817 4
234818 3
234819 0
234831 2
234832 1
234832 3
234832 5
234833 0
234846 1
234846 2
234847 5
234848 0
234848 3
234860 1
234861 2
234862 4
234863 0
234864 3
234876 1
234876 2
234877 5
234878 0
234878 3
234890 1
234891 2
234892 5
234893 0
234894 3
