240937 0
240937 1
240937 2
240937 3
240937 4
240951 3
240952 0
240952 2
240952 5
240953 1
240967 0
240967 1
240967 2
240967 3
240967 4
240981 3
240982 0
240982 2
240982 5
240983 1
240997 0
240997 1
240997 2
240997 3
240997 4
241011 3
241012 0
241012 2
241012 5
241013 1
241027 0
241027 1
241027 2
241027 3
241027 4
241041 3
241042 0
241042 2
241042 5
241043 1
241057 0
241057 1
241057 2
241057 3
241057 5
241071 1
241072 0
241072 2
241072 4
241073 3
241087 0
241087 1
241087 2
241087 3
241087 5
241101 1
241102 0
241102 2
241102 4
241103 3
241117 0
241117 1
241117 2
241117 3
241117 5
241131 1
241132 0
241132 2
241132 4
241133 3
241147 0
241147 1
241147 2
241147 3
241147 5
241161 1
241162 0
241162 2
241162 4
241163 3
241177 0
241177 1
241177 2
241177 3
241177 5
241191 1
241192 0
241192 2
241192 4
241193 3
241207 0
241207 1
241207 2
241207 3
241207 5
241221 1
241222 0
241222 2
241222 4
241223 3
241237 0
241237 1
241237 2
241237 3
241237 5
241251 1
241252 0
241252 2
241252 4
241253 3
241267 0
241267 1
241267 2
241267 3
241267 5
241281 1
241282 0
241282 2
241282 4
241282 5
241283 3
241295 1
241296 4
241297 0
241297 2
241297 4
241299 3
241312 0
241312 1
241312 2
241312 3
241312 5
241325 1
241326 4
241327 0
241327 2
241327 4
241329 3
241342 0
241342 1
241342 2
241342 3
241342 5
241355 1
241356 4
241357 0
241357 2
241357 4
241359 3
241372 0
241372 1
241372 2
241372 3
241372 4
241386 3
241387 0
241387 2
241387 5
241388 1
241401 1
241402 0
241402 2
241402 4
241403 3
241417 0
241417 1
241417 2
241417 3
241417 5
241431 1
241432 0
241432 2
241432 4
241433 3
241447 0
241447 1
241447 2
241447 3
241447 5
241461 1
241462 0
241462 2
241462 4
241463 3
241477 0
241477 1
241477 2
241477 3
241477 5
241491 1
241492 0
241492 2
241492 4
241493 3
241507 0
241507 1
241507 2
241507 3
241507 5
241521 1
241522 0
241522 2
241522 4
241523 3
241537 0
241537 1
241537 2
241537 3
241537 5
241551 1
241552 0
241552 2
241552 4
241553 3
241566 0
241567 1
241567 3
241567 4
241568 2
241581 3
241582 0
241582 2
241582 5
241583 1
241597 0
241597 1
241597 2
241597 3
241597 4
241611 3
241612 0
241612 2
241612 5
241613 1
241627 0
241627 1
241627 2
241627 3
241627 4
241641 3
241642 0
241642 2
241642 5
241643 1
241657 0
241657 1
241657 2
241657 3
241657 4
241671 3
241672 0
241672 2
241672 5
241673 1
241687 0
241687 1
241687 2
241687 3
241687 4
241701 3
241702 0
241702 2
241702 5
241703 1
241717 0
241717 1
241717 2
241717 3
241717 4
241731 3
241732 0
241732 2
241732 5
241733 1
241747 0
241747 1
241747 2
241747 3
241747 4
241761 3
241762 0
241762 2
241762 5
241763 1
241777 0
241777 1
241777 2
241777 3
241777 4
241791 3
241792 0
241792 2
241792 5
241793 1
241807 0
241807 1
241807 2
241807 3
241807 4
241821 3
241822 0
241822 2
241822 5
241823 1
241836 2
241837 1
241837 3
241837 4
241837 5
241838 0
241851 2
241851 3
241852 5
241853 0
241853 1
241866 2
241867 1
241867 3
241867 5
241868 0
241881 1
241881 2
241882 4
241883 0
241883 3
241896 2
241897 1
241897 3
241897 5
241898 0
241911 1
241911 2
241912 4
241913 0
241913 3
241926 2
241927 1
241927 3
241927 5
241928 0
241941 1
241941 2
241942 4
241943 0
241943 3
241956 2
241957 1
241957 3
241957 5
241958 0
241971 2
241972 1
241972 3
241972 5
241973 0
241986 1
241986 2
241987 4
241988 0
241988 3
242002 0
242002 1
242002 2
242002 3
242002 5
242016 1
242017 0
242017 2
242017 4
242018 3
242032 0
242032 1
242032 2
242032 3
242032 5
242046 1
242047 0
242047 2
242047 4
242048 3
242062 0
242062 1
242062 2
242062 3
242062 5
242076 1
242077 0
242077 2
242077 4
242078 3
242092 0
242092 1
242092 2
242092 3
242092 5
242106 1
242107 0
242107 2
242107 4
242108 3
242122 0
242122 1
242122 2
242122 3
242122 5
242136 1
242137 0
242137 2
242137 4
242138 3
242152 0
242152 1
242152 2
242152 3
242152 5
242166 1
242167 0
242167 2
242167 4
242168 3
242181 0
242182 1
242182 3
242182 5
242183 2
242196 0
242196 1
242197 4
242198 2
242198 3
242211 0
242212 1
242212 3
242212 4
242213 2
242226 0
242227 1
242227 3
242227 5
242228 2
242241 0
242241 1
242242 4
242243 2
242243 3
242256 0
242257 1
242257 3
242257 5
242258 2
242271 0
242271 1
242272 4
242273 2
242273 3
242286 0
242287 1
242287 3
242287 5
242288 2
242301 0
242301 1
242302 4
242303 2
242303 3
242316 0
242317 1
242317 3
242317 4
242318 2
242331 0
242331 3
242332 5
242333 1
242333 2
242346 0
242347 1
242347 3
242347 4
242348 2
242361 0
242361 3
242362 5
242363 1
242363 2
242376 0
242377 1
242377 3
242377 4
242378 2
242391 0
242391 3
242392 4
242393 1
242393 2
242405 3
242406 0
242406 5
242407 5
242408 2
242409 1
242421 3
242422 0
242422 2
242422 4
242422 5
242423 1
242435 3
242436 5
242437 0
242437 2
242437 5
242439 1
242451 3
242452 0
242452 2
242452 4
242452 5
242453 1
242465 3
242466 5
242467 0
242467 2
242467 5
242469 1
242481 3
242482 0
242482 2
242482 4
242482 5
242483 1
242495 3
242496 5
242497 0
242497 2
242497 5
242499 1
242511 3
242512 0
242512 2
242512 4
242512 5
242513 1
242525 3
242526 2
242526 5
242527 5
242528 0
242529 1
242541 2
242541 3
242542 5
242543 0
242543 1
242556 2
242557 1
242557 3
242557 4
242558 0
242571 2
242571 3
242572 5
242573 0
242573 1
242586 2
242587 1
242587 3
242587 4
242588 0
242601 2
242601 3
242602 5
242603 0
242603 1
242616 2
242617 1
242617 3
242617 5
242618 0
242631 1
242631 2
242632 4
242633 0
242633 3
242646 2
242647 1
242647 3
242647 5
242648 0
242661 1
242661 2
242662 4
242663 0
242663 3
242676 2
242677 1
242677 3
242677 5
242678 0
242691 1
242691 2
242692 5
242693 0
242693 3
242706 1
242706 2
242707 4
242708 0
242708 3
242721 2
242722 1
242722 3
242722 5
242723 0
242736 1
242736 2
242737 4
242738 0
242738 3
242751 2
242752 1
242752 3
242752 5
242753 0
242766 1
242766 2
242767 5
242768 0
242768 3
242780 1
242781 4
242782 0
242782 2
242782 4
242784 3
242796 1
242797 0
242797 2
242797 4
242797 5
242798 3
242810 1
242811 4
242812 0
242812 2
242812 4
242814 3
242826 1
242827 0
242827 2
242827 4
242827 5
242828 3
242840 1
242841 4
242842 0
242842 2
242842 4
242844 3
242856 1
242857 0
242857 2
242857 4
242857 5
242858 3
242870 1
242871 4
242872 0
242872 2
242872 4
242874 3
242886 0
242886 1
242887 4
242888 2
242888 3
242901 0
242902 1
242902 3
242902 5
242903 2
242916 0
242916 1
242917 4
242918 2
242918 3
242931 0
242932 1
242932 3
242932 5
242933 2
242946 0
242946 1
242947 4
242948 2
242948 3
242961 0
242962 1
242962 3
242962 4
242963 2
242976 0
242977 1
242977 3
242977 5
242978 2
242991 0
242991 1
242992 4
242993 2
242993 3
243006 0
243007 1
243007 3
243007 4
243008 2
243021 0
243021 3
243022 5
243023 1
243023 2
243036 0
243037 1
243037 3
243037 4
243038 2
243051 0
243051 3
243052 5
243053 1
243053 2
243066 0
243067 1
243067 3
243067 4
243068 2
243081 0
243081 3
243082 4
243083 1
243083 2
243095 3
243096 0
243097 5
243098 2
243099 1
243111 0
243111 3
243112 4
243113 1
243113 2
243125 3
243126 0
243126 5
243127 5
243128 2
243129 1
243141 3
243142 0
243142 2
243142 4
243142 5
243143 1
243155 3
243156 5
243157 0
243157 2
243157 5
243159 1
243171 3
243172 0
243172 2
243172 4
243172 5
243173 1
243185 3
243186 5
243187 0
243187 2
243187 5
243189 1
243201 3
243202 0
243202 2
243202 4
243202 5
243203 1
243215 3
243216 5
243217 0
243217 2
243217 5
243219 1
243231 3
243232 0
243232 2
243232 4
243232 5
243233 1
243245 3
243246 5
243247 0
243247 2
243247 5
243249 1
243261 2
243261 3
243262 4
243262 5
243263 0
243263 1
243275 3
243276 2
243276 5
243277 5
243278 0
243279 1
243291 2
243291 3
243292 4
243292 5
243293 0
243293 1
243305 3
243306 2
243306 5
243307 5
243308 0
243309 1
243321 2
243321 3
243322 5
243323 0
243323 1
243336 2
243337 1
243337 3
243337 4
243338 0
243351 2
243351 3
243352 5
243353 0
243353 1
243366 2
243367 1
243367 3
243367 4
243368 0
243381 2
243381 3
243382 5
243383 0
243383 1
243396 2
243397 1
243397 3
243397 5
243398 0
243411 1
243411 2
243412 4
243413 0
243413 3
243426 2
243427 1
243427 3
243427 5
243428 0
243441 2
243442 1
243442 3
243442 5
243443 0
243456 1
243456 2
243457 4
243458 0
243458 3
243471 2
243472 1
243472 3
243472 5
243473 0
243486 1
243486 2
243487 5
243488 0
243488 3
243500 1
243501 2
243502 4
243503 0
243504 3
243516 1
243516 2
243517 5
243518 0
243518 3
243530 1
243531 2
243532 4
243533 0
243534 3
243546 1
243547 0
243547 2
243547 5
243548 3
243560 1
243562 0
243562 2
243562 4
243564 3
243576 1
243577 0
243577 2
243577 5
243578 3
243590 1
243592 0
243592 2
243592 5
243594 3
243604 1
243607 0
243607 2
243607 4
243610 3
243620 1
243622 0
243622 2
243622 4
243624 3
243636 0
243636 1
243637 4
243637 5
243638 2
243638 3
243650 1
243651 0
243652 4
243653 2
243654 3
243655 5
243666 0
243666 1
243667 4
243667 5
243668 2
243668 3
243680 1
243681 0
243681 4
243682 4
243683 2
243684 3
243696 0
243696 1
243697 4
243698 2
243698 3
243711 0
243712 1
243712 3
243712 5
243713 2
243726 0
243726 1
243727 4
243728 2
243728 3
243741 0
243742 1
243742 3
243742 4
243743 2
243755 0
243757 1
243757 3
243757 5
243759 2
243771 0
243771 1
243772 4
243773 2
243773 3
243785 0
243787 1
243787 3
243787 4
243789 2
243800 0
243801 3
243802 5
243803 1
243804 2
243816 0
243817 1
243817 3
243817 4
243818 2
243831 0
243831 3
243832 4
243833 1
243833 2
243845 3
243846 0
243847 5
243848 2
243849 1
243861 0
243861 3
243862 4
243863 1
243863 2
243875 3
243876 0
243877 5
243878 2
243879 1
243891 0
243891 3
243892 4
243893 1
243893 2
243905 3
243906 0
243907 4
243908 2
243909 1
243919 3
243920 5
243921 0
243922 5
243923 2
243925 1
243935 3
243936 5
243937 0
243937 2
243937 5
243939 1
