3142 0
3142 1
3142 2
3142 3
3142 5
3156 1
3157 0
3157 2
3157 5
3158 3
3170 1
3172 0
3172 2
3172 4
3174 3
3186 0
3186 1
3187 4
3188 2
3188 3
3201 0
3202 1
3202 3
3202 4
3203 2
3216 0
3216 3
3217 4
3218 1
3218 2
3230 3
3231 0
3232 5
3233 2
3234 1
3246 3
3247 0
3247 2
3247 5
3248 1
3262 0
3262 1
3262 2
3262 3
3262 4
3276 3
3277 0
3277 2
3277 5
3278 1
3292 0
3292 1
3292 2
3292 3
3292 5
3306 1
3307 0
3307 2
3307 4
3308 3
3322 0
3322 1
3322 2
3322 3
3322 5
3336 1
3337 0
3337 2
3337 4
3338 3
3352 0
3352 1
3352 2
3352 3
3352 4
3366 3
3367 0
3367 2
3367 4
3368 1
3380 3
3382 0
3382 2
3382 4
3384 1
3394 3
3397 0
3397 2
3397 5
3400 1
3410 3
3412 0
3412 2
3412 4
3414 1
3424 3
3427 0
3427 2
3427 4
3430 1
3438 3
3442 0
3442 2
3442 5
3446 1
3454 3
3456 2
3457 5
3458 0
3460 1
3470 3
3471 2
3472 5
3473 0
3474 1
3486 2
3486 3
3487 4
3488 0
3488 1
3500 3
3501 2
3502 4
3503 0
3504 1
3514 3
3515 2
3517 5
3519 0
3520 1
3530 2
3530 3
3532 4
3534 0
3534 1
3544 3
3545 2
3547 4
3549 0
3550 1
3558 3
3560 2
3562 5
3564 0
3566 1
3573 3
3574 2
3577 4
3580 0
3581 1
3587 3
3589 2
3592 5
3595 0
3597 1
3603 2
3603 3
3607 5
3611 0
3611 1
