1920 tensor([[ 0.0569,  0.0664],
        [ 0.0611,  0.0984],
        [-0.0719, -0.0548],
        [-0.0889, -0.0980]], device='cuda:0')
1921 tensor([[ 0.0568,  0.0664],
        [ 0.0611,  0.0983],
        [-0.0718, -0.0548],
        [-0.0889, -0.0980]], device='cuda:0')
1922 tensor([[ 0.0567,  0.0663],
        [ 0.0610,  0.0983],
        [-0.0717, -0.0548],
        [-0.0888, -0.0980]], device='cuda:0')
1923 tensor([[ 0.0566,  0.0663],
        [ 0.0609,  0.0983],
        [-0.0716, -0.0547],
        [-0.0887, -0.0980]], device='cuda:0')
1924 tensor([[ 0.0565,  0.0663],
        [ 0.0609,  0.0983],
        [-0.0715, -0.0547],
        [-0.0887, -0.0980]], device='cuda:0')
1925 tensor([[ 0.0564,  0.0662],
        [ 0.0608,  0.0983],
        [-0.0714, -0.0547],
        [-0.0886, -0.0980]], device='cuda:0')
1926 tensor([[ 0.0564,  0.0662],
        [ 0.0607,  0.0983],
        [-0.0713, -0.0546],
        [-0.0885, -0.0980]], device='cuda:0')
1927 tensor([[ 0.0563,  0.0661],
        [ 0.0607,  0.0982],
        [-0.0713, -0.0546],
        [-0.0885, -0.0980]], device='cuda:0')
1928 tensor([[ 0.0562,  0.0661],
        [ 0.0606,  0.0982],
        [-0.0712, -0.0546],
        [-0.0884, -0.0980]], device='cuda:0')
1929 tensor([[ 0.0561,  0.0661],
        [ 0.0606,  0.0982],
        [-0.0711, -0.0545],
        [-0.0884, -0.0979]], device='cuda:0')
1930 tensor([[ 0.0560,  0.0660],
        [ 0.0605,  0.0982],
        [-0.0710, -0.0545],
        [-0.0883, -0.0979]], device='cuda:0')
1931 tensor([[ 0.0559,  0.0660],
        [ 0.0605,  0.0982],
        [-0.0709, -0.0545],
        [-0.0882, -0.0979]], device='cuda:0')
1932 tensor([[ 0.0558,  0.0659],
        [ 0.0604,  0.0981],
        [-0.0708, -0.0544],
        [-0.0882, -0.0979]], device='cuda:0')
1933 tensor([[ 0.0558,  0.0659],
        [ 0.0603,  0.0981],
        [-0.0707, -0.0544],
        [-0.0881, -0.0979]], device='cuda:0')
1934 tensor([[ 0.0557,  0.0659],
        [ 0.0603,  0.0981],
        [-0.0706, -0.0544],
        [-0.0881, -0.0979]], device='cuda:0')
1935 tensor([[ 0.0556,  0.0658],
        [ 0.0602,  0.0981],
        [-0.0705, -0.0543],
        [-0.0880, -0.0979]], device='cuda:0')
1936 tensor([[ 0.0555,  0.0658],
        [ 0.0602,  0.0981],
        [-0.0705, -0.0543],
        [-0.0879, -0.0979]], device='cuda:0')
1937 tensor([[ 0.0554,  0.0658],
        [ 0.0601,  0.0981],
        [-0.0704, -0.0543],
        [-0.0879, -0.0979]], device='cuda:0')
1938 tensor([[ 0.0553,  0.0657],
        [ 0.0601,  0.0980],
        [-0.0703, -0.0542],
        [-0.0878, -0.0978]], device='cuda:0')
1939 tensor([[ 0.0553,  0.0657],
        [ 0.0600,  0.0980],
        [-0.0702, -0.0542],
        [-0.0878, -0.0978]], device='cuda:0')
1940 tensor([[ 0.0552,  0.0657],
        [ 0.0600,  0.0980],
        [-0.0701, -0.0542],
        [-0.0877, -0.0978]], device='cuda:0')
1941 tensor([[ 0.0551,  0.0656],
        [ 0.0599,  0.0980],
        [-0.0700, -0.0542],
        [-0.0877, -0.0978]], device='cuda:0')
1942 tensor([[ 0.0550,  0.0656],
        [ 0.0599,  0.0980],
        [-0.0700, -0.0541],
        [-0.0876, -0.0978]], device='cuda:0')
1943 tensor([[ 0.0549,  0.0656],
        [ 0.0598,  0.0980],
        [-0.0699, -0.0541],
        [-0.0876, -0.0977]], device='cuda:0')
1944 tensor([[ 0.0549,  0.0655],
        [ 0.0598,  0.0979],
        [-0.0698, -0.0541],
        [-0.0875, -0.0977]], device='cuda:0')
1945 tensor([[ 0.0548,  0.0655],
        [ 0.0597,  0.0979],
        [-0.0697, -0.0540],
        [-0.0875, -0.0976]], device='cuda:0')
1946 tensor([[ 0.0547,  0.0655],
        [ 0.0597,  0.0978],
        [-0.0697, -0.0540],
        [-0.0874, -0.0976]], device='cuda:0')
1947 tensor([[ 0.0546,  0.0654],
        [ 0.0596,  0.0978],
        [-0.0696, -0.0539],
        [-0.0874, -0.0975]], device='cuda:0')
1948 tensor([[ 0.0545,  0.0654],
        [ 0.0596,  0.0977],
        [-0.0695, -0.0539],
        [-0.0873, -0.0975]], device='cuda:0')
1949 tensor([[ 0.0544,  0.0654],
        [ 0.0595,  0.0977],
        [-0.0694, -0.0539],
        [-0.0873, -0.0974]], device='cuda:0')
1950 tensor([[ 0.0544,  0.0654],
        [ 0.0595,  0.0976],
        [-0.0694, -0.0538],
        [-0.0872, -0.0974]], device='cuda:0')
1951 tensor([[ 0.0543,  0.0653],
        [ 0.0594,  0.0976],
        [-0.0693, -0.0538],
        [-0.0872, -0.0973]], device='cuda:0')
1952 tensor([[ 0.0542,  0.0653],
        [ 0.0594,  0.0975],
        [-0.0692, -0.0538],
        [-0.0872, -0.0973]], device='cuda:0')
1953 tensor([[ 0.0541,  0.0653],
        [ 0.0593,  0.0975],
        [-0.0691, -0.0537],
        [-0.0871, -0.0972]], device='cuda:0')
1954 tensor([[ 0.0540,  0.0653],
        [ 0.0593,  0.0974],
        [-0.0691, -0.0537],
        [-0.0871, -0.0972]], device='cuda:0')
1955 tensor([[ 0.0539,  0.0652],
        [ 0.0592,  0.0974],
        [-0.0690, -0.0537],
        [-0.0870, -0.0971]], device='cuda:0')
1956 tensor([[ 0.0539,  0.0652],
        [ 0.0592,  0.0973],
        [-0.0689, -0.0536],
        [-0.0870, -0.0971]], device='cuda:0')
1957 tensor([[ 0.0538,  0.0652],
        [ 0.0591,  0.0973],
        [-0.0689, -0.0536],
        [-0.0869, -0.0970]], device='cuda:0')
1958 tensor([[ 0.0537,  0.0651],
        [ 0.0591,  0.0973],
        [-0.0688, -0.0536],
        [-0.0869, -0.0970]], device='cuda:0')
1959 tensor([[ 0.0536,  0.0651],
        [ 0.0590,  0.0972],
        [-0.0687, -0.0536],
        [-0.0868, -0.0969]], device='cuda:0')
1960 tensor([[ 0.0536,  0.0651],
        [ 0.0590,  0.0972],
        [-0.0686, -0.0535],
        [-0.0868, -0.0969]], device='cuda:0')
1961 tensor([[ 0.0535,  0.0651],
        [ 0.0589,  0.0971],
        [-0.0686, -0.0535],
        [-0.0867, -0.0968]], device='cuda:0')
1962 tensor([[ 0.0534,  0.0650],
        [ 0.0589,  0.0971],
        [-0.0685, -0.0535],
        [-0.0867, -0.0968]], device='cuda:0')
1963 tensor([[ 0.0534,  0.0650],
        [ 0.0589,  0.0970],
        [-0.0684, -0.0534],
        [-0.0866, -0.0968]], device='cuda:0')
1964 tensor([[ 0.0533,  0.0650],
        [ 0.0588,  0.0970],
        [-0.0683, -0.0534],
        [-0.0866, -0.0967]], device='cuda:0')
1965 tensor([[ 0.0532,  0.0649],
        [ 0.0588,  0.0969],
        [-0.0683, -0.0534],
        [-0.0866, -0.0967]], device='cuda:0')
1966 tensor([[ 0.0531,  0.0649],
        [ 0.0587,  0.0969],
        [-0.0682, -0.0534],
        [-0.0865, -0.0966]], device='cuda:0')
1967 tensor([[ 0.0531,  0.0649],
        [ 0.0587,  0.0968],
        [-0.0681, -0.0533],
        [-0.0865, -0.0966]], device='cuda:0')
1968 tensor([[ 0.0530,  0.0648],
        [ 0.0587,  0.0968],
        [-0.0681, -0.0533],
        [-0.0864, -0.0965]], device='cuda:0')
1969 tensor([[ 0.0529,  0.0648],
        [ 0.0586,  0.0967],
        [-0.0680, -0.0533],
        [-0.0864, -0.0965]], device='cuda:0')
1970 tensor([[ 0.0529,  0.0648],
        [ 0.0586,  0.0967],
        [-0.0679, -0.0533],
        [-0.0863, -0.0965]], device='cuda:0')
1971 tensor([[ 0.0528,  0.0648],
        [ 0.0585,  0.0966],
        [-0.0678, -0.0532],
        [-0.0863, -0.0964]], device='cuda:0')
1972 tensor([[ 0.0527,  0.0647],
        [ 0.0585,  0.0966],
        [-0.0678, -0.0532],
        [-0.0862, -0.0964]], device='cuda:0')
1973 tensor([[ 0.0527,  0.0647],
        [ 0.0585,  0.0965],
        [-0.0677, -0.0532],
        [-0.0862, -0.0963]], device='cuda:0')
1974 tensor([[ 0.0526,  0.0647],
        [ 0.0584,  0.0965],
        [-0.0676, -0.0532],
        [-0.0861, -0.0963]], device='cuda:0')
1975 tensor([[ 0.0525,  0.0646],
        [ 0.0583,  0.0964],
        [-0.0676, -0.0531],
        [-0.0860, -0.0963]], device='cuda:0')
1976 tensor([[ 0.0525,  0.0646],
        [ 0.0582,  0.0964],
        [-0.0675, -0.0531],
        [-0.0859, -0.0962]], device='cuda:0')
1977 tensor([[ 0.0524,  0.0646],
        [ 0.0582,  0.0964],
        [-0.0674, -0.0531],
        [-0.0858, -0.0962]], device='cuda:0')
1978 tensor([[ 0.0523,  0.0645],
        [ 0.0581,  0.0963],
        [-0.0674, -0.0531],
        [-0.0857, -0.0961]], device='cuda:0')
1979 tensor([[ 0.0523,  0.0645],
        [ 0.0580,  0.0963],
        [-0.0673, -0.0530],
        [-0.0857, -0.0961]], device='cuda:0')
1980 tensor([[ 0.0522,  0.0645],
        [ 0.0579,  0.0962],
        [-0.0672, -0.0530],
        [-0.0856, -0.0961]], device='cuda:0')
1981 tensor([[ 0.0522,  0.0645],
        [ 0.0579,  0.0962],
        [-0.0672, -0.0530],
        [-0.0855, -0.0960]], device='cuda:0')
1982 tensor([[ 0.0521,  0.0644],
        [ 0.0578,  0.0961],
        [-0.0671, -0.0530],
        [-0.0854, -0.0960]], device='cuda:0')
1983 tensor([[ 0.0520,  0.0644],
        [ 0.0577,  0.0961],
        [-0.0670, -0.0529],
        [-0.0854, -0.0959]], device='cuda:0')
1984 tensor([[ 0.0520,  0.0644],
        [ 0.0576,  0.0960],
        [-0.0670, -0.0529],
        [-0.0853, -0.0959]], device='cuda:0')
1985 tensor([[ 0.0519,  0.0644],
        [ 0.0576,  0.0960],
        [-0.0669, -0.0529],
        [-0.0852, -0.0959]], device='cuda:0')
1986 tensor([[ 0.0518,  0.0643],
        [ 0.0575,  0.0960],
        [-0.0668, -0.0529],
        [-0.0851, -0.0958]], device='cuda:0')
1987 tensor([[ 0.0518,  0.0643],
        [ 0.0574,  0.0959],
        [-0.0668, -0.0528],
        [-0.0851, -0.0958]], device='cuda:0')
1988 tensor([[ 0.0517,  0.0643],
        [ 0.0573,  0.0959],
        [-0.0667, -0.0528],
        [-0.0850, -0.0957]], device='cuda:0')
1989 tensor([[ 0.0516,  0.0643],
        [ 0.0573,  0.0958],
        [-0.0666, -0.0528],
        [-0.0849, -0.0956]], device='cuda:0')
1990 tensor([[ 0.0516,  0.0642],
        [ 0.0572,  0.0958],
        [-0.0666, -0.0528],
        [-0.0849, -0.0956]], device='cuda:0')
1991 tensor([[ 0.0515,  0.0642],
        [ 0.0571,  0.0957],
        [-0.0665, -0.0527],
        [-0.0848, -0.0955]], device='cuda:0')
1992 tensor([[ 0.0514,  0.0642],
        [ 0.0571,  0.0956],
        [-0.0665, -0.0527],
        [-0.0847, -0.0954]], device='cuda:0')
1993 tensor([[ 0.0514,  0.0642],
        [ 0.0570,  0.0956],
        [-0.0664, -0.0527],
        [-0.0847, -0.0953]], device='cuda:0')
1994 tensor([[ 0.0513,  0.0642],
        [ 0.0569,  0.0955],
        [-0.0664, -0.0526],
        [-0.0846, -0.0953]], device='cuda:0')
1995 tensor([[ 0.0512,  0.0641],
        [ 0.0568,  0.0954],
        [-0.0663, -0.0526],
        [-0.0845, -0.0952]], device='cuda:0')
1996 tensor([[ 0.0512,  0.0641],
        [ 0.0568,  0.0954],
        [-0.0662, -0.0526],
        [-0.0845, -0.0951]], device='cuda:0')
1997 tensor([[ 0.0511,  0.0641],
        [ 0.0567,  0.0953],
        [-0.0662, -0.0526],
        [-0.0844, -0.0950]], device='cuda:0')
1998 tensor([[ 0.0511,  0.0641],
        [ 0.0566,  0.0952],
        [-0.0661, -0.0525],
        [-0.0843, -0.0950]], device='cuda:0')
1999 tensor([[ 0.0510,  0.0641],
        [ 0.0565,  0.0952],
        [-0.0661, -0.0525],
        [-0.0843, -0.0949]], device='cuda:0')
2000 tensor([[ 0.0509,  0.0640],
        [ 0.0565,  0.0951],
        [-0.0660, -0.0525],
        [-0.0842, -0.0948]], device='cuda:0')
2001 tensor([[ 0.0509,  0.0640],
        [ 0.0564,  0.0950],
        [-0.0660, -0.0525],
        [-0.0841, -0.0948]], device='cuda:0')
2002 tensor([[ 0.0508,  0.0640],
        [ 0.0563,  0.0950],
        [-0.0659, -0.0524],
        [-0.0841, -0.0947]], device='cuda:0')
2003 tensor([[ 0.0507,  0.0640],
        [ 0.0563,  0.0949],
        [-0.0659, -0.0524],
        [-0.0840, -0.0946]], device='cuda:0')
2004 tensor([[ 0.0507,  0.0640],
        [ 0.0562,  0.0948],
        [-0.0658, -0.0524],
        [-0.0839, -0.0945]], device='cuda:0')
2005 tensor([[ 0.0506,  0.0639],
        [ 0.0561,  0.0947],
        [-0.0658, -0.0523],
        [-0.0839, -0.0944]], device='cuda:0')
2006 tensor([[ 0.0506,  0.0639],
        [ 0.0561,  0.0946],
        [-0.0657, -0.0523],
        [-0.0838, -0.0943]], device='cuda:0')
2007 tensor([[ 0.0505,  0.0639],
        [ 0.0560,  0.0945],
        [-0.0657, -0.0523],
        [-0.0838, -0.0942]], device='cuda:0')
2008 tensor([[ 0.0504,  0.0639],
        [ 0.0559,  0.0944],
        [-0.0656, -0.0523],
        [-0.0837, -0.0941]], device='cuda:0')
2009 tensor([[ 0.0504,  0.0639],
        [ 0.0559,  0.0943],
        [-0.0655, -0.0522],
        [-0.0836, -0.0940]], device='cuda:0')
2010 tensor([[ 0.0503,  0.0638],
        [ 0.0558,  0.0942],
        [-0.0655, -0.0522],
        [-0.0836, -0.0939]], device='cuda:0')
2011 tensor([[ 0.0503,  0.0638],
        [ 0.0557,  0.0941],
        [-0.0654, -0.0522],
        [-0.0835, -0.0938]], device='cuda:0')
2012 tensor([[ 0.0502,  0.0638],
        [ 0.0557,  0.0940],
        [-0.0654, -0.0522],
        [-0.0835, -0.0937]], device='cuda:0')
2013 tensor([[ 0.0501,  0.0638],
        [ 0.0556,  0.0939],
        [-0.0653, -0.0521],
        [-0.0834, -0.0936]], device='cuda:0')
2014 tensor([[ 0.0501,  0.0638],
        [ 0.0555,  0.0939],
        [-0.0653, -0.0521],
        [-0.0833, -0.0935]], device='cuda:0')
2015 tensor([[ 0.0500,  0.0638],
        [ 0.0555,  0.0938],
        [-0.0652, -0.0521],
        [-0.0833, -0.0934]], device='cuda:0')
2016 tensor([[ 0.0500,  0.0637],
        [ 0.0554,  0.0937],
        [-0.0652, -0.0521],
        [-0.0832, -0.0933]], device='cuda:0')
2017 tensor([[ 0.0499,  0.0637],
        [ 0.0553,  0.0936],
        [-0.0651, -0.0520],
        [-0.0832, -0.0932]], device='cuda:0')
2018 tensor([[ 0.0498,  0.0637],
        [ 0.0553,  0.0935],
        [-0.0651, -0.0520],
        [-0.0831, -0.0931]], device='cuda:0')
2019 tensor([[ 0.0498,  0.0637],
        [ 0.0552,  0.0934],
        [-0.0650, -0.0520],
        [-0.0831, -0.0930]], device='cuda:0')
2020 tensor([[ 0.0497,  0.0637],
        [ 0.0551,  0.0933],
        [-0.0650, -0.0520],
        [-0.0830, -0.0929]], device='cuda:0')
2021 tensor([[ 0.0497,  0.0636],
        [ 0.0551,  0.0932],
        [-0.0650, -0.0519],
        [-0.0829, -0.0928]], device='cuda:0')
2022 tensor([[ 0.0496,  0.0636],
        [ 0.0550,  0.0931],
        [-0.0649, -0.0519],
        [-0.0829, -0.0927]], device='cuda:0')
2023 tensor([[ 0.0496,  0.0636],
        [ 0.0549,  0.0930],
        [-0.0649, -0.0519],
        [-0.0828, -0.0926]], device='cuda:0')
2024 tensor([[ 0.0495,  0.0636],
        [ 0.0549,  0.0930],
        [-0.0648, -0.0519],
        [-0.0828, -0.0925]], device='cuda:0')
2025 tensor([[ 0.0495,  0.0636],
        [ 0.0548,  0.0929],
        [-0.0648, -0.0518],
        [-0.0827, -0.0924]], device='cuda:0')
2026 tensor([[ 0.0494,  0.0636],
        [ 0.0548,  0.0928],
        [-0.0647, -0.0518],
        [-0.0827, -0.0923]], device='cuda:0')
2027 tensor([[ 0.0493,  0.0635],
        [ 0.0547,  0.0927],
        [-0.0647, -0.0518],
        [-0.0826, -0.0922]], device='cuda:0')
2028 tensor([[ 0.0493,  0.0635],
        [ 0.0546,  0.0926],
        [-0.0646, -0.0518],
        [-0.0826, -0.0921]], device='cuda:0')
2029 tensor([[ 0.0492,  0.0635],
        [ 0.0546,  0.0925],
        [-0.0646, -0.0517],
        [-0.0825, -0.0920]], device='cuda:0')
2030 tensor([[ 0.0492,  0.0635],
        [ 0.0545,  0.0924],
        [-0.0645, -0.0517],
        [-0.0825, -0.0919]], device='cuda:0')
2031 tensor([[ 0.0491,  0.0635],
        [ 0.0545,  0.0924],
        [-0.0645, -0.0517],
        [-0.0824, -0.0918]], device='cuda:0')
2032 tensor([[ 0.0491,  0.0635],
        [ 0.0544,  0.0923],
        [-0.0644, -0.0517],
        [-0.0823, -0.0918]], device='cuda:0')
2033 tensor([[ 0.0490,  0.0634],
        [ 0.0544,  0.0922],
        [-0.0644, -0.0517],
        [-0.0823, -0.0917]], device='cuda:0')
2034 tensor([[ 0.0490,  0.0634],
        [ 0.0544,  0.0921],
        [-0.0643, -0.0516],
        [-0.0823, -0.0916]], device='cuda:0')
2035 tensor([[ 0.0489,  0.0634],
        [ 0.0543,  0.0920],
        [-0.0643, -0.0516],
        [-0.0822, -0.0915]], device='cuda:0')
2036 tensor([[ 0.0489,  0.0634],
        [ 0.0543,  0.0919],
        [-0.0642, -0.0516],
        [-0.0822, -0.0914]], device='cuda:0')
2037 tensor([[ 0.0488,  0.0634],
        [ 0.0543,  0.0918],
        [-0.0642, -0.0516],
        [-0.0822, -0.0913]], device='cuda:0')
2038 tensor([[ 0.0488,  0.0633],
        [ 0.0543,  0.0917],
        [-0.0641, -0.0516],
        [-0.0822, -0.0912]], device='cuda:0')
2039 tensor([[ 0.0488,  0.0633],
        [ 0.0543,  0.0916],
        [-0.0641, -0.0516],
        [-0.0822, -0.0912]], device='cuda:0')
2040 tensor([[ 0.0487,  0.0633],
        [ 0.0543,  0.0916],
        [-0.0640, -0.0515],
        [-0.0822, -0.0911]], device='cuda:0')
2041 tensor([[ 0.0487,  0.0633],
        [ 0.0543,  0.0915],
        [-0.0640, -0.0515],
        [-0.0821, -0.0910]], device='cuda:0')
2042 tensor([[ 0.0486,  0.0633],
        [ 0.0542,  0.0914],
        [-0.0639, -0.0515],
        [-0.0821, -0.0909]], device='cuda:0')
2043 tensor([[ 0.0486,  0.0632],
        [ 0.0542,  0.0913],
        [-0.0639, -0.0515],
        [-0.0821, -0.0908]], device='cuda:0')
2044 tensor([[ 0.0485,  0.0632],
        [ 0.0542,  0.0912],
        [-0.0638, -0.0515],
        [-0.0821, -0.0908]], device='cuda:0')
2045 tensor([[ 0.0485,  0.0632],
        [ 0.0542,  0.0911],
        [-0.0638, -0.0515],
        [-0.0821, -0.0907]], device='cuda:0')
2046 tensor([[ 0.0484,  0.0632],
        [ 0.0542,  0.0910],
        [-0.0638, -0.0514],
        [-0.0820, -0.0906]], device='cuda:0')
2047 tensor([[ 0.0484,  0.0632],
        [ 0.0542,  0.0910],
        [-0.0637, -0.0514],
        [-0.0820, -0.0905]], device='cuda:0')
2048 tensor([[ 0.0484,  0.0631],
        [ 0.0542,  0.0909],
        [-0.0637, -0.0514],
        [-0.0820, -0.0904]], device='cuda:0')
2049 tensor([[ 0.0483,  0.0631],
        [ 0.0541,  0.0908],
        [-0.0636, -0.0514],
        [-0.0820, -0.0904]], device='cuda:0')
2050 tensor([[ 0.0483,  0.0631],
        [ 0.0541,  0.0907],
        [-0.0636, -0.0514],
        [-0.0820, -0.0903]], device='cuda:0')
2051 tensor([[ 0.0482,  0.0631],
        [ 0.0541,  0.0906],
        [-0.0635, -0.0514],
        [-0.0819, -0.0902]], device='cuda:0')
2052 tensor([[ 0.0482,  0.0630],
        [ 0.0541,  0.0905],
        [-0.0635, -0.0514],
        [-0.0819, -0.0901]], device='cuda:0')
2053 tensor([[ 0.0481,  0.0630],
        [ 0.0541,  0.0905],
        [-0.0634, -0.0513],
        [-0.0819, -0.0901]], device='cuda:0')
2054 tensor([[ 0.0481,  0.0630],
        [ 0.0541,  0.0904],
        [-0.0634, -0.0513],
        [-0.0819, -0.0900]], device='cuda:0')
2055 tensor([[ 0.0481,  0.0630],
        [ 0.0541,  0.0903],
        [-0.0633, -0.0513],
        [-0.0819, -0.0899]], device='cuda:0')
2056 tensor([[ 0.0480,  0.0630],
        [ 0.0541,  0.0902],
        [-0.0633, -0.0513],
        [-0.0818, -0.0898]], device='cuda:0')
2057 tensor([[ 0.0480,  0.0629],
        [ 0.0540,  0.0901],
        [-0.0632, -0.0513],
        [-0.0818, -0.0898]], device='cuda:0')
2058 tensor([[ 0.0479,  0.0629],
        [ 0.0540,  0.0901],
        [-0.0632, -0.0513],
        [-0.0818, -0.0897]], device='cuda:0')
2059 tensor([[ 0.0479,  0.0629],
        [ 0.0540,  0.0900],
        [-0.0632, -0.0513],
        [-0.0818, -0.0896]], device='cuda:0')
2060 tensor([[ 0.0479,  0.0629],
        [ 0.0540,  0.0899],
        [-0.0631, -0.0512],
        [-0.0818, -0.0896]], device='cuda:0')
2061 tensor([[ 0.0478,  0.0629],
        [ 0.0540,  0.0898],
        [-0.0631, -0.0512],
        [-0.0818, -0.0895]], device='cuda:0')
2062 tensor([[ 0.0478,  0.0629],
        [ 0.0540,  0.0897],
        [-0.0630, -0.0512],
        [-0.0817, -0.0894]], device='cuda:0')
2063 tensor([[ 0.0477,  0.0628],
        [ 0.0540,  0.0897],
        [-0.0630, -0.0512],
        [-0.0817, -0.0893]], device='cuda:0')
2064 tensor([[ 0.0477,  0.0628],
        [ 0.0539,  0.0896],
        [-0.0629, -0.0512],
        [-0.0816, -0.0893]], device='cuda:0')
2065 tensor([[ 0.0477,  0.0628],
        [ 0.0539,  0.0895],
        [-0.0629, -0.0512],
        [-0.0816, -0.0892]], device='cuda:0')
2066 tensor([[ 0.0476,  0.0628],
        [ 0.0538,  0.0894],
        [-0.0628, -0.0512],
        [-0.0815, -0.0891]], device='cuda:0')
2067 tensor([[ 0.0476,  0.0628],
        [ 0.0538,  0.0894],
        [-0.0628, -0.0511],
        [-0.0815, -0.0891]], device='cuda:0')
2068 tensor([[ 0.0476,  0.0627],
        [ 0.0537,  0.0893],
        [-0.0628, -0.0511],
        [-0.0814, -0.0890]], device='cuda:0')
2069 tensor([[ 0.0475,  0.0627],
        [ 0.0537,  0.0892],
        [-0.0627, -0.0511],
        [-0.0814, -0.0889]], device='cuda:0')
2070 tensor([[ 0.0475,  0.0627],
        [ 0.0536,  0.0891],
        [-0.0627, -0.0511],
        [-0.0813, -0.0889]], device='cuda:0')
2071 tensor([[ 0.0474,  0.0627],
        [ 0.0536,  0.0891],
        [-0.0626, -0.0511],
        [-0.0813, -0.0888]], device='cuda:0')
2072 tensor([[ 0.0474,  0.0627],
        [ 0.0535,  0.0890],
        [-0.0626, -0.0511],
        [-0.0812, -0.0887]], device='cuda:0')
2073 tensor([[ 0.0474,  0.0626],
        [ 0.0535,  0.0889],
        [-0.0626, -0.0511],
        [-0.0811, -0.0887]], device='cuda:0')
2074 tensor([[ 0.0473,  0.0626],
        [ 0.0534,  0.0889],
        [-0.0625, -0.0510],
        [-0.0811, -0.0886]], device='cuda:0')
2075 tensor([[ 0.0473,  0.0626],
        [ 0.0534,  0.0888],
        [-0.0625, -0.0510],
        [-0.0810, -0.0885]], device='cuda:0')
2076 tensor([[ 0.0473,  0.0626],
        [ 0.0533,  0.0887],
        [-0.0624, -0.0510],
        [-0.0810, -0.0885]], device='cuda:0')
2077 tensor([[ 0.0472,  0.0626],
        [ 0.0533,  0.0886],
        [-0.0624, -0.0510],
        [-0.0810, -0.0884]], device='cuda:0')
2078 tensor([[ 0.0472,  0.0626],
        [ 0.0532,  0.0886],
        [-0.0624, -0.0510],
        [-0.0809, -0.0883]], device='cuda:0')
2079 tensor([[ 0.0471,  0.0626],
        [ 0.0532,  0.0885],
        [-0.0623, -0.0510],
        [-0.0809, -0.0882]], device='cuda:0')
2080 tensor([[ 0.0471,  0.0625],
        [ 0.0531,  0.0884],
        [-0.0623, -0.0510],
        [-0.0808, -0.0881]], device='cuda:0')
2081 tensor([[ 0.0471,  0.0625],
        [ 0.0531,  0.0883],
        [-0.0623, -0.0509],
        [-0.0808, -0.0880]], device='cuda:0')
2082 tensor([[ 0.0470,  0.0625],
        [ 0.0530,  0.0882],
        [-0.0622, -0.0509],
        [-0.0807, -0.0879]], device='cuda:0')
2083 tensor([[ 0.0470,  0.0625],
        [ 0.0530,  0.0881],
        [-0.0622, -0.0509],
        [-0.0807, -0.0878]], device='cuda:0')
2084 tensor([[ 0.0469,  0.0625],
        [ 0.0529,  0.0880],
        [-0.0622, -0.0509],
        [-0.0807, -0.0877]], device='cuda:0')
2085 tensor([[ 0.0469,  0.0625],
        [ 0.0529,  0.0879],
        [-0.0621, -0.0509],
        [-0.0806, -0.0876]], device='cuda:0')
2086 tensor([[ 0.0469,  0.0625],
        [ 0.0529,  0.0878],
        [-0.0621, -0.0508],
        [-0.0806, -0.0875]], device='cuda:0')
2087 tensor([[ 0.0468,  0.0625],
        [ 0.0528,  0.0877],
        [-0.0621, -0.0508],
        [-0.0805, -0.0874]], device='cuda:0')
2088 tensor([[ 0.0468,  0.0624],
        [ 0.0528,  0.0877],
        [-0.0620, -0.0508],
        [-0.0805, -0.0873]], device='cuda:0')
2089 tensor([[ 0.0467,  0.0624],
        [ 0.0527,  0.0876],
        [-0.0620, -0.0508],
        [-0.0804, -0.0872]], device='cuda:0')
2090 tensor([[ 0.0467,  0.0624],
        [ 0.0527,  0.0875],
        [-0.0620, -0.0508],
        [-0.0804, -0.0871]], device='cuda:0')
2091 tensor([[ 0.0467,  0.0624],
        [ 0.0526,  0.0874],
        [-0.0619, -0.0508],
        [-0.0804, -0.0870]], device='cuda:0')
2092 tensor([[ 0.0466,  0.0624],
        [ 0.0526,  0.0873],
        [-0.0619, -0.0507],
        [-0.0803, -0.0869]], device='cuda:0')
2093 tensor([[ 0.0466,  0.0624],
        [ 0.0525,  0.0872],
        [-0.0619, -0.0507],
        [-0.0803, -0.0868]], device='cuda:0')
2094 tensor([[ 0.0465,  0.0624],
        [ 0.0525,  0.0871],
        [-0.0618, -0.0506],
        [-0.0802, -0.0866]], device='cuda:0')
2095 tensor([[ 0.0465,  0.0623],
        [ 0.0524,  0.0870],
        [-0.0618, -0.0506],
        [-0.0802, -0.0865]], device='cuda:0')
2096 tensor([[ 0.0465,  0.0623],
        [ 0.0524,  0.0868],
        [-0.0618, -0.0505],
        [-0.0802, -0.0864]], device='cuda:0')
2097 tensor([[ 0.0464,  0.0622],
        [ 0.0523,  0.0867],
        [-0.0617, -0.0505],
        [-0.0801, -0.0862]], device='cuda:0')
2098 tensor([[ 0.0464,  0.0622],
        [ 0.0523,  0.0866],
        [-0.0617, -0.0504],
        [-0.0801, -0.0861]], device='cuda:0')
2099 tensor([[ 0.0463,  0.0621],
        [ 0.0522,  0.0865],
        [-0.0617, -0.0504],
        [-0.0801, -0.0860]], device='cuda:0')
2100 tensor([[ 0.0463,  0.0621],
        [ 0.0522,  0.0863],
        [-0.0617, -0.0503],
        [-0.0800, -0.0859]], device='cuda:0')
2101 tensor([[ 0.0463,  0.0620],
        [ 0.0521,  0.0862],
        [-0.0616, -0.0503],
        [-0.0800, -0.0857]], device='cuda:0')
2102 tensor([[ 0.0462,  0.0620],
        [ 0.0521,  0.0861],
        [-0.0616, -0.0502],
        [-0.0799, -0.0856]], device='cuda:0')
2103 tensor([[ 0.0462,  0.0619],
        [ 0.0521,  0.0860],
        [-0.0616, -0.0502],
        [-0.0799, -0.0855]], device='cuda:0')
2104 tensor([[ 0.0462,  0.0619],
        [ 0.0520,  0.0859],
        [-0.0615, -0.0501],
        [-0.0799, -0.0854]], device='cuda:0')
2105 tensor([[ 0.0461,  0.0618],
        [ 0.0520,  0.0857],
        [-0.0615, -0.0500],
        [-0.0798, -0.0852]], device='cuda:0')
2106 tensor([[ 0.0461,  0.0618],
        [ 0.0519,  0.0856],
        [-0.0615, -0.0500],
        [-0.0798, -0.0851]], device='cuda:0')
2107 tensor([[ 0.0461,  0.0618],
        [ 0.0519,  0.0855],
        [-0.0615, -0.0500],
        [-0.0798, -0.0850]], device='cuda:0')
2108 tensor([[ 0.0460,  0.0617],
        [ 0.0518,  0.0854],
        [-0.0614, -0.0499],
        [-0.0797, -0.0849]], device='cuda:0')
2109 tensor([[ 0.0460,  0.0616],
        [ 0.0518,  0.0853],
        [-0.0614, -0.0498],
        [-0.0797, -0.0847]], device='cuda:0')
2110 tensor([[ 0.0459,  0.0616],
        [ 0.0517,  0.0852],
        [-0.0614, -0.0497],
        [-0.0796, -0.0846]], device='cuda:0')
2111 tensor([[ 0.0459,  0.0615],
        [ 0.0517,  0.0851],
        [-0.0613, -0.0496],
        [-0.0796, -0.0845]], device='cuda:0')
2112 tensor([[ 0.0459,  0.0614],
        [ 0.0517,  0.0849],
        [-0.0613, -0.0495],
        [-0.0796, -0.0844]], device='cuda:0')
2113 tensor([[ 0.0458,  0.0613],
        [ 0.0516,  0.0848],
        [-0.0613, -0.0494],
        [-0.0795, -0.0843]], device='cuda:0')
2114 tensor([[ 0.0458,  0.0612],
        [ 0.0516,  0.0847],
        [-0.0613, -0.0493],
        [-0.0795, -0.0842]], device='cuda:0')
2115 tensor([[ 0.0458,  0.0612],
        [ 0.0515,  0.0846],
        [-0.0612, -0.0493],
        [-0.0795, -0.0840]], device='cuda:0')
2116 tensor([[ 0.0457,  0.0611],
        [ 0.0515,  0.0845],
        [-0.0612, -0.0492],
        [-0.0794, -0.0839]], device='cuda:0')
2117 tensor([[ 0.0457,  0.0610],
        [ 0.0514,  0.0844],
        [-0.0612, -0.0491],
        [-0.0794, -0.0838]], device='cuda:0')
2118 tensor([[ 0.0457,  0.0609],
        [ 0.0514,  0.0843],
        [-0.0611, -0.0490],
        [-0.0794, -0.0837]], device='cuda:0')
2119 tensor([[ 0.0456,  0.0608],
        [ 0.0514,  0.0842],
        [-0.0611, -0.0489],
        [-0.0793, -0.0836]], device='cuda:0')
2120 tensor([[ 0.0456,  0.0608],
        [ 0.0513,  0.0841],
        [-0.0611, -0.0488],
        [-0.0793, -0.0835]], device='cuda:0')
2121 tensor([[ 0.0456,  0.0607],
        [ 0.0513,  0.0840],
        [-0.0611, -0.0488],
        [-0.0793, -0.0834]], device='cuda:0')
2122 tensor([[ 0.0455,  0.0606],
        [ 0.0512,  0.0839],
        [-0.0610, -0.0487],
        [-0.0792, -0.0832]], device='cuda:0')
2123 tensor([[ 0.0455,  0.0605],
        [ 0.0512,  0.0837],
        [-0.0610, -0.0486],
        [-0.0792, -0.0831]], device='cuda:0')
2124 tensor([[ 0.0454,  0.0605],
        [ 0.0513,  0.0836],
        [-0.0609, -0.0485],
        [-0.0792, -0.0830]], device='cuda:0')
2125 tensor([[ 0.0454,  0.0604],
        [ 0.0513,  0.0835],
        [-0.0608, -0.0485],
        [-0.0792, -0.0829]], device='cuda:0')
2126 tensor([[ 0.0453,  0.0603],
        [ 0.0513,  0.0834],
        [-0.0608, -0.0484],
        [-0.0792, -0.0828]], device='cuda:0')
2127 tensor([[ 0.0452,  0.0602],
        [ 0.0513,  0.0833],
        [-0.0607, -0.0483],
        [-0.0792, -0.0827]], device='cuda:0')
2128 tensor([[ 0.0452,  0.0602],
        [ 0.0513,  0.0832],
        [-0.0606, -0.0482],
        [-0.0792, -0.0826]], device='cuda:0')
2129 tensor([[ 0.0451,  0.0601],
        [ 0.0513,  0.0831],
        [-0.0606, -0.0482],
        [-0.0792, -0.0825]], device='cuda:0')
2130 tensor([[ 0.0451,  0.0600],
        [ 0.0513,  0.0830],
        [-0.0605, -0.0481],
        [-0.0792, -0.0824]], device='cuda:0')
2131 tensor([[ 0.0450,  0.0599],
        [ 0.0513,  0.0829],
        [-0.0604, -0.0480],
        [-0.0792, -0.0823]], device='cuda:0')
2132 tensor([[ 0.0449,  0.0598],
        [ 0.0513,  0.0828],
        [-0.0604, -0.0480],
        [-0.0792, -0.0822]], device='cuda:0')
2133 tensor([[ 0.0449,  0.0598],
        [ 0.0513,  0.0827],
        [-0.0603, -0.0479],
        [-0.0792, -0.0821]], device='cuda:0')
2134 tensor([[ 0.0448,  0.0597],
        [ 0.0513,  0.0825],
        [-0.0602, -0.0478],
        [-0.0792, -0.0820]], device='cuda:0')
2135 tensor([[ 0.0448,  0.0596],
        [ 0.0513,  0.0824],
        [-0.0602, -0.0478],
        [-0.0792, -0.0819]], device='cuda:0')
2136 tensor([[ 0.0447,  0.0595],
        [ 0.0513,  0.0823],
        [-0.0601, -0.0477],
        [-0.0792, -0.0818]], device='cuda:0')
2137 tensor([[ 0.0446,  0.0595],
        [ 0.0513,  0.0822],
        [-0.0600, -0.0476],
        [-0.0792, -0.0817]], device='cuda:0')
2138 tensor([[ 0.0446,  0.0594],
        [ 0.0513,  0.0821],
        [-0.0599, -0.0475],
        [-0.0792, -0.0816]], device='cuda:0')
2139 tensor([[ 0.0445,  0.0593],
        [ 0.0513,  0.0820],
        [-0.0598, -0.0475],
        [-0.0792, -0.0815]], device='cuda:0')
2140 tensor([[ 0.0444,  0.0592],
        [ 0.0513,  0.0819],
        [-0.0597, -0.0474],
        [-0.0792, -0.0814]], device='cuda:0')
2141 tensor([[ 0.0443,  0.0592],
        [ 0.0513,  0.0818],
        [-0.0596, -0.0473],
        [-0.0792, -0.0813]], device='cuda:0')
2142 tensor([[ 0.0442,  0.0591],
        [ 0.0513,  0.0817],
        [-0.0595, -0.0473],
        [-0.0792, -0.0812]], device='cuda:0')
2143 tensor([[ 0.0441,  0.0590],
        [ 0.0513,  0.0816],
        [-0.0594, -0.0472],
        [-0.0792, -0.0811]], device='cuda:0')
2144 tensor([[ 0.0440,  0.0590],
        [ 0.0513,  0.0815],
        [-0.0593, -0.0471],
        [-0.0792, -0.0810]], device='cuda:0')
2145 tensor([[ 0.0439,  0.0589],
        [ 0.0513,  0.0814],
        [-0.0592, -0.0471],
        [-0.0792, -0.0809]], device='cuda:0')
2146 tensor([[ 0.0438,  0.0588],
        [ 0.0513,  0.0813],
        [-0.0591, -0.0470],
        [-0.0792, -0.0808]], device='cuda:0')
2147 tensor([[ 0.0437,  0.0587],
        [ 0.0513,  0.0812],
        [-0.0591, -0.0470],
        [-0.0792, -0.0808]], device='cuda:0')
2148 tensor([[ 0.0436,  0.0587],
        [ 0.0513,  0.0811],
        [-0.0590, -0.0469],
        [-0.0792, -0.0807]], device='cuda:0')
2149 tensor([[ 0.0436,  0.0586],
        [ 0.0513,  0.0810],
        [-0.0589, -0.0468],
        [-0.0792, -0.0806]], device='cuda:0')
2150 tensor([[ 0.0435,  0.0585],
        [ 0.0514,  0.0809],
        [-0.0588, -0.0468],
        [-0.0792, -0.0805]], device='cuda:0')
2151 tensor([[ 0.0434,  0.0585],
        [ 0.0514,  0.0808],
        [-0.0587, -0.0467],
        [-0.0792, -0.0804]], device='cuda:0')
2152 tensor([[ 0.0433,  0.0584],
        [ 0.0514,  0.0807],
        [-0.0586, -0.0466],
        [-0.0792, -0.0803]], device='cuda:0')
2153 tensor([[ 0.0432,  0.0583],
        [ 0.0514,  0.0806],
        [-0.0585, -0.0465],
        [-0.0792, -0.0802]], device='cuda:0')
2154 tensor([[ 0.0431,  0.0582],
        [ 0.0514,  0.0805],
        [-0.0584, -0.0464],
        [-0.0792, -0.0800]], device='cuda:0')
2155 tensor([[ 0.0430,  0.0581],
        [ 0.0514,  0.0804],
        [-0.0583, -0.0463],
        [-0.0792, -0.0799]], device='cuda:0')
2156 tensor([[ 0.0429,  0.0580],
        [ 0.0514,  0.0803],
        [-0.0582, -0.0462],
        [-0.0792, -0.0798]], device='cuda:0')
2157 tensor([[ 0.0428,  0.0579],
        [ 0.0514,  0.0801],
        [-0.0582, -0.0461],
        [-0.0792, -0.0796]], device='cuda:0')
2158 tensor([[ 0.0427,  0.0578],
        [ 0.0514,  0.0800],
        [-0.0581, -0.0460],
        [-0.0792, -0.0795]], device='cuda:0')
2159 tensor([[ 0.0426,  0.0577],
        [ 0.0514,  0.0799],
        [-0.0580, -0.0459],
        [-0.0792, -0.0794]], device='cuda:0')
2160 tensor([[ 0.0426,  0.0576],
        [ 0.0514,  0.0798],
        [-0.0579, -0.0458],
        [-0.0792, -0.0792]], device='cuda:0')
2161 tensor([[ 0.0425,  0.0576],
        [ 0.0514,  0.0796],
        [-0.0578, -0.0457],
        [-0.0792, -0.0791]], device='cuda:0')
2162 tensor([[ 0.0424,  0.0575],
        [ 0.0514,  0.0795],
        [-0.0577, -0.0456],
        [-0.0792, -0.0790]], device='cuda:0')
2163 tensor([[ 0.0423,  0.0574],
        [ 0.0513,  0.0794],
        [-0.0577, -0.0455],
        [-0.0792, -0.0789]], device='cuda:0')
2164 tensor([[ 0.0422,  0.0573],
        [ 0.0513,  0.0793],
        [-0.0576, -0.0454],
        [-0.0792, -0.0787]], device='cuda:0')
2165 tensor([[ 0.0421,  0.0572],
        [ 0.0513,  0.0792],
        [-0.0575, -0.0453],
        [-0.0792, -0.0786]], device='cuda:0')
2166 tensor([[ 0.0420,  0.0571],
        [ 0.0513,  0.0790],
        [-0.0574, -0.0452],
        [-0.0792, -0.0785]], device='cuda:0')
2167 tensor([[ 0.0419,  0.0570],
        [ 0.0513,  0.0789],
        [-0.0573, -0.0451],
        [-0.0792, -0.0784]], device='cuda:0')
2168 tensor([[ 0.0419,  0.0569],
        [ 0.0513,  0.0788],
        [-0.0572, -0.0450],
        [-0.0792, -0.0782]], device='cuda:0')
2169 tensor([[ 0.0417,  0.0568],
        [ 0.0514,  0.0787],
        [-0.0571, -0.0449],
        [-0.0792, -0.0781]], device='cuda:0')
2170 tensor([[ 0.0416,  0.0567],
        [ 0.0514,  0.0785],
        [-0.0570, -0.0448],
        [-0.0792, -0.0780]], device='cuda:0')
2171 tensor([[ 0.0415,  0.0566],
        [ 0.0514,  0.0784],
        [-0.0568, -0.0448],
        [-0.0792, -0.0779]], device='cuda:0')
2172 tensor([[ 0.0414,  0.0565],
        [ 0.0514,  0.0783],
        [-0.0567, -0.0447],
        [-0.0792, -0.0778]], device='cuda:0')
2173 tensor([[ 0.0413,  0.0564],
        [ 0.0514,  0.0782],
        [-0.0566, -0.0446],
        [-0.0792, -0.0777]], device='cuda:0')
2174 tensor([[ 0.0412,  0.0563],
        [ 0.0514,  0.0781],
        [-0.0565, -0.0445],
        [-0.0792, -0.0776]], device='cuda:0')
2175 tensor([[ 0.0410,  0.0562],
        [ 0.0514,  0.0779],
        [-0.0564, -0.0444],
        [-0.0792, -0.0774]], device='cuda:0')
2176 tensor([[ 0.0409,  0.0561],
        [ 0.0514,  0.0778],
        [-0.0562, -0.0443],
        [-0.0792, -0.0773]], device='cuda:0')
2177 tensor([[ 0.0408,  0.0560],
        [ 0.0514,  0.0777],
        [-0.0561, -0.0442],
        [-0.0792, -0.0772]], device='cuda:0')
2178 tensor([[ 0.0407,  0.0560],
        [ 0.0514,  0.0776],
        [-0.0560, -0.0441],
        [-0.0792, -0.0771]], device='cuda:0')
2179 tensor([[ 0.0406,  0.0559],
        [ 0.0514,  0.0775],
        [-0.0559, -0.0441],
        [-0.0792, -0.0770]], device='cuda:0')
2180 tensor([[ 0.0405,  0.0558],
        [ 0.0514,  0.0774],
        [-0.0558, -0.0440],
        [-0.0792, -0.0769]], device='cuda:0')
2181 tensor([[ 0.0404,  0.0557],
        [ 0.0514,  0.0772],
        [-0.0557, -0.0439],
        [-0.0792, -0.0768]], device='cuda:0')
2182 tensor([[ 0.0403,  0.0556],
        [ 0.0514,  0.0771],
        [-0.0556, -0.0438],
        [-0.0793, -0.0767]], device='cuda:0')
2183 tensor([[ 0.0402,  0.0555],
        [ 0.0514,  0.0770],
        [-0.0554, -0.0437],
        [-0.0792, -0.0766]], device='cuda:0')
2184 tensor([[ 0.0400,  0.0554],
        [ 0.0514,  0.0769],
        [-0.0553, -0.0436],
        [-0.0792, -0.0764]], device='cuda:0')
2185 tensor([[ 0.0399,  0.0553],
        [ 0.0514,  0.0768],
        [-0.0551, -0.0435],
        [-0.0791, -0.0763]], device='cuda:0')
2186 tensor([[ 0.0397,  0.0552],
        [ 0.0513,  0.0767],
        [-0.0550, -0.0435],
        [-0.0791, -0.0762]], device='cuda:0')
2187 tensor([[ 0.0396,  0.0552],
        [ 0.0513,  0.0766],
        [-0.0548, -0.0434],
        [-0.0791, -0.0761]], device='cuda:0')
2188 tensor([[ 0.0394,  0.0551],
        [ 0.0513,  0.0765],
        [-0.0547, -0.0433],
        [-0.0790, -0.0760]], device='cuda:0')
2189 tensor([[ 0.0393,  0.0550],
        [ 0.0512,  0.0763],
        [-0.0545, -0.0432],
        [-0.0790, -0.0759]], device='cuda:0')
2190 tensor([[ 0.0392,  0.0549],
        [ 0.0512,  0.0762],
        [-0.0544, -0.0431],
        [-0.0790, -0.0758]], device='cuda:0')
2191 tensor([[ 0.0390,  0.0548],
        [ 0.0512,  0.0761],
        [-0.0542, -0.0431],
        [-0.0789, -0.0757]], device='cuda:0')
2192 tensor([[ 0.0389,  0.0547],
        [ 0.0511,  0.0760],
        [-0.0541, -0.0430],
        [-0.0789, -0.0756]], device='cuda:0')
2193 tensor([[ 0.0387,  0.0546],
        [ 0.0511,  0.0759],
        [-0.0539, -0.0429],
        [-0.0788, -0.0755]], device='cuda:0')
2194 tensor([[ 0.0386,  0.0546],
        [ 0.0511,  0.0758],
        [-0.0538, -0.0428],
        [-0.0788, -0.0754]], device='cuda:0')
2195 tensor([[ 0.0385,  0.0545],
        [ 0.0510,  0.0757],
        [-0.0537, -0.0428],
        [-0.0788, -0.0753]], device='cuda:0')
2196 tensor([[ 0.0383,  0.0544],
        [ 0.0510,  0.0756],
        [-0.0535, -0.0427],
        [-0.0787, -0.0752]], device='cuda:0')
2197 tensor([[ 0.0382,  0.0543],
        [ 0.0510,  0.0755],
        [-0.0534, -0.0426],
        [-0.0787, -0.0751]], device='cuda:0')
2198 tensor([[ 0.0381,  0.0542],
        [ 0.0510,  0.0754],
        [-0.0532, -0.0425],
        [-0.0787, -0.0750]], device='cuda:0')
2199 tensor([[ 0.0379,  0.0541],
        [ 0.0509,  0.0753],
        [-0.0530, -0.0424],
        [-0.0786, -0.0749]], device='cuda:0')
2200 tensor([[ 0.0377,  0.0541],
        [ 0.0509,  0.0752],
        [-0.0529, -0.0424],
        [-0.0785, -0.0748]], device='cuda:0')
2201 tensor([[ 0.0376,  0.0540],
        [ 0.0508,  0.0751],
        [-0.0527, -0.0423],
        [-0.0785, -0.0747]], device='cuda:0')
2202 tensor([[ 0.0374,  0.0539],
        [ 0.0507,  0.0750],
        [-0.0525, -0.0422],
        [-0.0784, -0.0746]], device='cuda:0')
2203 tensor([[ 0.0372,  0.0538],
        [ 0.0507,  0.0749],
        [-0.0524, -0.0421],
        [-0.0783, -0.0745]], device='cuda:0')
2204 tensor([[ 0.0371,  0.0537],
        [ 0.0506,  0.0748],
        [-0.0522, -0.0421],
        [-0.0783, -0.0744]], device='cuda:0')
2205 tensor([[ 0.0369,  0.0537],
        [ 0.0506,  0.0747],
        [-0.0520, -0.0420],
        [-0.0782, -0.0743]], device='cuda:0')
2206 tensor([[ 0.0367,  0.0536],
        [ 0.0505,  0.0746],
        [-0.0518, -0.0419],
        [-0.0781, -0.0742]], device='cuda:0')
2207 tensor([[ 0.0366,  0.0535],
        [ 0.0504,  0.0745],
        [-0.0517, -0.0418],
        [-0.0781, -0.0741]], device='cuda:0')
2208 tensor([[ 0.0364,  0.0534],
        [ 0.0504,  0.0744],
        [-0.0515, -0.0418],
        [-0.0780, -0.0740]], device='cuda:0')
2209 tensor([[ 0.0362,  0.0533],
        [ 0.0503,  0.0743],
        [-0.0514, -0.0417],
        [-0.0779, -0.0740]], device='cuda:0')
2210 tensor([[ 0.0361,  0.0533],
        [ 0.0503,  0.0742],
        [-0.0512, -0.0416],
        [-0.0779, -0.0739]], device='cuda:0')
2211 tensor([[ 0.0359,  0.0532],
        [ 0.0502,  0.0741],
        [-0.0510, -0.0416],
        [-0.0778, -0.0738]], device='cuda:0')
2212 tensor([[ 0.0358,  0.0531],
        [ 0.0502,  0.0740],
        [-0.0509, -0.0415],
        [-0.0778, -0.0737]], device='cuda:0')
2213 tensor([[ 0.0356,  0.0530],
        [ 0.0501,  0.0739],
        [-0.0507, -0.0414],
        [-0.0777, -0.0736]], device='cuda:0')
2214 tensor([[ 0.0354,  0.0530],
        [ 0.0501,  0.0738],
        [-0.0505, -0.0413],
        [-0.0776, -0.0735]], device='cuda:0')
2215 tensor([[ 0.0352,  0.0529],
        [ 0.0500,  0.0737],
        [-0.0503, -0.0413],
        [-0.0775, -0.0734]], device='cuda:0')
2216 tensor([[ 0.0350,  0.0528],
        [ 0.0499,  0.0736],
        [-0.0501, -0.0412],
        [-0.0775, -0.0733]], device='cuda:0')
2217 tensor([[ 0.0349,  0.0527],
        [ 0.0498,  0.0735],
        [-0.0499, -0.0411],
        [-0.0774, -0.0732]], device='cuda:0')
2218 tensor([[ 0.0347,  0.0527],
        [ 0.0498,  0.0734],
        [-0.0497, -0.0411],
        [-0.0773, -0.0731]], device='cuda:0')
2219 tensor([[ 0.0345,  0.0526],
        [ 0.0497,  0.0733],
        [-0.0495, -0.0410],
        [-0.0772, -0.0731]], device='cuda:0')
2220 tensor([[ 0.0343,  0.0525],
        [ 0.0496,  0.0732],
        [-0.0493, -0.0409],
        [-0.0771, -0.0730]], device='cuda:0')
2221 tensor([[ 0.0341,  0.0524],
        [ 0.0495,  0.0731],
        [-0.0491, -0.0409],
        [-0.0770, -0.0729]], device='cuda:0')
2222 tensor([[ 0.0339,  0.0524],
        [ 0.0495,  0.0730],
        [-0.0489, -0.0408],
        [-0.0770, -0.0728]], device='cuda:0')
2223 tensor([[ 0.0337,  0.0523],
        [ 0.0494,  0.0729],
        [-0.0487, -0.0407],
        [-0.0769, -0.0727]], device='cuda:0')
2224 tensor([[ 0.0335,  0.0522],
        [ 0.0493,  0.0728],
        [-0.0486, -0.0407],
        [-0.0768, -0.0726]], device='cuda:0')
2225 tensor([[ 0.0334,  0.0522],
        [ 0.0492,  0.0728],
        [-0.0484, -0.0406],
        [-0.0768, -0.0725]], device='cuda:0')
2226 tensor([[ 0.0332,  0.0521],
        [ 0.0491,  0.0727],
        [-0.0482, -0.0405],
        [-0.0767, -0.0724]], device='cuda:0')
2227 tensor([[ 0.0330,  0.0520],
        [ 0.0491,  0.0726],
        [-0.0480, -0.0405],
        [-0.0766, -0.0724]], device='cuda:0')
2228 tensor([[ 0.0328,  0.0519],
        [ 0.0490,  0.0725],
        [-0.0478, -0.0404],
        [-0.0766, -0.0723]], device='cuda:0')
2229 tensor([[ 0.0326,  0.0518],
        [ 0.0489,  0.0724],
        [-0.0477, -0.0403],
        [-0.0765, -0.0721]], device='cuda:0')
2230 tensor([[ 0.0325,  0.0517],
        [ 0.0488,  0.0723],
        [-0.0475, -0.0402],
        [-0.0764, -0.0720]], device='cuda:0')
2231 tensor([[ 0.0323,  0.0516],
        [ 0.0488,  0.0723],
        [-0.0473, -0.0400],
        [-0.0764, -0.0719]], device='cuda:0')
2232 tensor([[ 0.0321,  0.0515],
        [ 0.0487,  0.0722],
        [-0.0471, -0.0399],
        [-0.0763, -0.0718]], device='cuda:0')
2233 tensor([[ 0.0319,  0.0514],
        [ 0.0486,  0.0721],
        [-0.0470, -0.0398],
        [-0.0762, -0.0717]], device='cuda:0')
2234 tensor([[ 0.0317,  0.0513],
        [ 0.0485,  0.0720],
        [-0.0468, -0.0397],
        [-0.0762, -0.0716]], device='cuda:0')
2235 tensor([[ 0.0316,  0.0513],
        [ 0.0485,  0.0719],
        [-0.0466, -0.0396],
        [-0.0761, -0.0715]], device='cuda:0')
2236 tensor([[ 0.0314,  0.0512],
        [ 0.0484,  0.0718],
        [-0.0465, -0.0395],
        [-0.0760, -0.0714]], device='cuda:0')
2237 tensor([[ 0.0312,  0.0511],
        [ 0.0483,  0.0717],
        [-0.0463, -0.0394],
        [-0.0760, -0.0713]], device='cuda:0')
2238 tensor([[ 0.0310,  0.0510],
        [ 0.0482,  0.0716],
        [-0.0461, -0.0393],
        [-0.0759, -0.0712]], device='cuda:0')
2239 tensor([[ 0.0309,  0.0509],
        [ 0.0482,  0.0715],
        [-0.0460, -0.0392],
        [-0.0758, -0.0711]], device='cuda:0')
2240 tensor([[ 0.0307,  0.0508],
        [ 0.0481,  0.0714],
        [-0.0458, -0.0391],
        [-0.0758, -0.0710]], device='cuda:0')
2241 tensor([[ 0.0305,  0.0507],
        [ 0.0480,  0.0713],
        [-0.0456, -0.0390],
        [-0.0757, -0.0709]], device='cuda:0')
2242 tensor([[ 0.0304,  0.0506],
        [ 0.0479,  0.0712],
        [-0.0455, -0.0389],
        [-0.0757, -0.0708]], device='cuda:0')
2243 tensor([[ 0.0302,  0.0505],
        [ 0.0479,  0.0711],
        [-0.0453, -0.0388],
        [-0.0756, -0.0707]], device='cuda:0')
2244 tensor([[ 0.0300,  0.0504],
        [ 0.0478,  0.0710],
        [-0.0452, -0.0387],
        [-0.0755, -0.0706]], device='cuda:0')
2245 tensor([[ 0.0298,  0.0503],
        [ 0.0477,  0.0710],
        [-0.0450, -0.0385],
        [-0.0755, -0.0705]], device='cuda:0')
2246 tensor([[ 0.0297,  0.0502],
        [ 0.0477,  0.0709],
        [-0.0448, -0.0384],
        [-0.0754, -0.0703]], device='cuda:0')
2247 tensor([[ 0.0295,  0.0500],
        [ 0.0476,  0.0708],
        [-0.0447, -0.0383],
        [-0.0754, -0.0702]], device='cuda:0')
2248 tensor([[ 0.0293,  0.0499],
        [ 0.0475,  0.0707],
        [-0.0445, -0.0381],
        [-0.0753, -0.0701]], device='cuda:0')
2249 tensor([[ 0.0292,  0.0498],
        [ 0.0474,  0.0706],
        [-0.0444, -0.0380],
        [-0.0752, -0.0700]], device='cuda:0')
2250 tensor([[ 0.0290,  0.0497],
        [ 0.0474,  0.0704],
        [-0.0442, -0.0379],
        [-0.0752, -0.0699]], device='cuda:0')
2251 tensor([[ 0.0289,  0.0496],
        [ 0.0473,  0.0703],
        [-0.0441, -0.0378],
        [-0.0751, -0.0698]], device='cuda:0')
2252 tensor([[ 0.0287,  0.0494],
        [ 0.0472,  0.0702],
        [-0.0439, -0.0376],
        [-0.0751, -0.0697]], device='cuda:0')
2253 tensor([[ 0.0285,  0.0493],
        [ 0.0472,  0.0701],
        [-0.0438, -0.0375],
        [-0.0750, -0.0695]], device='cuda:0')
2254 tensor([[ 0.0284,  0.0492],
        [ 0.0471,  0.0700],
        [-0.0436, -0.0374],
        [-0.0750, -0.0694]], device='cuda:0')
2255 tensor([[ 0.0282,  0.0491],
        [ 0.0470,  0.0699],
        [-0.0435, -0.0373],
        [-0.0749, -0.0693]], device='cuda:0')
2256 tensor([[ 0.0281,  0.0490],
        [ 0.0470,  0.0698],
        [-0.0433, -0.0372],
        [-0.0748, -0.0692]], device='cuda:0')
2257 tensor([[ 0.0279,  0.0489],
        [ 0.0469,  0.0697],
        [-0.0432, -0.0370],
        [-0.0748, -0.0691]], device='cuda:0')
2258 tensor([[ 0.0277,  0.0488],
        [ 0.0468,  0.0696],
        [-0.0430, -0.0369],
        [-0.0747, -0.0690]], device='cuda:0')
2259 tensor([[ 0.0276,  0.0486],
        [ 0.0468,  0.0695],
        [-0.0429, -0.0367],
        [-0.0747, -0.0689]], device='cuda:0')
2260 tensor([[ 0.0274,  0.0485],
        [ 0.0467,  0.0694],
        [-0.0427, -0.0366],
        [-0.0746, -0.0687]], device='cuda:0')
2261 tensor([[ 0.0273,  0.0484],
        [ 0.0466,  0.0693],
        [-0.0426, -0.0364],
        [-0.0746, -0.0686]], device='cuda:0')
2262 tensor([[ 0.0271,  0.0482],
        [ 0.0466,  0.0692],
        [-0.0424, -0.0363],
        [-0.0745, -0.0685]], device='cuda:0')
2263 tensor([[ 0.0270,  0.0481],
        [ 0.0465,  0.0691],
        [-0.0423, -0.0361],
        [-0.0745, -0.0683]], device='cuda:0')
2264 tensor([[ 0.0268,  0.0479],
        [ 0.0464,  0.0690],
        [-0.0421, -0.0360],
        [-0.0744, -0.0682]], device='cuda:0')
2265 tensor([[ 0.0267,  0.0478],
        [ 0.0464,  0.0688],
        [-0.0420, -0.0359],
        [-0.0744, -0.0681]], device='cuda:0')
2266 tensor([[ 0.0265,  0.0477],
        [ 0.0463,  0.0687],
        [-0.0419, -0.0357],
        [-0.0743, -0.0679]], device='cuda:0')
2267 tensor([[ 0.0264,  0.0475],
        [ 0.0462,  0.0686],
        [-0.0417, -0.0356],
        [-0.0743, -0.0678]], device='cuda:0')
2268 tensor([[ 0.0262,  0.0474],
        [ 0.0462,  0.0685],
        [-0.0416, -0.0354],
        [-0.0742, -0.0677]], device='cuda:0')
2269 tensor([[ 0.0261,  0.0472],
        [ 0.0461,  0.0684],
        [-0.0414, -0.0353],
        [-0.0741, -0.0676]], device='cuda:0')
2270 tensor([[ 0.0259,  0.0471],
        [ 0.0460,  0.0682],
        [-0.0413, -0.0351],
        [-0.0741, -0.0674]], device='cuda:0')
2271 tensor([[ 0.0258,  0.0470],
        [ 0.0460,  0.0681],
        [-0.0412, -0.0350],
        [-0.0740, -0.0673]], device='cuda:0')
2272 tensor([[ 0.0256,  0.0468],
        [ 0.0459,  0.0680],
        [-0.0410, -0.0349],
        [-0.0740, -0.0672]], device='cuda:0')
2273 tensor([[ 0.0255,  0.0467],
        [ 0.0459,  0.0679],
        [-0.0409, -0.0348],
        [-0.0739, -0.0671]], device='cuda:0')
2274 tensor([[ 0.0254,  0.0466],
        [ 0.0458,  0.0678],
        [-0.0407, -0.0346],
        [-0.0738, -0.0670]], device='cuda:0')
2275 tensor([[ 0.0252,  0.0464],
        [ 0.0457,  0.0677],
        [-0.0405, -0.0345],
        [-0.0737, -0.0669]], device='cuda:0')
2276 tensor([[ 0.0251,  0.0463],
        [ 0.0456,  0.0675],
        [-0.0404, -0.0344],
        [-0.0736, -0.0667]], device='cuda:0')
2277 tensor([[ 0.0249,  0.0462],
        [ 0.0456,  0.0674],
        [-0.0402, -0.0342],
        [-0.0736, -0.0666]], device='cuda:0')
2278 tensor([[ 0.0248,  0.0460],
        [ 0.0455,  0.0673],
        [-0.0400, -0.0341],
        [-0.0735, -0.0665]], device='cuda:0')
2279 tensor([[ 0.0246,  0.0459],
        [ 0.0454,  0.0672],
        [-0.0399, -0.0340],
        [-0.0734, -0.0664]], device='cuda:0')
2280 tensor([[ 0.0244,  0.0458],
        [ 0.0453,  0.0671],
        [-0.0397, -0.0339],
        [-0.0733, -0.0663]], device='cuda:0')
2281 tensor([[ 0.0243,  0.0456],
        [ 0.0452,  0.0670],
        [-0.0395, -0.0337],
        [-0.0732, -0.0662]], device='cuda:0')
2282 tensor([[ 0.0241,  0.0455],
        [ 0.0451,  0.0669],
        [-0.0394, -0.0336],
        [-0.0731, -0.0661]], device='cuda:0')
2283 tensor([[ 0.0240,  0.0454],
        [ 0.0451,  0.0667],
        [-0.0392, -0.0335],
        [-0.0730, -0.0660]], device='cuda:0')
2284 tensor([[ 0.0238,  0.0453],
        [ 0.0450,  0.0666],
        [-0.0391, -0.0334],
        [-0.0730, -0.0659]], device='cuda:0')
2285 tensor([[ 0.0237,  0.0451],
        [ 0.0449,  0.0665],
        [-0.0389, -0.0332],
        [-0.0729, -0.0658]], device='cuda:0')
2286 tensor([[ 0.0235,  0.0450],
        [ 0.0448,  0.0664],
        [-0.0388, -0.0331],
        [-0.0728, -0.0656]], device='cuda:0')
2287 tensor([[ 0.0233,  0.0449],
        [ 0.0447,  0.0663],
        [-0.0386, -0.0330],
        [-0.0727, -0.0655]], device='cuda:0')
2288 tensor([[ 0.0232,  0.0447],
        [ 0.0447,  0.0662],
        [-0.0384, -0.0329],
        [-0.0726, -0.0654]], device='cuda:0')
2289 tensor([[ 0.0231,  0.0446],
        [ 0.0446,  0.0661],
        [-0.0382, -0.0328],
        [-0.0725, -0.0653]], device='cuda:0')
2290 tensor([[ 0.0229,  0.0445],
        [ 0.0445,  0.0660],
        [-0.0381, -0.0327],
        [-0.0724, -0.0652]], device='cuda:0')
2291 tensor([[ 0.0227,  0.0444],
        [ 0.0444,  0.0659],
        [-0.0379, -0.0325],
        [-0.0723, -0.0651]], device='cuda:0')
2292 tensor([[ 0.0226,  0.0442],
        [ 0.0443,  0.0657],
        [-0.0377, -0.0324],
        [-0.0722, -0.0650]], device='cuda:0')
2293 tensor([[ 0.0224,  0.0441],
        [ 0.0442,  0.0656],
        [-0.0375, -0.0323],
        [-0.0721, -0.0649]], device='cuda:0')
2294 tensor([[ 0.0222,  0.0440],
        [ 0.0441,  0.0655],
        [-0.0374, -0.0322],
        [-0.0720, -0.0648]], device='cuda:0')
2295 tensor([[ 0.0221,  0.0439],
        [ 0.0440,  0.0654],
        [-0.0372, -0.0321],
        [-0.0719, -0.0647]], device='cuda:0')
2296 tensor([[ 0.0219,  0.0438],
        [ 0.0439,  0.0653],
        [-0.0370, -0.0320],
        [-0.0718, -0.0646]], device='cuda:0')
2297 tensor([[ 0.0217,  0.0436],
        [ 0.0438,  0.0652],
        [-0.0368, -0.0319],
        [-0.0717, -0.0645]], device='cuda:0')
2298 tensor([[ 0.0216,  0.0435],
        [ 0.0437,  0.0651],
        [-0.0367, -0.0317],
        [-0.0716, -0.0644]], device='cuda:0')
2299 tensor([[ 0.0214,  0.0434],
        [ 0.0436,  0.0650],
        [-0.0365, -0.0316],
        [-0.0715, -0.0643]], device='cuda:0')
2300 tensor([[ 0.0212,  0.0433],
        [ 0.0435,  0.0649],
        [-0.0363, -0.0315],
        [-0.0714, -0.0642]], device='cuda:0')
2301 tensor([[ 0.0211,  0.0432],
        [ 0.0434,  0.0648],
        [-0.0362, -0.0314],
        [-0.0713, -0.0641]], device='cuda:0')
2302 tensor([[ 0.0209,  0.0430],
        [ 0.0433,  0.0647],
        [-0.0360, -0.0313],
        [-0.0712, -0.0640]], device='cuda:0')
2303 tensor([[ 0.0207,  0.0429],
        [ 0.0432,  0.0646],
        [-0.0359, -0.0312],
        [-0.0712, -0.0639]], device='cuda:0')
2304 tensor([[ 0.0206,  0.0428],
        [ 0.0431,  0.0645],
        [-0.0357, -0.0310],
        [-0.0711, -0.0638]], device='cuda:0')
2305 tensor([[ 0.0204,  0.0427],
        [ 0.0430,  0.0644],
        [-0.0356, -0.0309],
        [-0.0710, -0.0637]], device='cuda:0')
2306 tensor([[ 0.0203,  0.0426],
        [ 0.0429,  0.0643],
        [-0.0354, -0.0307],
        [-0.0709, -0.0635]], device='cuda:0')
2307 tensor([[ 0.0201,  0.0424],
        [ 0.0428,  0.0642],
        [-0.0352, -0.0306],
        [-0.0708, -0.0634]], device='cuda:0')
2308 tensor([[ 0.0199,  0.0423],
        [ 0.0428,  0.0641],
        [-0.0351, -0.0305],
        [-0.0707, -0.0633]], device='cuda:0')
2309 tensor([[ 0.0198,  0.0422],
        [ 0.0427,  0.0640],
        [-0.0349, -0.0303],
        [-0.0706, -0.0632]], device='cuda:0')
2310 tensor([[ 0.0196,  0.0421],
        [ 0.0426,  0.0639],
        [-0.0348, -0.0302],
        [-0.0706, -0.0630]], device='cuda:0')
2311 tensor([[ 0.0194,  0.0419],
        [ 0.0425,  0.0638],
        [-0.0346, -0.0300],
        [-0.0705, -0.0629]], device='cuda:0')
2312 tensor([[ 0.0193,  0.0418],
        [ 0.0424,  0.0636],
        [-0.0345, -0.0299],
        [-0.0704, -0.0628]], device='cuda:0')
2313 tensor([[ 0.0191,  0.0417],
        [ 0.0423,  0.0635],
        [-0.0343, -0.0298],
        [-0.0703, -0.0627]], device='cuda:0')
2314 tensor([[ 0.0190,  0.0415],
        [ 0.0422,  0.0634],
        [-0.0342, -0.0296],
        [-0.0702, -0.0626]], device='cuda:0')
2315 tensor([[ 0.0188,  0.0414],
        [ 0.0421,  0.0633],
        [-0.0340, -0.0295],
        [-0.0701, -0.0625]], device='cuda:0')
2316 tensor([[ 0.0187,  0.0413],
        [ 0.0420,  0.0632],
        [-0.0339, -0.0294],
        [-0.0701, -0.0623]], device='cuda:0')
2317 tensor([[ 0.0185,  0.0411],
        [ 0.0419,  0.0631],
        [-0.0337, -0.0293],
        [-0.0700, -0.0622]], device='cuda:0')
2318 tensor([[ 0.0184,  0.0410],
        [ 0.0418,  0.0630],
        [-0.0336, -0.0291],
        [-0.0699, -0.0621]], device='cuda:0')
2319 tensor([[ 0.0182,  0.0409],
        [ 0.0417,  0.0629],
        [-0.0335, -0.0290],
        [-0.0698, -0.0620]], device='cuda:0')
2320 tensor([[ 0.0181,  0.0408],
        [ 0.0416,  0.0628],
        [-0.0333, -0.0288],
        [-0.0697, -0.0618]], device='cuda:0')
2321 tensor([[ 0.0179,  0.0406],
        [ 0.0415,  0.0627],
        [-0.0332, -0.0287],
        [-0.0697, -0.0617]], device='cuda:0')
2322 tensor([[ 0.0178,  0.0405],
        [ 0.0415,  0.0625],
        [-0.0330, -0.0285],
        [-0.0696, -0.0615]], device='cuda:0')
2323 tensor([[ 0.0176,  0.0404],
        [ 0.0414,  0.0624],
        [-0.0329, -0.0284],
        [-0.0695, -0.0614]], device='cuda:0')
2324 tensor([[ 0.0175,  0.0402],
        [ 0.0413,  0.0623],
        [-0.0328, -0.0282],
        [-0.0694, -0.0613]], device='cuda:0')
2325 tensor([[ 0.0173,  0.0401],
        [ 0.0412,  0.0622],
        [-0.0326, -0.0281],
        [-0.0694, -0.0611]], device='cuda:0')
2326 tensor([[ 0.0172,  0.0399],
        [ 0.0411,  0.0620],
        [-0.0325, -0.0279],
        [-0.0693, -0.0610]], device='cuda:0')
2327 tensor([[ 0.0170,  0.0398],
        [ 0.0410,  0.0619],
        [-0.0323, -0.0278],
        [-0.0692, -0.0609]], device='cuda:0')
2328 tensor([[ 0.0169,  0.0396],
        [ 0.0409,  0.0618],
        [-0.0322, -0.0276],
        [-0.0691, -0.0607]], device='cuda:0')
2329 tensor([[ 0.0167,  0.0395],
        [ 0.0408,  0.0617],
        [-0.0321, -0.0275],
        [-0.0691, -0.0606]], device='cuda:0')
2330 tensor([[ 0.0166,  0.0394],
        [ 0.0408,  0.0615],
        [-0.0319, -0.0273],
        [-0.0690, -0.0605]], device='cuda:0')
2331 tensor([[ 0.0164,  0.0392],
        [ 0.0407,  0.0614],
        [-0.0318, -0.0272],
        [-0.0689, -0.0604]], device='cuda:0')
2332 tensor([[ 0.0163,  0.0391],
        [ 0.0406,  0.0613],
        [-0.0317, -0.0271],
        [-0.0688, -0.0602]], device='cuda:0')
2333 tensor([[ 0.0162,  0.0390],
        [ 0.0405,  0.0612],
        [-0.0315, -0.0269],
        [-0.0688, -0.0601]], device='cuda:0')
2334 tensor([[ 0.0160,  0.0388],
        [ 0.0404,  0.0611],
        [-0.0314, -0.0267],
        [-0.0687, -0.0599]], device='cuda:0')
2335 tensor([[ 0.0159,  0.0387],
        [ 0.0403,  0.0610],
        [-0.0313, -0.0266],
        [-0.0686, -0.0598]], device='cuda:0')
2336 tensor([[ 0.0157,  0.0386],
        [ 0.0402,  0.0608],
        [-0.0311, -0.0264],
        [-0.0685, -0.0596]], device='cuda:0')
2337 tensor([[ 0.0156,  0.0384],
        [ 0.0402,  0.0607],
        [-0.0310, -0.0263],
        [-0.0685, -0.0595]], device='cuda:0')
2338 tensor([[ 0.0155,  0.0383],
        [ 0.0401,  0.0605],
        [-0.0309, -0.0261],
        [-0.0684, -0.0593]], device='cuda:0')
2339 tensor([[ 0.0153,  0.0381],
        [ 0.0400,  0.0604],
        [-0.0308, -0.0260],
        [-0.0683, -0.0592]], device='cuda:0')
