19867 0
19867 1
19867 2
19867 3
19867 5
19881 1
19882 0
19882 2
19882 5
19883 3
19895 1
19897 0
19897 2
19897 4
19899 3
19911 1
19912 0
19912 2
19912 4
19913 3
19927 0
19927 1
19927 2
19927 3
19927 4
19941 3
19942 0
19942 2
19942 5
19943 1
19957 0
19957 1
19957 2
19957 3
19957 4
19971 3
19972 0
19972 2
19972 5
19973 1
19987 0
19987 1
19987 2
19987 3
19987 4
20001 3
20002 0
20002 2
20002 5
20003 1
20017 0
20017 1
20017 2
20017 3
20017 5
20031 1
20032 0
20032 2
20032 5
20033 3
20045 1
20047 0
20047 2
20047 4
20049 3
20061 1
20062 0
20062 2
20062 4
20063 3
20077 0
20077 1
20077 2
20077 3
20077 4
20091 3
20092 0
20092 2
20092 5
20093 1
20107 0
20107 1
20107 2
20107 3
20107 5
20121 1
20122 0
20122 2
20122 4
20123 3
20137 0
20137 1
20137 2
20137 3
20137 5
20151 1
20152 0
20152 2
20152 5
20153 3
20165 1
20167 0
20167 2
20167 5
20169 3
20179 1
20182 0
20182 2
20182 5
20185 3
20193 1
20197 0
20197 2
20197 5
20201 3
20207 1
20211 0
20212 4
20213 2
20217 3
20223 1
20226 0
20227 5
20228 2
20231 3
20237 1
20240 0
20242 4
20244 2
20247 3
20253 1
20255 0
20257 5
20259 2
20261 3
20267 1
20269 0
20272 4
20275 2
20277 3
20282 1
20284 0
20287 4
20290 2
20292 3
20298 0
20298 1
20299 4
20302 4
20306 2
20306 3
