75202 0
75202 1
75202 2
75202 3
75202 4
75216 3
75217 0
75217 2
75217 5
75218 1
75231 2
75232 1
75232 3
75232 5
75233 0
75246 1
75246 2
75247 4
75248 0
75248 3
75262 0
75262 1
75262 2
75262 3
75262 5
75276 1
75277 0
75277 2
75277 4
75278 3
75292 0
75292 1
75292 2
75292 3
75292 5
75306 1
75307 0
75307 2
75307 4
75308 3
75322 0
75322 1
75322 2
75322 3
75322 5
75336 1
75337 0
75337 2
75337 4
75338 3
75352 0
75352 1
75352 2
75352 3
75352 4
75366 3
75367 0
75367 2
75367 5
75368 1
75382 0
75382 1
75382 2
75382 3
75382 4
75396 3
75397 0
75397 2
75397 4
75397 5
75398 1
75410 3
75411 2
75411 5
75412 5
75413 0
75414 1
75426 2
75426 3
75427 5
75428 0
75428 1
75441 2
75442 1
75442 3
75442 5
75443 0
75456 1
75456 2
75457 5
75458 0
75458 3
75470 1
75471 2
75471 4
75472 4
75473 0
75474 3
75486 2
75487 1
75487 3
75487 4
75487 5
75488 0
75501 2
75501 3
75502 5
75503 0
75503 1
75516 2
75517 1
75517 3
75517 5
75518 0
75531 1
75531 2
75532 5
75533 0
75533 3
75545 1
75546 2
75546 4
75547 4
75548 0
75549 3
75561 1
75562 0
75562 2
75562 4
75562 5
75563 3
75575 1
75576 4
75577 0
75577 2
75577 4
75579 3
75591 1
75592 0
75592 2
75592 4
75592 5
75593 3
75605 1
75606 4
75607 0
75607 2
75607 4
75609 3
75621 1
75622 0
75622 2
75622 4
75622 5
75623 3
75635 1
75636 0
75636 4
75637 4
75638 2
75639 3
75651 0
75651 1
75652 4
75653 2
75653 3
75666 0
75667 1
75667 3
75667 5
75668 2
75681 0
75681 1
75682 4
75682 5
75683 2
75683 3
75694 1
75695 4
75696 0
75697 4
75698 2
75700 3
75701 5
75710 1
75711 0
75711 4
75712 5
75713 2
75714 3
75724 1
75725 4
75726 0
75727 4
75728 2
75730 3
75731 5
75740 0
75740 1
75741 4
75742 4
75744 2
75744 3
75745 5
75755 0
75756 1
75757 4
75757 5
75758 3
75759 2
75770 0
75770 1
75771 4
75772 4
75774 2
75774 3
75775 5
75785 0
75786 1
75787 4
75788 3
75789 2
75790 5
75800 0
75802 1
75802 3
75802 4
75804 2
75815 0
75816 3
75817 4
75818 1
75819 2
75830 0
75830 3
75832 4
75834 1
75834 2
75845 0
75845 3
75847 5
75849 1
75849 2
75860 0
75861 3
75862 4
75863 1
75864 2
75875 0
75875 3
75877 4
75879 1
75879 2
75889 3
75890 5
75891 0
75892 5
75893 2
75895 1
75905 3
75906 0
75906 5
75907 4
75908 2
75909 1
75919 3
75920 5
75921 0
75922 4
75923 2
75925 1
75933 3
75934 5
75936 0
75937 5
75938 2
75941 1
75949 3
75950 5
75952 0
75952 2
75952 4
75955 1
75963 3
75964 5
75967 0
75967 2
75967 5
75971 1
75979 3
75980 5
75982 0
75982 2
75982 4
75985 1
75993 3
75994 5
75996 2
75997 4
75998 0
76001 1
76002 4
76007 3
76008 5
76011 2
76012 5
76013 0
76017 1
76018 4
76023 3
76024 5
76026 2
76027 4
76028 0
76031 1
76032 4
76037 3
76038 5
76040 2
76042 5
76044 0
76047 1
76048 4
76053 3
76054 5
76055 2
76057 5
76059 0
76061 1
76062 4
76069 2
76069 3
76070 5
76072 4
76075 0
76075 1
76076 4
76083 3
76084 2
76084 5
76087 5
76090 0
76091 1
76092 4
76098 3
76099 2
76099 5
76102 5
76105 0
76106 1
76107 4
76113 2
76114 3
76115 5
76117 5
76120 1
76121 0
76122 4
